0.91000
0.77000
0.92000
0.86000
0.89000
0.95000
0.26000
0.95000
0.81000
0.93000
0.89000
0.94000
0.91000
0.88000
0.62000
0.93000
0.87000
0.61000
0.77000
0.93000
0.86000
0.83000
0.91000
0.86000
0.95000
0.84000
0.95000
0.89000
0.94000
0.84000
0.84000
0.95000
0.93000
0.96000
0.91000
0.94000
0.97000
0.94000
0.96000
0.93000
0.94000
0.94000
0.97000
0.41000
0.95000
0.97000
0.98000
0.97000
0.96000
0.98000
0.96000
0.95000
0.98000
0.87000
0.96000
0.97000
0.97000
0.98000
0.97000
0.91000
0.95000
0.95000
0.90000
0.94000
0.93000
0.95000
0.95000
0.96000
0.85000
0.82000
0.91000
0.97000
0.91000
0.87000
0.85000
0.94000
0.88000
0.71000
0.44000
0.85000
0.87000
0.87000
0.50000
0.73000
0.93000
0.57000
0.70000
0.82000
0.52000
0.77000
0.84000
0.46000
0.91000
0.93000
0.46000
0.50000
0.45000
0.98000
0.96000
0.98000
0.90000
0.95000
0.97000
0.98000
0.95000
0.98000
0.99000
0.90000
0.67000
0.58000
0.86000
0.82000
0.93000
0.33000
0.79000
0.82000
0.90000
0.76000
0.96000
0.82000
0.90000
0.75000
0.91000
0.78000
0.87000
0.89000
0.91000
0.95000
0.88000
0.90000
0.78000
0.90000
0.95000
0.94000
0.95000
0.93000
0.95000
0.91000
0.90000
0.98000
0.97000
0.94000
0.97000
0.95000
0.97000
0.20000
0.95000
0.98000
0.97000
0.67000
0.77000
0.91000
0.93000
0.86000
0.83000
0.83000
0.86000
0.93000
0.93000
0.64000
0.90000
0.95000
0.86000
0.93000
0.94000
0.93000
0.98000
0.96000
0.82000
0.17000
0.78000
0.77000
0.86000
0.63000
0.91000
0.19000
0.88000
0.79000
0.53000
0.83000
0.87000
0.93000
0.92000
0.92000
0.95000
0.81000
0.88000
0.92000
0.92000
0.86000
0.93000
0.87000
0.82000
0.64000
0.95000
0.75000
0.95000
0.88000
0.72000
0.81000
0.85000
0.92000
0.87000
0.78000
0.87000
0.90000
0.66000
0.32000
0.88000
0.96000
0.91000
0.96000
0.94000
0.96000
0.91000
0.92000
0.91000
0.91000
0.87000
0.96000
0.98000
0.97000
0.99000
0.97000
0.97000
0.97000
0.99000
0.90000
0.94000
0.91000
0.84000
0.72000
0.83000
0.88000
0.88000
0.95000
0.75000
0.89000
0.92000
0.84000
0.91000
0.93000
0.85000
0.94000
0.90000
0.90000
0.17000
0.97000
0.50000
0.47000
0.28000
0.42000
0.39000
0.72000
0.29000
0.02000
0.41000
0.62000
0.08000
0.43000
0.77000
0.12000
0.19000
0.15000
0.31000
0.30000
0.14000
0.33000
0.59000
0.35000
0.46000
0.79000
0.53000
0.87000
0.47000
0.91000
0.73000
0.23000
0.69000
0.65000
0.83000
0.84000
0.80000
0.77000
0.70000
0.90000
0.56000
0.83000
0.89000
0.43000
0.88000
0.92000
0.72000
0.95000
0.77000
0.86000
0.97000
0.91000
0.86000
0.93000
0.87000
0.94000
0.97000
0.94000
0.96000
0.27000
0.75000
0.99000
0.94000
0.63000
0.97000
0.95000
0.91000
0.89000
0.97000
0.94000
0.94000
0.96000
0.90000
0.86000
0.91000
0.86000
0.89000
0.47000
0.95000
0.75000
0.80000
0.95000
0.80000
0.56000
0.87000
0.78000
0.86000
0.62000
0.25000
0.60000
0.78000
0.75000
0.66000
0.12000
0.79000
0.53000
0.83000
0.80000
0.72000
0.57000
0.70000
0.66000
0.82000
0.97000
0.87000
0.96000
0.93000
0.91000
0.91000
0.96000
0.97000
0.92000
0.83000
0.79000
0.23000
0.76000
0.91000
0.87000
0.92000
0.82000
0.86000
0.88000
0.94000
0.90000
0.98000
0.96000
0.87000
0.98000
0.96000
0.97000
0.94000
0.97000
0.81000
0.70000
0.79000
0.95000
0.86000
0.92000
0.35000
0.71000
0.74000
0.80000
0.90000
0.97000
0.97000
0.98000
0.97000
0.94000
0.96000
0.98000
0.96000
0.96000
0.87000
0.87000
0.78000
0.90000
0.73000
0.39000
0.81000
0.86000
0.36000
0.67000
0.92000
0.84000
0.87000
0.94000
0.88000
0.92000
0.92000
0.87000
0.91000
0.33000
0.96000
0.90000
0.90000
0.98000
0.93000
0.97000
0.96000
0.98000
0.93000
0.97000
0.97000
0.97000
0.95000
0.87000
0.96000
0.97000
0.96000
0.85000
0.95000
0.86000
0.65000
0.75000
0.47000
0.79000
0.52000
0.47000
0.44000
0.88000
0.85000
0.68000
0.88000
0.93000
0.95000
0.87000
0.94000
0.89000
0.89000
0.90000
0.91000
0.75000
0.71000
0.72000
0.88000
0.58000
0.71000
0.81000
0.77000
0.75000
0.85000
0.71000
0.84000
0.84000
0.80000
0.84000
0.78000
0.40000
0.87000
0.69000
0.86000
0.68000
0.34000
0.66000
0.26000
0.21000
0.50000
0.60000
0.15000
0.42000
0.55000
0.22000
0.24000
0.41000
0.58000
0.43000
0.48000
0.24000
0.53000
0.28000
0.45000
0.45000
0.88000
0.95000
0.83000
0.81000
0.54000
0.80000
0.90000
0.88000
0.83000
0.83000
0.73000
0.87000
0.94000
0.84000
0.88000
0.83000
0.93000
0.86000
0.88000
0.93000
0.95000
0.90000
0.44000
0.88000
0.79000
0.88000
0.76000
0.89000
0.34000
0.42000
0.62000
0.61000
0.35000
0.65000
0.44000
0.56000
0.54000
0.49000
0.79000
0.81000
0.61000
0.78000
0.43000
0.81000
0.43000
0.63000
0.34000
0.45000
0.73000
0.72000
0.85000
0.87000
0.72000
0.91000
0.79000
0.93000
0.17000
0.72000
0.90000
0.92000
0.87000
0.52000
0.95000
0.94000
0.71000
0.86000
0.83000
0.86000
0.97000
0.79000
0.95000
0.91000
0.92000
0.90000
0.94000
0.96000
0.96000
0.94000
0.78000
0.90000
0.68000
0.85000
0.87000
0.78000
0.68000
0.77000
0.91000
0.92000
0.95000
0.74000
0.92000
0.77000
0.84000
0.90000
0.20000
0.87000
0.89000
0.95000
0.93000
0.79000
0.87000
0.15000
0.89000
0.80000
0.81000
0.77000
0.90000
0.75000
0.39000
0.88000
0.86000
0.94000
0.71000
0.95000
0.80000
0.81000
0.13000
0.69000
0.88000
0.17000
0.63000
0.90000
0.57000
0.92000
0.89000
0.45000
0.81000
0.78000
0.59000
0.62000
0.51000
0.89000
0.41000
0.14000
0.89000
0.74000
0.85000
0.81000
0.73000
0.87000
0.88000
0.85000
0.75000
0.29000
0.94000
0.90000
0.86000
0.81000
0.12000
0.98000
0.93000
0.97000
0.97000
0.98000
0.93000
0.97000
0.95000
0.96000
0.95000
0.95000
0.96000
0.97000
0.91000
0.97000
0.95000
0.89000
0.98000
0.98000
0.96000
0.76000
0.97000
0.98000
0.97000
0.97000
0.98000
0.98000
0.97000
0.98000
0.98000
0.97000
0.97000
0.85000
0.96000
0.92000
0.93000
0.91000
0.93000
0.96000
0.90000
0.94000
0.81000
0.90000
0.94000
0.85000
0.79000
0.61000
0.83000
0.88000
0.78000
0.38000
0.65000
0.40000
0.72000
0.07000
0.90000
0.76000
0.48000
0.60000
0.81000
0.87000
0.90000
0.88000
0.91000
0.80000
0.07000
0.92000
0.84000
0.95000
0.93000
0.52000
0.44000
0.71000
0.84000
0.87000
0.48000
0.83000
0.34000
0.37000
0.30000
0.81000
0.27000
0.57000
0.69000
0.59000
0.81000
0.90000
0.87000
0.77000
0.79000
0.39000
0.49000
0.45000
0.62000
0.41000
0.62000
0.22000
0.66000
0.58000
0.96000
0.91000
0.95000
0.89000
0.95000
0.97000
0.87000
0.95000
0.97000
0.91000
0.39000
0.47000
0.63000
0.60000
0.48000
0.76000
0.56000
0.63000
0.65000
0.91000
0.27000
0.16000
0.11000
0.02000
0.18000
0.29000
0.20000
0.05000
0.05000
0.14000
0.81000
0.92000
0.77000
0.94000
0.92000
0.91000
0.98000
0.90000
0.85000
0.94000
0.29000
0.83000
0.84000
0.19000
0.92000
0.90000
0.63000
0.89000
0.82000
0.95000
0.74000
0.70000
0.73000
0.53000
0.32000
0.82000
0.61000
0.60000
0.81000
0.51000
0.82000
0.82000
0.62000
0.77000
0.48000
0.79000
0.69000
0.82000
0.83000
0.81000
0.57000
0.84000
0.73000
0.76000
0.68000
0.64000
0.52000
0.74000
0.53000
0.29000
0.68000
0.50000
0.03000
0.10000
0.48000
0.18000
0.57000
0.26000
0.43000
0.45000
0.86000
0.85000
0.88000
0.63000
0.80000
0.84000
0.81000
0.96000
0.92000
0.92000
0.95000
0.93000
0.95000
0.98000
0.25000
0.91000
0.93000
0.95000
0.97000
0.99000
0.81000
0.83000
0.79000
0.90000
0.74000
0.88000
0.85000
0.28000
0.86000
0.85000
0.28000
0.71000
0.40000
0.39000
0.73000
0.53000
0.70000
0.69000
0.44000
0.66000
0.83000
0.92000
0.39000
0.67000
0.47000
0.63000
0.67000
0.92000
0.51000
0.85000
0.58000
0.90000
0.58000
0.12000
0.75000
0.64000
0.55000
0.37000
0.78000
0.71000
0.93000
0.97000
0.95000
0.93000
0.95000
0.95000
0.90000
0.85000
0.83000
0.96000
0.48000
0.93000
0.90000
0.90000
0.90000
0.83000
0.88000
0.65000
0.93000
0.86000
0.94000
0.58000
0.92000
0.86000
0.85000
0.93000
0.92000
0.87000
0.91000
0.92000
0.97000
0.96000
0.77000
0.93000
0.80000
0.97000
0.95000
0.97000
0.95000
0.97000
0.62000
0.92000
0.90000
0.90000
0.90000
0.68000
0.93000
0.71000
0.88000
0.92000
0.95000
0.75000
0.94000
0.39000
0.73000
0.94000
0.68000
0.86000
0.90000
0.96000
0.81000
0.87000
0.74000
0.83000
0.92000
0.76000
0.87000
0.94000
0.78000
0.92000
0.72000
0.84000
0.92000
0.39000
0.75000
0.75000
0.90000
0.91000
0.87000
0.93000
0.91000
0.49000
0.86000
0.78000
0.31000
0.87000
0.77000
0.79000
0.84000
0.93000
0.90000
0.96000
0.94000
0.73000
0.92000
0.88000
0.96000
0.43000
0.93000
0.97000
0.82000
0.79000
0.97000
0.95000
0.96000
0.96000
0.93000
0.90000
0.87000
0.87000
0.86000
0.06000
0.48000
0.47000
0.51000
0.88000
0.45000
0.75000
0.74000
0.85000
0.50000
0.91000
0.88000
0.72000
0.83000
0.76000
0.84000
0.88000
0.96000
0.84000
0.29000
0.75000
0.61000
0.85000
0.74000
0.58000
0.82000
0.07000
0.75000
0.89000
0.87000
0.22000
0.82000
0.88000
0.89000
0.85000
0.90000
0.91000
0.87000
0.91000
0.88000
0.93000
0.94000
0.58000
0.93000
0.71000
0.89000
0.94000
0.93000
0.58000
0.94000
0.84000
0.95000
0.94000
0.93000
0.16000
0.82000
0.67000
0.38000
0.89000
0.85000
0.87000
0.82000
0.70000
0.62000
0.67000
0.62000
0.51000
0.83000
0.28000
0.84000
0.97000
0.52000
0.94000
0.69000
0.80000
0.80000
0.75000
0.29000
0.79000
0.84000
0.74000
0.23000
0.24000
0.73000
0.80000
0.62000
0.76000
0.73000
0.84000
0.72000
0.88000
0.74000
0.70000
0.89000
0.20000
0.32000
0.48000
0.93000
0.84000
0.86000
0.91000
0.93000
0.94000
0.69000
0.96000
0.97000
0.96000
0.94000
0.92000
0.91000
0.54000
0.89000
0.73000
0.59000
0.51000
0.68000
0.46000
0.45000
0.52000
0.48000
0.84000
0.96000
0.84000
0.88000
0.26000
0.87000
0.91000
0.84000
0.90000
0.92000
0.93000
0.87000
0.80000
0.89000
0.93000
0.84000
0.05000
0.86000
0.89000
0.87000
0.94000
0.96000
0.95000
0.93000
0.92000
0.97000
0.96000
0.92000
0.98000
0.96000
0.70000
0.61000
0.75000
0.59000
0.60000
0.82000
0.70000
0.66000
0.93000
0.86000
0.92000
0.38000
0.89000
0.87000
0.78000
0.90000
0.94000
0.76000
0.92000
0.88000
0.78000
0.56000
0.88000
0.47000
0.47000
0.77000
0.89000
0.37000
0.87000
0.77000
0.96000
0.97000
0.95000
0.96000
0.92000
0.97000
0.97000
0.98000
0.97000
0.96000
0.82000
0.47000
0.87000
0.90000
0.88000
0.89000
0.85000
0.80000
0.72000
0.83000
0.89000
0.75000
0.89000
0.86000
0.86000
0.90000
0.90000
0.93000
0.90000
0.83000
0.93000
0.83000
0.75000
0.83000
0.57000
0.90000
0.89000
0.92000
0.89000
0.88000
0.95000
0.96000
0.97000
0.96000
0.74000
0.93000
0.94000
0.91000
0.90000
0.32000
0.67000
0.27000
0.15000
0.16000
0.76000
0.58000
0.63000
0.79000
0.31000
0.67000
0.79000
0.55000
0.59000
0.52000
0.79000
0.52000
0.65000
0.76000
0.24000
0.68000
0.64000
0.55000
0.76000
0.76000
0.45000
0.80000
0.87000
0.67000
0.84000
0.80000
0.94000
0.96000
0.88000
0.96000
0.91000
0.61000
0.94000
0.14000
0.71000
0.78000
0.89000
0.91000
0.98000
0.85000
0.89000
0.89000
0.83000
0.93000
0.95000
0.87000
0.95000
0.98000
0.05000
0.95000
0.97000
0.94000
0.78000
0.97000
0.98000
0.93000
0.88000
0.86000
0.77000
0.68000
0.82000
0.81000
0.65000
0.65000
0.36000
0.27000
0.69000
0.78000
0.43000
0.85000
0.26000
0.54000
0.69000
0.80000
0.55000
0.62000
0.57000
0.77000
0.90000
0.85000
0.89000
0.90000
0.93000
0.68000
0.85000
0.09000
0.77000
0.94000
0.88000
0.78000
0.86000
0.87000
0.93000
0.93000
0.71000
0.95000
0.92000
0.89000
0.96000
0.93000
0.93000
0.92000
0.95000
0.76000
0.96000
0.55000
0.84000
0.93000
0.98000
0.82000
0.82000
0.91000
0.91000
0.95000
0.94000
0.91000
0.68000
0.64000
0.82000
0.08000
0.36000
0.62000
0.86000
0.78000
0.62000
0.90000
0.68000
0.73000
0.76000
0.84000
0.83000
0.56000
0.55000
0.69000
0.61000
0.18000
0.91000
0.74000
0.19000
0.88000
0.51000
0.80000
0.77000
0.94000
0.77000
0.92000
0.58000
0.86000
0.86000
0.92000
0.93000
0.92000
0.89000
0.95000
0.55000
0.89000
0.88000
0.84000
0.84000
0.94000
0.74000
0.88000
0.91000
0.89000
0.86000
0.92000
0.95000
0.91000
0.90000
0.73000
0.91000
0.50000
0.89000
0.91000
0.87000
0.90000
0.96000
0.92000
0.91000
0.97000
0.94000
0.92000
0.71000
0.95000
0.94000
0.95000
0.87000
0.79000
0.92000
0.91000
0.87000
0.26000
0.79000
0.95000
0.93000
0.80000
0.49000
0.05000
0.28000
0.64000
0.80000
0.53000
0.72000
0.86000
0.73000
0.63000
0.77000
0.94000
0.05000
0.95000
0.91000
0.90000
0.94000
0.89000
0.74000
0.62000
0.66000
0.74000
0.86000
0.78000
0.74000
0.91000
0.35000
0.61000
0.93000
0.75000
0.73000
0.90000
0.59000
0.84000
0.82000
0.87000
0.55000
0.93000
0.89000
0.90000
0.92000
0.90000
0.94000
0.97000
0.51000
0.91000
0.91000
0.87000
0.92000
0.93000
0.78000
0.88000
0.84000
0.81000
0.88000
0.86000
0.92000
0.90000
0.89000
0.87000
0.91000
0.95000
0.91000
0.93000
0.84000
0.93000
0.31000
0.95000
0.88000
0.83000
0.02325
0.00867
0.03110
0.01665
0.01669
0.00593
0.00476
0.16765
0.13196
0.01113
0.02934
0.07064
0.01898
0.16739
0.01446
0.30306
0.07583
0.02561
0.18636
0.01500
0.00409
0.00130
0.00048
0.11568
0.01975
0.01010
0.00082
0.00883
0.00145
0.00927
0.01519
0.01075
0.00133
0.00044
0.03029
0.00055
0.00284
0.00526
0.00244
0.00073
0.06862
0.01268
0.02640
0.00187
0.00264
0.00131
0.03655
0.00141
0.00811
0.00175
0.00386
0.00417
0.00702
0.02018
0.29913
0.00204
0.16726
0.00991
0.26356
0.01116
0.06217
0.09726
0.23427
0.02163
0.00661
0.00045
0.00075
0.00095
0.00156
0.01655
0.00258
0.00037
0.05942
0.28929
0.17721
0.06476
0.07455
0.11944
0.01143
0.03287
0.00551
0.25725
0.07791
0.04739
0.05476
0.03450
0.06587
0.19454
0.25481
0.04593
0.27285
0.27579
0.02423
0.01878
0.21807
0.45191
0.32213
0.01024
0.02514
0.00096
0.00607
0.00605
0.00091
0.00208
0.00205
0.00481
0.00336
0.44035
0.01816
0.00422
0.02677
0.00994
0.01961
0.07034
0.00613
0.01133
0.00892
0.03274
0.00893
0.11683
0.01812
0.32430
0.30107
0.11342
0.04399
0.02614
0.11192
0.02918
0.03545
0.00126
0.00298
0.00216
0.00370
0.00107
0.00333
0.00125
0.00072
0.00127
0.01681
0.02259
0.04404
0.01178
0.00586
0.48871
0.04924
0.10423
0.01344
0.01324
0.01238
0.34735
0.16470
0.06321
0.22779
0.10448
0.01719
0.00931
0.00758
0.00482
0.00262
0.00129
0.04454
0.00070
0.00140
0.04759
0.00191
0.00166
0.00090
0.00473
0.66071
0.24889
0.02931
0.01183
0.01357
0.01477
0.08566
0.01763
0.00385
0.01512
0.06908
0.00880
0.03653
0.04416
0.01981
0.02782
0.00295
0.01035
0.00983
0.00218
0.19149
0.11859
0.04995
0.01307
0.03671
0.08080
0.02348
0.08127
0.05327
0.18616
0.00134
0.00090
0.00105
0.00176
0.00301
0.00653
0.00436
0.00122
0.00397
0.04353
0.01107
0.00398
0.00124
0.00132
0.02296
0.00507
0.00552
0.00215
0.07800
0.00170
0.09162
0.01105
0.09561
0.00250
0.00335
0.09190
0.01155
0.00244
0.01858
0.03240
0.14175
0.01735
0.02946
0.01482
0.03172
0.29888
0.04707
0.05005
0.07997
0.26769
0.04888
0.08007
0.66732
0.05859
0.02357
0.03502
0.25582
0.12686
0.02026
0.22750
0.02037
0.01453
0.01745
0.01258
0.01968
0.04792
0.02876
0.09289
0.01418
0.03364
0.05020
0.31114
0.10562
0.05014
0.00720
0.08017
0.09041
0.01055
0.00981
0.05598
0.02181
0.01652
0.05078
0.06921
0.04322
0.02045
0.07208
0.07820
0.09975
0.10394
0.00166
0.00061
0.01481
0.00582
0.00160
0.00256
0.03012
0.00203
0.02117
0.00522
0.00338
0.00410
0.00814
0.00038
0.00161
0.00068
0.00208
0.00249
0.00093
0.00136
0.01041
0.00076
0.00052
0.00182
0.01407
0.00258
0.00530
0.00696
0.00348
0.00100
0.27124
0.03641
0.03800
0.01493
0.04088
0.06861
0.05237
0.25870
0.00618
0.00563
0.02720
0.02827
0.06095
0.01487
0.02453
0.11439
0.02303
0.00403
0.05738
0.08650
0.05179
0.07030
0.02302
0.09581
0.00770
0.07673
0.04262
0.05909
0.01863
0.02659
0.01269
0.01242
0.00403
0.02784
0.00183
0.00621
0.00074
0.00961
0.00177
0.00295
0.00878
0.00253
0.02592
0.00405
0.00770
0.04897
0.02006
0.22797
0.00178
0.00117
0.01128
0.00704
0.29893
0.00323
0.01719
0.14391
0.03941
0.01855
0.05653
0.02667
0.00687
0.47442
0.11974
0.43987
0.07302
0.06886
0.00523
0.02531
0.00281
0.00575
0.27015
0.65257
0.69379
0.32946
0.53068
0.15302
0.51417
0.39215
0.02933
0.37821
0.06803
0.00071
0.00406
0.00148
0.00476
0.00272
0.00571
0.00067
0.00961
0.10324
0.00663
0.01108
0.00552
0.01896
0.02180
0.01914
0.07915
0.07269
0.23425
0.02281
0.04699
0.10742
0.00964
0.02925
0.06831
0.04286
0.00784
0.07424
0.16638
0.09534
0.15857
0.00781
0.08860
0.00124
0.19327
0.00144
0.00931
0.00233
0.00582
0.00377
0.00316
0.26016
0.00732
0.05337
0.00207
0.00094
0.00459
0.03817
0.04017
0.01680
0.37190
0.02242
0.20378
0.21298
0.36894
0.33352
0.27494
0.03000
0.00851
0.07612
0.06004
0.01442
0.14705
0.04185
0.01489
0.05647
0.00418
0.00603
0.01635
0.02351
0.03920
0.00782
0.00446
0.09577
0.00427
0.01003
0.00238
0.00461
0.00120
0.00157
0.00251
0.03209
0.00191
0.00183
0.00397
0.01801
0.00235
0.00141
0.00260
0.00633
0.03542
0.03325
0.00231
0.03032
0.08439
0.00992
0.07581
0.00876
0.00861
0.00346
0.05758
0.07043
0.00168
0.00165
0.00476
0.06865
0.01327
0.01691
0.00729
0.06452
0.00156
0.00203
0.00215
0.01396
0.02482
0.00584
0.00561
0.00176
0.00277
0.02760
0.01067
0.00473
0.00205
0.03435
0.02859
0.01394
0.01846
0.04868
0.07373
0.10388
0.12238
0.01894
0.05572
0.00840
0.07439
0.01328
0.13798
0.05315
0.05874
0.03553
0.00809
0.12754
0.05734
0.01089
0.00979
0.00344
0.13133
0.00709
0.08689
0.07897
0.03848
0.07315
0.09593
0.05255
0.51332
0.28762
0.05439
0.33100
0.00142
0.00305
0.00508
0.00307
0.00398
0.75276
0.00194
0.01243
0.00982
0.00280
0.00813
0.02641
0.00082
0.01625
0.00791
0.00498
0.04930
0.00196
0.00216
0.00162
0.00551
0.05183
0.00218
0.24369
0.00238
0.03721
0.02520
0.00713
0.23813
0.00802
0.00607
0.03351
0.18251
0.22960
0.08336
0.15180
0.31310
0.31365
0.00496
0.02941
0.31820
0.10529
0.04277
0.16944
0.01952
0.23967
0.02948
0.02483
0.03788
0.00667
0.05701
0.10528
0.09516
0.11691
0.44390
0.52210
0.10902
0.03698
0.11698
0.08557
0.03110
0.25941
0.05447
0.02382
0.00677
0.00697
0.38233
0.03162
0.03378
0.03919
0.02246
0.82750
0.02738
0.05673
0.01095
0.00427
0.00491
0.02012
0.06963
0.01795
0.01471
0.28145
0.02982
0.08776
0.00873
0.29315
0.00635
0.01681
0.00626
0.00750
0.00088
0.00087
0.01115
0.00148
0.00430
0.04354
0.00240
0.00281
0.00701
0.00260
0.02413
0.02389
0.05236
0.01780
0.02674
0.01467
0.00400
0.20143
0.07044
0.00838
0.00232
0.00274
0.00239
0.00670
0.03477
0.00909
0.00638
0.00371
0.00131
0.00265
0.00973
0.13461
0.03607
0.00163
0.03173
0.05374
0.00603
0.03445
0.02627
0.02573
0.01310
0.03908
0.02809
0.18378
0.01621
0.06843
0.03840
0.06794
0.05334
0.02520
0.00251
0.00384
0.04548
0.01827
0.06207
0.00316
0.02446
0.00774
0.05001
0.01491
0.00972
0.00556
0.00213
0.01035
0.06394
0.07006
0.00188
0.02879
0.01866
0.00760
0.00630
0.00117
0.00182
0.00824
0.02019
0.00184
0.01062
0.00185
0.02079
0.03962
0.26315
0.03679
0.01354
0.03513
0.01644
0.05259
0.24461
0.04578
0.08522
0.09407
0.26969
0.07066
0.03263
0.11313
0.05070
0.13636
0.28008
0.06647
0.15007
0.06787
0.37214
0.19557
0.22501
0.18920
0.11024
0.09050
0.30608
0.09175
0.01600
0.17353
0.03575
0.03306
0.40075
0.27300
0.01062
0.05280
0.29169
0.05409
0.01389
0.00215
0.02008
0.16820
0.01309
0.04118
0.04662
0.05944
0.22933
0.15082
0.00259
0.52113
0.00411
0.01313
0.01302
0.00386
0.01133
0.03906
0.01592
0.00987
0.01982
0.00726
0.76398
0.05137
0.03987
0.00723
0.81413
0.05532
0.40075
0.00969
0.03198
0.00372
0.07329
0.02404
0.05422
0.02289
0.00909
0.20027
0.39776
0.01939
0.06654
0.08744
0.30758
0.56970
0.38733
0.40007
0.31847
0.34417
0.28019
0.47267
0.24019
0.43134
0.00846
0.00442
0.04959
0.01508
0.04899
0.02007
0.03488
0.01550
0.03222
0.00381
0.02159
0.06175
0.02860
0.00624
0.05989
0.00484
0.04859
0.02883
0.07718
0.00553
0.01307
0.04141
0.01895
0.01094
0.03194
0.00949
0.33924
0.05680
0.01973
0.05903
0.00779
0.06037
0.07621
0.16320
0.00825
0.58257
0.01533
0.00096
0.00497
0.00327
0.10700
0.07589
0.02044
0.18531
0.03931
0.01762
0.18490
0.06155
0.07062
0.03965
0.00247
0.00642
0.00165
0.00060
0.00230
0.00341
0.00441
0.02303
0.00254
0.00198
0.17589
0.02009
0.38480
0.00633
0.07561
0.29951
0.03855
0.03407
0.05798
0.11691
0.06068
0.00392
0.03144
0.86252
0.06528
0.00767
0.01581
0.01042
0.01890
0.00548
0.00157
0.00202
0.00309
0.00879
0.03454
0.00727
0.01509
0.00355
0.00211
0.00486
0.00253
0.01863
0.01376
0.00607
0.16310
0.01882
0.01483
0.02204
0.34482
0.02123
0.02648
0.00139
0.00281
0.00571
0.00075
0.00511
0.01352
0.00134
0.00116
0.00187
0.00700
0.12708
0.04702
0.01161
0.00864
0.03758
0.00728
0.00430
0.00475
0.01086
0.00315
0.00685
0.00525
0.00106
0.02109
0.01318
0.03227
0.11250
0.00386
0.00147
0.02596
0.01482
0.00169
0.00601
0.00200
0.00110
0.02156
0.00896
0.00971
0.04560
0.02345
0.03291
0.01716
0.04651
0.03290
0.06269
0.01412
0.09926
0.17377
0.02783
0.12140
0.01075
0.03820
0.03404
0.20036
0.06854
0.04219
0.34632
0.06397
0.18316
0.01237
0.07455
0.03899
0.05210
0.01904
0.01845
0.02463
0.00527
0.05586
0.26105
0.06669
0.00916
0.00894
0.04543
0.19709
0.22158
0.02227
0.03668
0.02253
0.00565
0.04267
0.01723
0.00564
0.00755
0.01943
0.32951
0.01286
0.12121
0.04338
0.00465
0.01075
0.00374
0.00107
0.00063
0.00323
0.00078
0.00047
0.00517
0.09425
0.12751
0.73545
0.29225
0.00538
0.10843
0.03715
0.02426
0.04105
0.02825
0.00522
0.00334
0.08828
0.00509
0.00177
0.00369
0.00085
0.00121
0.01178
0.00120
0.03329
0.03139
0.01151
0.00545
0.00531
0.00577
0.00346
0.17880
0.00517
0.00212
0.13840
0.00951
0.00623
0.06073
0.00271
0.01210
0.00250
0.00400
0.00318
0.01049
0.01046
0.00891
0.01790
0.02829
0.11500
0.17319
0.01225
0.02156
0.02268
0.00531
0.02595
0.58289
0.07949
0.32756
0.02819
0.33852
0.01699
0.03553
0.03669
0.17807
0.02104
0.02211
0.05080
0.00238
0.00535
0.03995
0.04215
0.01555
0.01172
0.24591
0.03187
0.00819
0.00560
0.24378
0.08166
0.21549
0.23610
0.03390
0.03581
0.16737
0.25432
0.08735
0.19390
0.03294
0.04899
0.10053
0.02522
0.00987
0.01293
0.01974
0.00608
0.01855
0.04629
0.02119
0.00248
0.00413
0.01520
0.03022
0.00995
0.01153
0.00689
0.00586
0.01461
0.00442
0.00180
0.00306
0.00252
0.00459
0.00161
0.00180
0.00190
0.00533
0.00394
0.00292
0.03348
0.00481
0.00158
0.00367
0.00719
0.04814
0.01225
0.00493
0.00961
0.08020
0.04385
0.00833
0.04400
0.07719
0.03339
0.02037
0.01610
0.08028
0.00935
0.03296
0.05811
0.04904
0.06035
0.03181
0.04626
0.02267
0.25964
0.01051
0.09355
0.00255
0.01938
0.00549
0.02360
0.02998
0.01779
0.04619
0.42880
0.01335
0.13958
0.00304
0.00574
0.00998
0.02150
0.01479
0.00566
0.15745
0.00284
0.00653
0.00137
0.09902
0.02018
0.00584
0.02342
0.01722
0.05042
0.00673
0.02646
0.01222
0.79810
0.02444
0.00960
0.00961
0.06852
0.00451
0.00787
0.01512
0.01257
0.01361
0.04281
0.01663
0.03643
0.01860
0.00759
0.05080
0.04959
0.04448
0.01044
0.00267
0.01281
0.01008
0.19424
0.03114
0.08438
0.01477
0.00969
0.14170
0.00637
0.03166
0.02476
0.09570
0.03004
0.00485
0.01352
0.00984
0.18300
0.01662
0.01422
0.00241
0.12573
0.00368
0.01702
0.00478
0.01564
0.12414
0.00426
0.02490
0.02760
0.20351
0.00248
0.33416
0.01049
0.06698
0.09626
0.04460
0.02390
0.01566
0.05509
0.01551
0.04895
0.08193
0.06113
0.27367
0.60447
0.07460
0.03670
0.02337
0.00835
0.01037
0.19225
0.00063
0.00443
0.01570
0.00223
0.00793
0.00219
0.02724
0.00581
0.05125
0.00385
0.00098
0.00568
0.00304
0.00224
0.02632
0.00070
0.01193
0.00088
0.00101
0.00100
0.00179
0.00232
0.02719
0.00513
0.00275
0.00279
0.00207
0.00100
0.02481
0.00217
0.00626
0.00481
0.01986
0.03984
0.00934
0.05755
0.02560
0.02671
0.00945
0.04598
0.03383
0.17095
0.13669
0.05101
0.04864
0.46651
0.04378
0.22123
0.00828
0.01499
0.00363
0.02174
0.16172
0.03223
0.10251
0.02308
0.03099
0.05071
0.55681
0.10821
0.30641
0.25473
0.58391
0.61970
0.63060
0.27459
0.33548
0.09751
0.02502
0.06297
0.01366
0.00142
0.00194
0.00292
0.00237
0.00158
0.00245
0.00188
0.00078
0.03862
0.04771
0.04174
0.09268
0.00454
0.02631
0.00879
0.40045
0.12926
0.03626
0.03208
0.01913
0.03991
0.23234
0.00516
0.00682
0.03498
0.00972
0.02259
0.01449
0.01602
0.00832
0.00549
0.01275
0.02617
0.01132
0.04225
0.02751
0.17683
0.00483
0.04154
0.87243
0.00762
0.00156
0.03666
0.03653
0.48800
0.15322
0.02716
0.18166
0.01552
0.00652
0.00332
0.00235
0.00136
0.00708
0.00659
0.01297
0.12903
0.02651
0.05123
0.03406
0.00126
0.00537
0.04245
0.01696
0.00152
0.00326
0.00202
0.05739
0.02246
0.00729
0.00428
0.00156
0.00356
0.00261
0.00969
0.00228
0.00136
0.02892
0.00049
0.01281
0.06489
0.15145
0.10309
0.30335
0.00464
0.03146
0.01689
0.35555
0.05314
0.26546
0.03982
0.02912
0.36571
0.01214
0.40307
0.01941
0.00526
0.01306
0.01814
0.02477
0.00253
0.00363
0.00242
0.00086
0.00458
0.00694
0.00123
0.00163
0.00727
0.65966
0.00393
0.58316
0.02673
0.09004
0.05040
0.28993
0.01463
0.01840
0.02231
0.11390
0.05046
0.05863
0.17889
0.07838
0.24379
0.04257
0.09333
0.38271
0.15836
0.70951
0.48402
0.22956
0.02167
0.03896
0.01673
0.58184
0.04114
0.02234
0.36250
0.00983
0.01377
0.16836
0.00703
0.01442
0.07437
0.00193
0.02808
0.01165
0.01313
0.01753
0.12698
0.06323
0.01339
0.00617
0.02584
0.25350
0.23218
0.02072
0.01148
0.00463
0.00178
0.00081
0.86179
0.00159
0.00868
0.07933
0.01842
0.00218
0.04507
0.12833
0.00662
0.18910
0.01271
0.08665
0.00253
0.01460
0.00844
0.00282
0.00436
0.01493
0.18543
0.00830
0.02810
0.01646
0.80372
0.10073
0.09119
0.00526
0.18980
