0.78972
0.79426
0.82002
0.76109
0.81738
0.80953
0.72696
0.81440
0.81077
0.80039
0.81647
0.78468
0.81398
0.82768
0.82705
0.78695
0.78917
0.81017
0.83055
0.81248
0.82147
0.77669
0.81138
0.80906
0.82149
0.83581
0.83287
0.83461
0.82903
0.82655
0.79800
0.80994
0.77494
0.82025
0.81548
0.79990
0.81094
0.79241
0.78932
0.81265
0.81297
0.80012
0.82072
0.78466
0.81103
0.81277
0.83366
0.82034
0.81944
0.82686
0.79463
0.82581
0.79995
0.81200
0.84628
0.83705
0.82830
0.82351
0.83593
0.83310
0.79717
0.84023
0.83325
0.80269
0.80932
0.80500
0.80757
0.81847
0.79913
0.79990
0.80653
0.79833
0.80967
0.78445
0.80482
0.79949
0.78749
0.73979
0.82097
0.77726
0.80436
0.81091
0.80973
0.80806
0.82347
0.82809
0.82055
0.82601
0.80317
0.81363
0.81297
0.79701
0.81915
0.82480
0.80880
0.78906
0.76085
0.81820
0.82730
0.80907
0.82849
0.81636
0.81727
0.80418
0.82751
0.82390
0.80393
0.81674
0.80723
0.79115
0.83322
0.81499
0.81641
0.79374
0.79939
0.81243
0.83151
0.81258
0.80851
0.75744
0.77242
0.81539
0.78670
0.77000
0.82584
0.82074
0.83492
0.82996
0.85297
0.82369
0.80436
0.80333
0.81688
0.80947
0.80420
0.81522
0.80356
0.80383
0.80625
0.81187
0.80292
0.80770
0.80877
0.82128
0.79936
0.75400
0.80594
0.81479
0.79922
0.78186
0.84345
0.81530
0.77370
0.81710
0.83478
0.79874
0.80178
0.80630
0.80592
0.79449
0.78617
0.79418
0.80756
0.79443
0.80307
0.80579
0.82729
0.80674
0.76931
0.78786
0.74036
0.77837
0.75088
0.80934
0.79764
0.78951
0.79350
0.72396
0.81829
0.81996
0.81999
0.80272
0.80846
0.79951
0.80064
0.80077
0.80772
0.81388
0.81834
0.80020
0.80126
0.73755
0.81735
0.82621
0.82291
0.79856
0.77605
0.80059
0.80283
0.76310
0.79313
0.81131
0.75502
0.78268
0.80498
0.81606
0.80324
0.83101
0.84548
0.78920
0.80168
0.81391
0.80352
0.81875
0.80320
0.81246
0.84297
0.80760
0.79776
0.81472
0.82604
0.83240
0.82443
0.80534
0.79940
0.82388
0.83677
0.83167
0.81952
0.77807
0.80288
0.79632
0.80119
0.80814
0.80130
0.79972
0.80753
0.82688
0.82537
0.83465
0.82265
0.80284
0.80518
0.83616
0.77193
0.80169
0.80684
0.80207
0.78428
0.81430
0.73576
0.75667
0.81834
0.77248
0.75233
0.71195
0.79079
0.83372
0.80041
0.78089
0.80867
0.80129
0.79022
0.79630
0.79539
0.80832
0.77950
0.80648
0.78756
0.80419
0.80984
0.80388
0.77478
0.81507
0.77561
0.82325
0.79768
0.79457
0.82711
0.81514
0.82643
0.84115
0.79314
0.82073
0.84244
0.81856
0.79671
0.81149
0.80092
0.78492
0.81036
0.82121
0.79062
0.82084
0.81108
0.79593
0.80757
0.80518
0.82185
0.81789
0.81674
0.80794
0.81232
0.84196
0.80519
0.82246
0.79123
0.82064
0.81699
0.83231
0.81681
0.81783
0.81950
0.77890
0.82304
0.76980
0.80604
0.80731
0.76649
0.76330
0.82820
0.81081
0.83712
0.72714
0.80455
0.81793
0.81740
0.81063
0.80005
0.80726
0.81945
0.78012
0.80154
0.78970
0.76668
0.79870
0.79791
0.78900
0.84541
0.79479
0.84431
0.83073
0.78605
0.82709
0.82509
0.83054
0.83473
0.80843
0.81898
0.82595
0.83088
0.81889
0.81996
0.82595
0.81709
0.86014
0.83614
0.82167
0.79946
0.80837
0.78513
0.76242
0.80396
0.80197
0.84237
0.78957
0.84205
0.83604
0.82518
0.82993
0.83968
0.83088
0.82584
0.82618
0.80411
0.83131
0.83033
0.82223
0.81645
0.78235
0.81779
0.82437
0.80899
0.79281
0.78574
0.82712
0.78096
0.83161
0.82434
0.82973
0.82752
0.82887
0.82794
0.79861
0.80753
0.79771
0.81269
0.82274
0.79295
0.75224
0.77885
0.79050
0.74532
0.74693
0.78661
0.82651
0.78627
0.79556
0.80802
0.84301
0.83221
0.81402
0.81193
0.81210
0.79920
0.81523
0.70947
0.78594
0.83796
0.81612
0.82457
0.81771
0.81149
0.81665
0.80277
0.80405
0.81991
0.79189
0.81408
0.82507
0.82705
0.82693
0.81476
0.81426
0.82935
0.81271
0.83397
0.83286
0.79240
0.80098
0.77833
0.79453
0.79282
0.79472
0.78143
0.81054
0.80804
0.78857
0.80009
0.79505
0.81678
0.81791
0.80158
0.81552
0.81863
0.79943
0.76721
0.83996
0.77937
0.81889
0.83407
0.82542
0.81146
0.80846
0.82339
0.81176
0.83447
0.81609
0.81104
0.80963
0.82004
0.83922
0.83318
0.79299
0.80318
0.80569
0.81980
0.81802
0.75708
0.81785
0.82230
0.76498
0.79671
0.79617
0.81010
0.79456
0.81953
0.78324
0.75535
0.80225
0.81218
0.78925
0.83372
0.74379
0.81261
0.81246
0.77762
0.82081
0.81229
0.81686
0.81703
0.83781
0.82652
0.81337
0.80933
0.78007
0.81013
0.82887
0.81890
0.81898
0.82019
0.82227
0.79732
0.79216
0.77887
0.78840
0.80894
0.80894
0.82114
0.78302
0.78822
0.80593
0.81091
0.79504
0.80061
0.72489
0.70600
0.82357
0.80397
0.83508
0.78478
0.84559
0.80460
0.79552
0.77389
0.80265
0.82457
0.79273
0.75265
0.78458
0.78087
0.80815
0.80427
0.84180
0.82289
0.72291
0.79910
0.81356
0.79918
0.82687
0.83727
0.80881
0.81473
0.83689
0.82142
0.82773
0.85227
0.83047
0.81607
0.81195
0.83213
0.82690
0.82126
0.80506
0.80167
0.81148
0.83860
0.79967
0.81505
0.83228
0.82110
0.81696
0.81687
0.83176
0.83131
0.78247
0.80234
0.84408
0.81966
0.72533
0.80979
0.79683
0.82296
0.78519
0.78846
0.77903
0.81917
0.85968
0.81433
0.81103
0.80979
0.81995
0.77943
0.76191
0.80625
0.75555
0.82035
0.78368
0.81041
0.74591
0.81028
0.76834
0.80241
0.82671
0.82928
0.79370
0.78817
0.74509
0.78966
0.79740
0.74235
0.80496
0.79801
0.76211
0.77500
0.72621
0.78963
0.77947
0.76734
0.75430
0.79626
0.83364
0.80557
0.80679
0.83002
0.78309
0.79276
0.76000
0.77936
0.79947
0.76504
0.74995
0.80659
0.82523
0.80341
0.79187
0.82395
0.82301
0.83203
0.82454
0.81968
0.81386
0.82846
0.82368
0.82332
0.81370
0.76527
0.81071
0.81440
0.81787
0.81529
0.80896
0.81160
0.78091
0.81511
0.80010
0.80809
0.80690
0.83117
0.81947
0.80476
0.78941
0.81024
0.81312
0.81993
0.81936
0.83301
0.82517
0.79842
0.82344
0.81305
0.84298
0.81750
0.81577
0.83061
0.82324
0.82171
0.80570
0.83553
0.84525
0.81997
0.81563
0.83720
0.81111
0.78896
0.82500
0.81290
0.81756
0.80718
0.79951
0.81492
0.81692
0.81418
0.82341
0.79873
0.80878
0.83526
0.80262
0.82745
0.76915
0.81927
0.76402
0.80114
0.80598
0.79324
0.75097
0.81445
0.80521
0.81184
0.80471
0.82304
0.81825
0.74181
0.80785
0.82370
0.81443
0.81603
0.81983
0.80917
0.80411
0.80971
0.81398
0.82167
0.78728
0.82340
0.80461
0.81212
0.80786
0.79538
0.81494
0.80392
0.81988
0.82835
0.83839
0.81105
0.81458
0.82371
0.78847
0.80429
0.80128
0.78084
0.76254
0.81571
0.78229
0.82816
0.80295
0.83687
0.82541
0.83453
0.83831
0.82661
0.81956
0.83008
0.83254
0.82957
0.82633
0.79288
0.83031
0.80054
0.81081
0.80993
0.80650
0.80790
0.81359
0.80596
0.84120
0.80621
0.79494
0.77971
0.78440
0.78518
0.79163
0.78069
0.74768
0.75972
0.79222
0.83202
0.84870
0.87869
0.83574
0.81513
0.84600
0.85135
0.79584
0.80889
0.79128
0.69670
0.78411
0.81307
0.75711
0.79904
0.81293
0.77333
0.82940
0.80469
0.85768
0.80774
0.73827
0.80333
0.79994
0.75073
0.76384
0.75844
0.82194
0.81511
0.77883
0.81837
0.80611
0.79267
0.80782
0.80121
0.80781
0.80419
0.79787
0.81055
0.81137
0.77770
0.81908
0.79957
0.80380
0.80936
0.81203
0.81621
0.79062
0.80832
0.80602
0.79848
0.81626
0.79861
0.81191
0.81386
0.79410
0.78741
0.80315
0.78638
0.77101
0.84224
0.84945
0.85798
0.84316
0.82208
0.82645
0.83700
0.81314
0.80774
0.82801
0.83757
0.82351
0.81524
0.83638
0.79664
0.82731
0.84856
0.83060
0.84671
0.80795
0.82097
0.79151
0.80744
0.80592
0.82267
0.82141
0.82834
0.81580
0.79696
0.81240
0.80196
0.78542
0.79374
0.79670
0.80252
0.79743
0.81336
0.80434
0.79174
0.81810
0.81795
0.80185
0.80164
0.80120
0.79195
0.79825
0.81931
0.79250
0.79575
0.81095
0.78332
0.79736
0.77336
0.75564
0.78256
0.78437
0.73156
0.77693
0.78988
0.75531
0.81593
0.82875
0.82749
0.83628
0.83307
0.81255
0.80503
0.83294
0.83356
0.80722
0.80368
0.81178
0.82580
0.83082
0.81173
0.78356
0.81698
0.83245
0.82997
0.81138
0.82281
0.80168
0.75373
0.83105
0.76946
0.75602
0.76260
0.73978
0.75913
0.76973
0.81549
0.81362
0.82230
0.80826
0.81768
0.81271
0.83235
0.82054
0.80625
0.80186
0.79078
0.81930
0.81017
0.81557
0.79667
0.79400
0.78060
0.81244
0.81979
0.82755
0.80418
0.79681
0.81448
0.80518
0.79726
0.79142
0.78786
0.80482
0.82668
0.80918
0.84885
0.78275
0.80909
0.80478
0.82253
0.82203
0.80612
0.78954
0.80650
0.79086
0.80625
0.81140
0.81896
0.74030
0.82530
0.79922
0.81292
0.81055
0.79852
0.79868
0.79102
0.77936
0.74537
0.81391
0.79162
0.77740
0.81801
0.76987
0.82298
0.83502
0.76719
0.82679
0.81799
0.77179
0.75151
0.74890
0.80763
0.76176
0.80511
0.79820
0.80456
0.80727
0.81276
0.80447
0.80667
0.81725
0.80521
0.78157
0.82874
0.79994
0.76275
0.73083
0.79286
0.81947
0.78600
0.82562
0.77456
0.80999
0.81117
0.76905
0.80717
0.80067
0.82055
0.81543
0.80709
0.78444
0.81963
0.80007
0.80591
0.81202
0.80252
0.79825
0.81925
0.79660
0.81200
0.80114
0.80872
0.80798
0.81095
0.80808
0.81759
0.78756
0.80528
0.82462
0.82124
0.81744
0.79578
0.82095
0.81977
0.75008
0.79688
0.79399
0.79489
0.75013
0.74511
0.81299
0.79708
0.80063
0.79049
0.81662
0.78729
0.80902
0.80048
0.82288
0.80360
0.76399
0.78220
0.78534
0.79029
0.79840
0.78094
0.80618
0.82537
0.80342
0.83364
0.82940
0.83311
0.84286
0.79912
0.79239
0.82063
0.82023
0.81485
0.83239
0.82844
0.81776
0.80504
0.79599
0.80770
0.82865
0.81109
0.78593
0.75498
0.78589
0.74746
0.75142
0.77085
0.74612
0.82040
0.82958
0.79285
0.79955
0.79932
0.80174
0.81087
0.81638
0.82008
0.79995
0.80600
0.80501
0.80113
0.81436
0.80590
0.79798
0.79566
0.80309
0.80845
0.81226
0.79076
0.83143
0.79080
0.78238
0.81702
0.76813
0.76255
0.78026
0.79792
0.76992
0.77046
0.75232
0.78809
0.81604
0.80974
0.81840
0.82190
0.77526
0.79155
0.80034
0.81607
0.81162
0.83192
0.79714
0.76932
0.72797
0.75223
0.74875
0.79794
0.77727
0.80087
0.80191
0.79424
0.80992
0.81435
0.80387
0.80426
0.81374
0.82690
0.82189
0.84887
0.79921
0.81788
0.81451
0.81559
0.80924
0.84085
0.81577
0.82457
0.85887
0.83901
0.84008
0.81380
0.80444
0.79820
0.78197
0.81186
0.80073
0.80077
0.81214
0.77591
0.81435
0.83851
0.81709
0.77977
0.77900
0.80241
0.80660
0.81293
0.79985
0.81348
0.80163
0.81226
0.80340
0.81578
0.81429
0.81781
0.82538
0.81339
0.81767
0.80954
0.80360
0.82507
0.81266
0.79723
0.74942
0.78804
0.80050
0.78594
0.80944
0.80946
0.76021
0.80338
0.81930
0.81605
0.80926
0.77287
0.77129
0.80608
0.78857
0.78975
0.80808
0.81263
0.78764
0.79303
0.79517
0.78573
0.85916
0.80235
0.76823
0.81271
0.73940
0.79549
0.75848
0.81833
0.79337
0.77896
0.81180
0.77178
0.80462
0.80747
0.75462
0.81312
0.74783
0.79865
0.79484
0.79571
0.80727
0.81803
0.75281
0.79482
0.78643
0.79754
0.78696
0.80383
0.83804
0.80804
0.80509
0.79999
0.81919
0.83110
0.80727
0.80348
0.80337
0.80508
0.82594
0.79546
0.78719
0.82434
0.82021
0.79499
0.79941
0.81907
0.80849
0.81365
0.83037
0.82229
0.79973
0.78206
0.81963
0.78290
0.82524
0.81841
0.82045
0.79232
0.83486
0.69513
0.82374
0.81307
0.79224
0.79652
0.79573
0.79001
0.83236
0.81686
0.75169
0.82393
0.79547
0.81693
0.79252
0.80931
0.82951
0.82073
0.76920
0.78341
0.81169
0.77873
0.82949
0.80773
0.79081
0.77796
0.76795
0.59325
0.73667
0.73687
0.73137
0.78927
0.70161
0.77213
0.74787
0.78726
0.81007
0.78292
0.79066
0.80556
0.82923
0.77647
0.81145
0.81172
0.80295
0.81432
0.79981
0.84154
0.83287
0.81754
0.81964
0.79509
0.80125
0.79044
0.80889
0.82005
0.84192
0.79544
0.75321
0.79323
0.76457
0.80090
0.82075
0.80470
0.78081
0.78618
0.80395
0.75255
0.81690
0.80037
0.81341
0.77076
0.85206
0.76252
0.80973
0.76355
0.79778
0.76710
0.80960
0.80572
0.81723
0.75597
0.79430
0.81486
0.78109
0.80781
0.79425
0.82869
0.80576
0.80655
0.80703
0.80680
0.81783
0.81640
0.78757
0.81587
0.77434
0.79345
0.80139
0.79393
0.79571
0.80803
0.80648
0.78858
0.82578
0.83204
0.81300
0.83167
0.83310
0.79885
0.80918
0.82255
0.80755
0.81998
0.82360
0.80509
0.82498
0.81839
0.84610
0.83433
0.82597
0.83484
0.82059
0.82589
0.82230
0.80477
0.83978
0.81179
0.81562
0.82047
0.81701
0.76976
0.83011
0.81856
0.85238
0.79635
0.79999
0.76797
0.83194
0.81711
0.82176
0.81603
0.82197
0.81839
0.80513
0.81193
0.80436
0.80056
0.78766
0.81157
0.82357
0.82189
0.81827
0.76163
0.82355
0.81404
0.83024
0.81648
0.83516
0.77659
0.79196
0.84021
0.75380
0.80481
0.81255
0.83138
0.84439
0.72215
0.82275
0.82871
0.77057
0.77920
0.79667
0.83262
0.79104
0.76935
0.79887
0.80767
0.80601
0.79949
0.80646
0.80387
0.77808
0.81165
0.71616
0.78051
0.75208
0.80409
0.83918
0.80086
0.84650
0.79678
0.81457
0.81625
0.83885
0.77424
0.83727
0.78881
0.81834
0.79277
0.80433
0.82744
0.79193
0.83756
0.80129
0.82084
0.80894
0.79694
0.79169
0.80134
0.83470
0.81326
0.79080
0.78887
0.82638
0.74843
0.81811
0.79731
0.82247
0.78831
0.82758
0.79465
0.80796
0.79477
0.68666
0.80727
0.76161
0.77325
0.63377
0.26600
0.41472
0.52138
0.26748
0.31182
0.39016
0.53017
0.47203
0.29008
0.51493
0.71949
0.45110
0.50619
0.31728
0.68336
0.74355
0.24556
0.59719
0.45177
0.35121
0.27105
0.32262
0.70026
0.72774
0.56329
0.51610
0.29194
0.49324
0.26854
0.53436
0.60706
0.30730
0.58399
0.66462
0.39333
0.32701
0.40686
0.31906
0.53413
0.53079
0.73044
0.74925
0.61856
0.52053
0.50459
0.72537
0.54159
0.46811
0.47217
0.46517
0.41380
0.26285
0.25952
0.38738
0.31032
0.36738
0.40057
0.44464
0.34895
0.34306
0.29432
0.74992
0.66493
0.45888
0.38098
0.48435
0.35525
0.44297
0.63424
0.44653
0.37686
0.71759
0.61339
0.59203
0.50029
0.48536
0.70471
0.34375
0.63774
0.32731
0.58816
0.28581
0.25670
0.74240
0.63459
0.28303
0.72258
0.27867
0.29749
0.40469
0.34050
0.60436
0.69954
0.40283
0.29079
0.27082
0.38716
0.69635
0.48606
0.37969
0.46577
0.41296
0.52087
0.43300
0.50819
0.54708
0.66244
0.26296
0.51207
0.46251
0.37817
0.26100
0.39882
0.39253
0.39461
0.25972
0.71314
0.41720
0.41923
0.32015
0.35584
0.73845
0.40736
0.36030
0.28328
0.32581
0.30197
0.35412
0.41648
0.49499
0.38701
0.35280
0.41859
0.44798
0.37848
0.45034
0.49922
0.57825
0.40375
0.32906
0.53095
0.37052
0.55288
0.67491
0.50280
0.70212
0.41460
0.48201
0.63630
0.31247
0.55513
0.50511
0.29861
0.48725
0.33466
0.66710
0.49916
0.51343
0.46231
0.45519
0.38333
0.53894
0.34898
0.26600
0.61785
0.63742
0.28848
0.58760
0.56279
0.67052
0.37526
0.29779
0.29106
0.46391
0.26917
0.46746
0.59751
0.50953
0.35536
0.40521
0.43646
0.39433
0.67325
0.35912
0.39559
0.71977
0.28240
0.73636
0.40077
0.67830
0.40468
0.30458
0.30966
0.26701
0.35880
0.32305
0.73394
0.29089
0.42495
0.36097
0.60342
0.36860
0.53134
0.30761
0.61320
0.55495
0.48822
0.36669
0.29457
0.32615
0.29005
0.62121
0.51164
0.56805
0.30462
0.76257
0.32659
0.26487
0.42174
0.52905
0.47099
0.36360
0.44568
0.29358
0.47523
0.40914
0.26876
0.53956
0.30293
0.31342
0.38303
0.43996
0.69496
0.27363
0.34485
0.28705
0.76828
0.32755
0.40277
0.64188
0.50703
0.29160
0.75869
0.56536
0.77019
0.26300
0.79428
0.29475
0.26793
0.44372
0.30772
0.36729
0.39612
0.40712
0.34902
0.26064
0.26819
0.35224
0.47914
0.34945
0.25973
0.27914
0.45091
0.42280
0.26630
0.25368
0.58366
0.26598
0.28272
0.27906
0.64357
0.66318
0.32418
0.40083
0.42619
0.36531
0.36875
0.35103
0.55195
0.47781
0.46374
0.36306
0.37070
0.52287
0.34320
0.33280
0.36266
0.43638
0.64285
0.54915
0.31880
0.51827
0.33254
0.51522
0.57864
0.33397
0.38623
0.53555
0.40932
0.49423
0.39759
0.67867
0.58963
0.28374
0.27430
0.34144
0.30314
0.75827
0.25260
0.78305
0.25572
0.43092
0.62953
0.38753
0.65454
0.25748
0.28032
0.67655
0.37007
0.45797
0.26997
0.50421
0.59225
0.26663
0.26360
0.30703
0.73927
0.28381
0.25280
0.31841
0.68545
0.31376
0.29885
0.44980
0.37100
0.27445
0.37150
0.53186
0.55692
0.37706
0.51197
0.31650
0.30563
0.50691
0.40450
0.59440
0.30740
0.33880
0.44947
0.65979
0.37050
0.41132
0.63563
0.53545
0.65103
0.34257
0.37365
0.36917
0.28885
0.69104
0.25126
0.25611
0.70254
0.48331
0.34546
0.37143
0.31819
0.40681
0.71364
0.47685
0.49578
0.63637
0.40433
0.39422
0.29285
0.32080
0.34322
0.55950
0.46295
0.56834
0.45112
0.30398
0.28618
0.58715
0.29291
0.28556
0.54894
0.41172
0.52618
0.27136
0.45633
0.46738
0.58322
0.28236
0.52633
0.47673
0.75700
0.27204
0.42866
0.26466
0.26806
0.30251
0.56589
0.33141
0.58825
0.72486
0.28567
0.33557
0.52673
0.26664
0.28276
0.40110
0.64001
0.30477
0.58864
0.45610
0.67081
0.33594
0.44907
0.38413
0.28002
0.73549
0.36011
0.31110
0.25749
0.31132
0.27215
0.55826
0.79602
0.30676
0.32545
0.51656
0.56160
0.40559
0.71354
0.33339
0.38855
0.26946
0.29526
0.34063
0.63633
0.30569
0.49129
0.28780
0.30688
0.26579
0.60606
0.30650
0.36262
0.45768
0.51002
0.47165
0.38113
0.39751
0.39854
0.41154
0.29281
0.28813
0.33894
0.33176
0.57953
0.41139
0.36453
0.57303
0.30988
0.33338
0.33814
0.39449
0.51577
0.36338
0.35481
0.51007
0.47709
0.35319
0.59039
0.29841
0.33593
0.34731
0.66593
0.30698
0.40755
0.65943
0.32124
0.74001
0.28643
0.34400
0.33593
0.33646
0.74403
0.37228
0.41632
0.36876
0.60635
0.34626
0.44712
0.27788
0.51119
0.45637
0.65988
0.49519
0.48232
0.39244
0.30691
0.47246
0.37492
0.38606
0.25085
0.24921
0.26463
0.36020
0.39335
0.72411
0.51174
0.41634
0.35092
0.75184
0.66604
0.68740
0.43041
0.25213
0.32237
0.25713
0.28462
0.75381
0.46474
0.67992
0.33860
0.46354
0.82368
0.71297
0.40310
0.37368
0.43593
0.40637
0.36556
0.33807
0.41525
0.31688
0.32815
0.27201
0.31037
0.66045
0.31626
0.26037
0.34766
0.71789
0.29363
0.39273
0.43278
0.35355
0.65928
0.34524
0.59713
0.55532
0.36352
0.41440
0.54750
0.42507
0.55587
0.48889
0.56446
0.67428
0.42770
0.43282
0.48791
0.49978
0.71413
0.41701
0.79140
0.49258
0.72613
0.76354
0.37192
0.79885
0.73753
0.54064
0.40602
0.70064
0.77987
0.27080
0.69037
0.75577
0.42231
0.28089
0.27231
0.70704
0.27548
0.27940
0.76666
0.29571
0.68521
0.38811
0.28788
0.34095
0.45742
0.68924
0.62584
0.73718
0.46474
0.74491
0.70950
0.71721
0.26096
0.75117
0.44268
0.26083
0.56968
0.32218
0.36516
0.27661
0.26353
0.44300
0.68318
0.26491
0.40683
0.26690
0.70659
0.36542
0.38087
0.26925
0.23886
0.25168
0.36926
0.35400
0.34581
0.28236
0.42515
0.35145
0.32353
0.60028
0.47193
0.55280
0.26774
0.27330
0.24183
0.35836
0.37969
0.45759
0.47771
0.49115
0.57931
0.58204
0.40693
0.42182
0.45663
0.40463
0.56774
0.63117
0.38496
0.38062
0.50982
0.27421
0.77453
0.49134
0.74738
0.41116
0.37155
0.49038
0.60522
0.68423
0.63782
0.59711
0.47688
0.58157
0.45302
0.30556
0.27589
0.40697
0.32676
0.30992
0.39343
0.52627
0.28022
0.44213
0.38917
0.32650
0.74086
0.34540
0.25893
0.30261
0.72817
0.40373
0.37385
0.69394
0.40887
0.52768
0.24536
0.41599
0.26044
0.48168
0.27543
0.53680
0.25413
0.44893
0.52227
0.25789
0.55133
0.24914
0.26254
0.25894
0.40760
0.25127
0.65847
0.25095
0.21960
0.39414
0.52223
0.54037
0.58512
0.35859
0.35183
0.60259
0.43628
0.67306
0.66244
0.45460
0.47715
0.28214
0.29322
0.60807
0.47869
0.40526
0.30678
0.32966
0.28488
0.60324
0.61698
0.28404
0.28284
0.61581
0.28677
0.26266
0.24220
0.42141
0.26820
0.54845
0.47871
0.45722
0.29600
0.53816
0.63418
0.49994
0.33140
0.68089
0.46303
0.76202
0.37359
0.42553
0.67546
0.36193
0.43188
0.42401
0.28347
0.34038
0.29507
0.40879
0.50291
0.28859
0.68545
0.29531
0.68208
0.37022
0.59662
0.28123
0.59863
0.25480
0.41313
0.37423
0.59392
0.40808
0.29545
0.39284
0.25407
0.28858
0.25314
0.78778
0.37073
0.49088
0.39493
0.80072
0.50495
0.80746
0.30624
0.45241
0.25778
0.43537
0.25878
0.41632
0.27694
0.40843
0.76025
0.69957
0.27670
0.39365
0.34340
0.60451
0.42736
0.66476
0.30891
0.61466
0.40653
0.61142
0.36719
0.31509
0.31054
0.29023
0.37073
0.35322
0.56992
0.39404
0.32317
0.47086
0.31224
0.27474
0.51686
0.56866
0.69191
0.28299
0.26475
0.30684
0.25111
0.49596
0.33170
0.65830
0.38640
0.26210
0.70156
0.29063
0.60504
0.27397
0.29102
0.71364
0.36705
0.25428
0.26705
0.43882
0.61673
0.40577
0.34963
0.45068
0.74630
0.46121
0.37125
0.45729
0.42339
0.49291
0.26397
0.53267
0.43230
0.71933
0.28021
0.61469
0.27862
0.41443
0.40339
0.38160
0.39235
0.27539
0.35519
0.37492
0.49691
0.33813
0.55735
0.51686
0.29841
0.50662
0.28040
0.41408
0.68104
0.32580
0.38827
0.56198
0.29211
0.71474
0.47927
0.64393
0.26827
0.32485
0.70144
0.32999
0.24890
0.47316
0.24008
0.25826
0.26626
0.34676
0.23944
0.51489
0.65763
0.38751
0.28546
0.46643
0.33653
0.32301
0.60379
0.39417
0.45132
0.27438
0.36759
0.74682
0.34188
0.28837
0.25059
0.36150
0.42144
0.31667
0.67791
0.59642
0.43516
0.30093
0.41079
0.33483
0.33427
0.44251
0.56860
0.27764
0.47840
0.26850
0.62240
0.47972
0.33837
0.25903
0.28276
0.29884
0.27714
0.34348
0.64798
0.28901
0.31370
0.68893
0.64593
0.74835
0.74989
0.55918
0.37694
0.36817
0.36600
0.31980
0.70926
0.61723
0.25974
0.65505
0.35732
0.34643
0.67977
0.44873
0.25880
0.45673
0.51988
0.53291
0.73019
0.27337
0.44351
0.68417
0.38160
0.33725
0.30023
0.43575
0.52927
0.53691
0.36743
0.45085
0.65264
0.71697
0.67046
0.60300
0.61155
0.33323
0.25539
0.40175
0.44203
0.52494
0.35561
0.74063
0.76783
0.43815
0.28504
0.44611
0.46596
0.53116
0.65810
0.41868
0.40444
0.27113
0.26979
0.56720
0.48066
0.25438
0.25478
0.33847
0.48848
0.25318
0.31781
0.65703
0.56925
0.51841
0.33898
0.41856
0.38670
0.34384
0.36793
0.55929
0.67602
0.34520
0.41919
0.58013
0.48202
0.25944
0.55056
0.26433
0.27370
0.48877
0.40279
0.35871
0.34457
0.54148
0.34418
0.35860
0.48193
0.37352
0.33132
0.43324
0.28801
0.29526
0.58267
0.34237
0.24012
0.32570
0.25587
0.25589
0.50396
0.56336
0.23485
0.27150
0.38216
0.40138
0.53577
0.34789
0.41118
0.44929
0.46957
0.55697
0.38999
0.38315
0.27470
0.35461
0.27295
0.49325
0.40279
0.31780
0.36339
0.54084
0.37667
0.40515
0.65537
0.47979
0.61034
0.34024
0.52846
0.65269
0.26110
0.35979
0.37800
0.28881
0.44647
0.69305
0.25618
0.51746
0.28962
0.26201
0.23689
0.26099
0.30056
0.33265
0.25279
0.27842
0.55966
0.28918
0.42133
0.39714
0.33429
0.73646
0.65142
0.26135
0.45354
0.32193
0.56141
0.28501
0.59442
0.29027
0.24364
0.30945
0.24363
0.26952
0.28639
0.44770
0.24157
0.25150
0.51768
0.44629
0.54881
0.25865
0.24920
0.25690
0.58477
0.58825
0.28195
0.31472
0.54407
0.31000
0.43310
0.36917
0.51694
0.51990
0.48332
0.52090
0.35216
0.33005
0.26582
0.43316
0.32005
0.34187
0.45051
0.27520
0.27572
0.37277
0.28075
0.37017
0.62419
0.36003
0.31513
0.57075
0.59883
0.27197
0.30164
0.30648
0.38725
0.51582
0.38655
0.70731
0.52137
0.27061
0.60951
0.60222
0.32388
0.70388
0.35297
0.51335
0.26398
0.71707
0.43280
0.27869
0.48640
0.43856
0.46645
0.31028
0.62514
0.40337
0.48462
0.57925
0.57490
0.38468
0.44004
0.49407
0.64791
0.37237
0.41770
0.29436
0.34921
0.65615
0.66509
0.29973
0.36324
0.32964
0.29790
0.72227
0.55290
0.40665
0.26913
0.27496
0.47524
0.58527
0.24316
0.25737
0.52078
0.22132
0.69506
0.63679
0.50571
0.45698
0.39220
0.70988
0.30980
0.42815
0.29021
0.50045
0.30284
0.59865
0.62795
0.34936
0.26470
0.27715
0.77740
0.26145
0.25929
0.50607
0.71325
0.50592
0.28414
0.31446
0.26152
0.76492
0.26314
0.34589
0.24942
0.72928
0.30971
0.32613
0.25974
0.29139
0.41560
0.29479
0.40454
0.46102
0.71423
0.24586
0.54850
0.46856
0.56054
0.70947
0.26262
0.46979
0.47039
0.42422
0.42609
0.27855
0.61446
0.28423
0.42172
0.60372
0.30025
0.54071
0.60677
0.56457
0.54790
0.47375
0.66680
0.31920
0.70592
0.54484
0.38139
0.40942
0.59958
0.40694
0.48530
0.35383
0.28817
0.41655
0.47901
0.36280
0.67233
0.51922
0.33524
0.40896
0.38081
0.28576
0.48075
0.45195
0.37115
0.40891
0.39411
0.49147
0.42774
0.65640
0.34637
0.54522
0.45984
0.57063
0.28678
0.32407
0.27344
0.65156
0.29019
0.35441
0.32057
0.67487
0.33102
0.45129
0.40589
0.33100
0.35210
0.76646
0.27031
0.79152
0.31716
0.41971
0.28636
0.27558
0.29699
0.30332
0.63096
0.32929
0.44909
0.29927
0.49911
0.30934
0.43802
0.59000
0.55540
0.65386
0.51927
0.45412
0.47029
0.45911
0.39542
0.33278
0.33275
0.23782
0.28705
0.28063
0.43109
0.36786
0.52034
0.50031
0.42496
0.62160
0.35467
0.37930
0.26604
0.27920
0.25610
0.39369
0.76433
0.67185
0.27434
0.47308
0.71337
0.70291
0.73016
0.35756
0.34553
0.68863
0.39350
0.70398
0.35074
0.65305
0.35462
0.25795
0.28335
0.60397
0.29970
0.42127
0.28605
0.47926
0.28912
0.55445
0.71653
0.70746
0.51071
0.42735
0.62059
0.56753
0.30698
0.37950
0.53860
0.41947
0.35317
0.43377
0.50789
0.27470
0.54849
0.26752
0.32060
0.51428
0.26610
0.69034
0.68978
0.52210
0.32079
0.69003
0.62128
0.55557
0.46343
0.49059
0.67940
0.73261
0.46109
0.27584
0.34547
0.50926
0.39147
0.53679
0.52497
0.40958
0.44323
0.52760
0.33649
0.68483
0.70404
0.44728
0.65210
0.27311
0.28287
0.35638
0.58635
0.27474
0.67173
0.30422
0.29965
0.28363
0.27955
0.67499
0.28311
0.27646
0.36435
0.34107
0.53384
0.49257
0.54168
0.48702
0.39592
0.39503
0.65246
0.63527
0.60867
0.45071
0.56875
0.49952
0.50834
0.50658
0.31787
0.26068
0.52094
0.37548
0.40823
0.26324
0.36907
0.24795
0.29217
0.49360
0.38558
0.44633
0.34304
0.48887
0.62438
0.51845
0.68145
0.65882
0.44276
0.27506
0.38976
0.32799
0.55961
0.29896
0.70498
0.66070
0.26662
0.27969
0.46825
0.27842
0.72933
0.72159
0.27547
0.28488
0.40380
0.25743
0.34884
0.50664
0.48317
0.35883
0.26982
0.27068
0.27114
0.76975
0.34924
0.31430
0.54881
0.30789
0.56376
0.70003
0.37395
0.38921
0.73198
0.32677
0.44571
0.73325
0.55251
0.28264
0.51967
0.28973
0.69691
0.33994
0.34259
0.39613
0.27474
0.25646
0.27491
0.70649
0.35055
0.33332
0.25769
0.72539
0.46341
0.63205
0.27439
0.70226
