0.78972
0.79426
0.82002
0.76109
0.81738
0.80953
0.72696
0.81440
0.81077
0.80039
0.81647
0.78468
0.81398
0.82768
0.82705
0.78695
0.78917
0.81017
0.83055
0.81248
0.82147
0.77669
0.81138
0.80906
0.82149
0.83581
0.83287
0.83461
0.82903
0.82655
0.79800
0.80994
0.77494
0.82025
0.81548
0.79990
0.81094
0.79241
0.78932
0.81265
0.81297
0.80012
0.82072
0.78466
0.81103
0.81277
0.83366
0.82034
0.81944
0.82686
0.79463
0.82581
0.79995
0.81200
0.84628
0.83705
0.82830
0.82351
0.83593
0.83310
0.79717
0.84023
0.83325
0.80269
0.80932
0.80500
0.80757
0.81847
0.79913
0.79990
0.80653
0.79833
0.80967
0.78445
0.80482
0.79949
0.78749
0.73979
0.82097
0.77726
0.80436
0.81091
0.80973
0.80806
0.82347
0.82809
0.82055
0.82601
0.80317
0.81363
0.81297
0.79701
0.81915
0.82480
0.80880
0.78906
0.76085
0.81820
0.82730
0.80907
0.82849
0.81636
0.81727
0.80418
0.82751
0.82390
0.80393
0.81674
0.80723
0.79115
0.83322
0.81499
0.81641
0.79374
0.79939
0.81243
0.83151
0.81258
0.80851
0.75744
0.77242
0.81539
0.78670
0.77000
0.82584
0.82074
0.83492
0.82996
0.85297
0.82369
0.80436
0.80333
0.81688
0.80947
0.80420
0.81522
0.80356
0.80383
0.80625
0.81187
0.80292
0.80770
0.80877
0.82128
0.79936
0.75400
0.80594
0.81479
0.79922
0.78186
0.84345
0.81530
0.77370
0.81710
0.83478
0.79874
0.80178
0.80630
0.80592
0.79449
0.78617
0.79418
0.80756
0.79443
0.80307
0.80579
0.82729
0.80674
0.76931
0.78786
0.74036
0.77837
0.75088
0.80934
0.79764
0.78951
0.79350
0.72396
0.81829
0.81996
0.81999
0.80272
0.80846
0.79951
0.80064
0.80077
0.80772
0.81388
0.81834
0.80020
0.80126
0.73755
0.81735
0.82621
0.82291
0.79856
0.77605
0.80059
0.80283
0.76310
0.79313
0.81131
0.75502
0.78268
0.80498
0.81606
0.80324
0.83101
0.84548
0.78920
0.80168
0.81391
0.80352
0.81875
0.80320
0.81246
0.84297
0.80760
0.79776
0.81472
0.82604
0.83240
0.82443
0.80534
0.79940
0.82388
0.83677
0.83167
0.81952
0.77807
0.80288
0.79632
0.80119
0.80814
0.80130
0.79972
0.80753
0.82688
0.82537
0.83465
0.82265
0.80284
0.80518
0.83616
0.77193
0.80169
0.80684
0.80207
0.78428
0.81430
0.73576
0.75667
0.81834
0.77248
0.75233
0.71195
0.79079
0.83372
0.80041
0.78089
0.80867
0.80129
0.79022
0.79630
0.79539
0.80832
0.77950
0.80648
0.78756
0.80419
0.80984
0.80388
0.77478
0.81507
0.77561
0.82325
0.79768
0.79457
0.82711
0.81514
0.82643
0.84115
0.79314
0.82073
0.84244
0.81856
0.79671
0.81149
0.80092
0.78492
0.81036
0.82121
0.79062
0.82084
0.81108
0.79593
0.80757
0.80518
0.82185
0.81789
0.81674
0.80794
0.81232
0.84196
0.80519
0.82246
0.79123
0.82064
0.81699
0.83231
0.81681
0.81783
0.81950
0.77890
0.82304
0.76980
0.80604
0.80731
0.76649
0.76330
0.82820
0.81081
0.83712
0.72714
0.80455
0.81793
0.81740
0.81063
0.80005
0.80726
0.81945
0.78012
0.80154
0.78970
0.76668
0.79870
0.79791
0.78900
0.84541
0.79479
0.84431
0.83073
0.78605
0.82709
0.82509
0.83054
0.83473
0.80843
0.81898
0.82595
0.83088
0.81889
0.81996
0.82595
0.81709
0.86014
0.83614
0.82167
0.79946
0.80837
0.78513
0.76242
0.80396
0.80197
0.84237
0.78957
0.84205
0.83604
0.82518
0.82993
0.83968
0.83088
0.82584
0.82618
0.80411
0.83131
0.83033
0.82223
0.81645
0.78235
0.81779
0.82437
0.80899
0.79281
0.78574
0.82712
0.78096
0.83161
0.82434
0.82973
0.82752
0.82887
0.82794
0.79861
0.80753
0.79771
0.81269
0.82274
0.79295
0.75224
0.77885
0.79050
0.74532
0.74693
0.78661
0.82651
0.78627
0.79556
0.80802
0.84301
0.83221
0.81402
0.81193
0.81210
0.79920
0.81523
0.70947
0.78594
0.83796
0.81612
0.82457
0.81771
0.81149
0.81665
0.80277
0.80405
0.81991
0.79189
0.81408
0.82507
0.82705
0.82693
0.81476
0.81426
0.82935
0.81271
0.83397
0.83286
0.79240
0.80098
0.77833
0.79453
0.79282
0.79472
0.78143
0.81054
0.80804
0.78857
0.80009
0.79505
0.81678
0.81791
0.80158
0.81552
0.81863
0.79943
0.76721
0.83996
0.77937
0.81889
0.83407
0.82542
0.81146
0.80846
0.82339
0.81176
0.83447
0.81609
0.81104
0.80963
0.82004
0.83922
0.83318
0.79299
0.80318
0.80569
0.81980
0.81802
0.75708
0.81785
0.82230
0.76498
0.79671
0.79617
0.81010
0.79456
0.81953
0.78324
0.75535
0.80225
0.81218
0.78925
0.83372
0.74379
0.81261
0.81246
0.77762
0.82081
0.81229
0.81686
0.81703
0.83781
0.82652
0.81337
0.80933
0.78007
0.81013
0.82887
0.81890
0.81898
0.82019
0.82227
0.79732
0.79216
0.77887
0.78840
0.80894
0.80894
0.82114
0.78302
0.78822
0.80593
0.81091
0.79504
0.80061
0.72489
0.70600
0.82357
0.80397
0.83508
0.78478
0.84559
0.80460
0.79552
0.77389
0.80265
0.82457
0.79273
0.75265
0.78458
0.78087
0.80815
0.80427
0.84180
0.82289
0.72291
0.79910
0.81356
0.79918
0.82687
0.83727
0.80881
0.81473
0.83689
0.82142
0.82773
0.85227
0.83047
0.81607
0.81195
0.83213
0.82690
0.82126
0.80506
0.80167
0.81148
0.83860
0.79967
0.81505
0.83228
0.82110
0.81696
0.81687
0.83176
0.83131
0.78247
0.80234
0.84408
0.81966
0.72533
0.80979
0.79683
0.82296
0.78519
0.78846
0.77903
0.81917
0.85968
0.81433
0.81103
0.80979
0.81995
0.77943
0.76191
0.80625
0.75555
0.82035
0.78368
0.81041
0.74591
0.81028
0.76834
0.80241
0.82671
0.82928
0.79370
0.78817
0.74509
0.78966
0.79740
0.74235
0.80496
0.79801
0.76211
0.77500
0.72621
0.78963
0.77947
0.76734
0.75430
0.79626
0.83364
0.80557
0.80679
0.83002
0.78309
0.79276
0.76000
0.77936
0.79947
0.76504
0.74995
0.80659
0.82523
0.80341
0.79187
0.82395
0.82301
0.83203
0.82454
0.81968
0.81386
0.82846
0.82368
0.82332
0.81370
0.76527
0.81071
0.81440
0.81787
0.81529
0.80896
0.81160
0.78091
0.81511
0.80010
0.80809
0.80690
0.83117
0.81947
0.80476
0.78941
0.81024
0.81312
0.81993
0.81936
0.83301
0.82517
0.79842
0.82344
0.81305
0.84298
0.81750
0.81577
0.83061
0.82324
0.82171
0.80570
0.83553
0.84525
0.81997
0.81563
0.83720
0.81111
0.78896
0.82500
0.81290
0.81756
0.80718
0.79951
0.81492
0.81692
0.81418
0.82341
0.79873
0.80878
0.83526
0.80262
0.82745
0.76915
0.81927
0.76402
0.80114
0.80598
0.79324
0.75097
0.81445
0.80521
0.81184
0.80471
0.82304
0.81825
0.74181
0.80785
0.82370
0.81443
0.81603
0.81983
0.80917
0.80411
0.80971
0.81398
0.82167
0.78728
0.82340
0.80461
0.81212
0.80786
0.79538
0.81494
0.80392
0.81988
0.82835
0.83839
0.81105
0.81458
0.82371
0.78847
0.80429
0.80128
0.78084
0.76254
0.81571
0.78229
0.82816
0.80295
0.83687
0.82541
0.83453
0.83831
0.82661
0.81956
0.83008
0.83254
0.82957
0.82633
0.79288
0.83031
0.80054
0.81081
0.80993
0.80650
0.80790
0.81359
0.80596
0.84120
0.80621
0.79494
0.77971
0.78440
0.78518
0.79163
0.78069
0.74768
0.75972
0.79222
0.83202
0.84870
0.87869
0.83574
0.81513
0.84600
0.85135
0.79584
0.80889
0.79128
0.69670
0.78411
0.81307
0.75711
0.79904
0.81293
0.77333
0.82940
0.80469
0.85768
0.80774
0.73827
0.80333
0.79994
0.75073
0.76384
0.75844
0.82194
0.81511
0.77883
0.81837
0.80611
0.79267
0.80782
0.80121
0.80781
0.80419
0.79787
0.81055
0.81137
0.77770
0.81908
0.79957
0.80380
0.80936
0.81203
0.81621
0.79062
0.80832
0.80602
0.79848
0.81626
0.79861
0.81191
0.81386
0.79410
0.78741
0.80315
0.78638
0.77101
0.84224
0.84945
0.85798
0.84316
0.82208
0.82645
0.83700
0.81314
0.80774
0.82801
0.83757
0.82351
0.81524
0.83638
0.79664
0.82731
0.84856
0.83060
0.84671
0.80795
0.82097
0.79151
0.80744
0.80592
0.82267
0.82141
0.82834
0.81580
0.79696
0.81240
0.80196
0.78542
0.79374
0.79670
0.80252
0.79743
0.81336
0.80434
0.79174
0.81810
0.81795
0.80185
0.80164
0.80120
0.79195
0.79825
0.81931
0.79250
0.79575
0.81095
0.78332
0.79736
0.77336
0.75564
0.78256
0.78437
0.73156
0.77693
0.78988
0.75531
0.81593
0.82875
0.82749
0.83628
0.83307
0.81255
0.80503
0.83294
0.83356
0.80722
0.80368
0.81178
0.82580
0.83082
0.81173
0.78356
0.81698
0.83245
0.82997
0.81138
0.82281
0.80168
0.75373
0.83105
0.76946
0.75602
0.76260
0.73978
0.75913
0.76973
0.81549
0.81362
0.82230
0.80826
0.81768
0.81271
0.83235
0.82054
0.80625
0.80186
0.79078
0.81930
0.81017
0.81557
0.79667
0.79400
0.78060
0.81244
0.81979
0.82755
0.80418
0.79681
0.81448
0.80518
0.79726
0.79142
0.78786
0.80482
0.82668
0.80918
0.84885
0.78275
0.80909
0.80478
0.82253
0.82203
0.80612
0.78954
0.80650
0.79086
0.80625
0.81140
0.81896
0.74030
0.82530
0.79922
0.81292
0.81055
0.79852
0.79868
0.79102
0.77936
0.74537
0.81391
0.79162
0.77740
0.81801
0.76987
0.82298
0.83502
0.76719
0.82679
0.81799
0.77179
0.75151
0.74890
0.80763
0.76176
0.80511
0.79820
0.80456
0.80727
0.81276
0.80447
0.80667
0.81725
0.80521
0.78157
0.82874
0.79994
0.76275
0.73083
0.79286
0.81947
0.78600
0.82562
0.77456
0.80999
0.81117
0.76905
0.80717
0.80067
0.82055
0.81543
0.80709
0.78444
0.81963
0.80007
0.80591
0.81202
0.80252
0.79825
0.81925
0.79660
0.81200
0.80114
0.80872
0.80798
0.81095
0.80808
0.81759
0.78756
0.80528
0.82462
0.82124
0.81744
0.79578
0.82095
0.81977
0.75008
0.79688
0.79399
0.79489
0.75013
0.74511
0.81299
0.79708
0.80063
0.79049
0.81662
0.78729
0.80902
0.80048
0.82288
0.80360
0.76399
0.78220
0.78534
0.79029
0.79840
0.78094
0.80618
0.82537
0.80342
0.83364
0.82940
0.83311
0.84286
0.79912
0.79239
0.82063
0.82023
0.81485
0.83239
0.82844
0.81776
0.80504
0.79599
0.80770
0.82865
0.81109
0.78593
0.75498
0.78589
0.74746
0.75142
0.77085
0.74612
0.82040
0.82958
0.79285
0.79955
0.79932
0.80174
0.81087
0.81638
0.82008
0.79995
0.80600
0.80501
0.80113
0.81436
0.80590
0.79798
0.79566
0.80309
0.80845
0.81226
0.79076
0.83143
0.79080
0.78238
0.81702
0.76813
0.76255
0.78026
0.79792
0.76992
0.77046
0.75232
0.78809
0.81604
0.80974
0.81840
0.82190
0.77526
0.79155
0.80034
0.81607
0.81162
0.83192
0.79714
0.76932
0.72797
0.75223
0.74875
0.79794
0.77727
0.80087
0.80191
0.79424
0.80992
0.81435
0.80387
0.80426
0.81374
0.82690
0.82189
0.84887
0.79921
0.81788
0.81451
0.81559
0.80924
0.84085
0.81577
0.82457
0.85887
0.83901
0.84008
0.81380
0.80444
0.79820
0.78197
0.81186
0.80073
0.80077
0.81214
0.77591
0.81435
0.83851
0.81709
0.77977
0.77900
0.80241
0.80660
0.81293
0.79985
0.81348
0.80163
0.81226
0.80340
0.81578
0.81429
0.81781
0.82538
0.81339
0.81767
0.80954
0.80360
0.82507
0.81266
0.79723
0.74942
0.78804
0.80050
0.78594
0.80944
0.80946
0.76021
0.80338
0.81930
0.81605
0.80926
0.77287
0.77129
0.80608
0.78857
0.78975
0.80808
0.81263
0.78764
0.79303
0.79517
0.78573
0.85916
0.80235
0.76823
0.81271
0.73940
0.79549
0.75848
0.81833
0.79337
0.77896
0.81180
0.77178
0.80462
0.80747
0.75462
0.81312
0.74783
0.79865
0.79484
0.79571
0.80727
0.81803
0.75281
0.79482
0.78643
0.79754
0.78696
0.80383
0.83804
0.80804
0.80509
0.79999
0.81919
0.83110
0.80727
0.80348
0.80337
0.80508
0.82594
0.79546
0.78719
0.82434
0.82021
0.79499
0.79941
0.81907
0.80849
0.81365
0.83037
0.82229
0.79973
0.78206
0.81963
0.78290
0.82524
0.81841
0.82045
0.79232
0.83486
0.69513
0.82374
0.81307
0.79224
0.79652
0.79573
0.79001
0.83236
0.81686
0.75169
0.82393
0.79547
0.81693
0.79252
0.80931
0.82951
0.82073
0.76920
0.78341
0.81169
0.77873
0.82949
0.80773
0.79081
0.77796
0.76795
0.59325
0.73667
0.73687
0.73137
0.78927
0.70161
0.77213
0.74787
0.78726
0.81007
0.78292
0.79066
0.80556
0.82923
0.77647
0.81145
0.81172
0.80295
0.81432
0.79981
0.84154
0.83287
0.81754
0.81964
0.79509
0.80125
0.79044
0.80889
0.82005
0.84192
0.79544
0.75321
0.79323
0.76457
0.80090
0.82075
0.80470
0.78081
0.78618
0.80395
0.75255
0.81690
0.80037
0.81341
0.77076
0.85206
0.76252
0.80973
0.76355
0.79778
0.76710
0.80960
0.80572
0.81723
0.75597
0.79430
0.81486
0.78109
0.80781
0.79425
0.82869
0.80576
0.80655
0.80703
0.80680
0.81783
0.81640
0.78757
0.81587
0.77434
0.79345
0.80139
0.79393
0.79571
0.80803
0.80648
0.78858
0.82578
0.83204
0.81300
0.83167
0.83310
0.79885
0.80918
0.82255
0.80755
0.81998
0.82360
0.80509
0.82498
0.81839
0.84610
0.83433
0.82597
0.83484
0.82059
0.82589
0.82230
0.80477
0.83978
0.81179
0.81562
0.82047
0.81701
0.76976
0.83011
0.81856
0.85238
0.79635
0.79999
0.76797
0.83194
0.81711
0.82176
0.81603
0.82197
0.81839
0.80513
0.81193
0.80436
0.80056
0.78766
0.81157
0.82357
0.82189
0.81827
0.76163
0.82355
0.81404
0.83024
0.81648
0.83516
0.77659
0.79196
0.84021
0.75380
0.80481
0.81255
0.83138
0.84439
0.72215
0.82275
0.82871
0.77057
0.77920
0.79667
0.83262
0.79104
0.76935
0.79887
0.80767
0.80601
0.79949
0.80646
0.80387
0.77808
0.81165
0.71616
0.78051
0.75208
0.80409
0.83918
0.80086
0.84650
0.79678
0.81457
0.81625
0.83885
0.77424
0.83727
0.78881
0.81834
0.79277
0.80433
0.82744
0.79193
0.83756
0.80129
0.82084
0.80894
0.79694
0.79169
0.80134
0.83470
0.81326
0.79080
0.78887
0.82638
0.74843
0.81811
0.79731
0.82247
0.78831
0.82758
0.79465
0.80796
0.79477
0.68666
0.80727
0.76161
0.77325
0.22604
0.20874
0.20932
0.20570
0.20221
0.17918
0.18382
0.21014
0.20826
0.18502
0.23326
0.20874
0.23616
0.20872
0.21259
0.22692
0.20850
0.19956
0.21665
0.20943
0.20991
0.17925
0.20361
0.21663
0.20238
0.20841
0.20025
0.18840
0.21669
0.16683
0.23235
0.22886
0.19369
0.19561
0.18949
0.17706
0.20900
0.19442
0.20060
0.20491
0.24167
0.23417
0.21640
0.21555
0.20364
0.19587
0.21301
0.19517
0.24375
0.20301
0.20862
0.20447
0.17631
0.22259
0.23042
0.17744
0.19176
0.18356
0.21447
0.21118
0.19973
0.22481
0.20420
0.19004
0.19113
0.21513
0.19400
0.19330
0.18748
0.23486
0.20949
0.19898
0.24318
0.23136
0.20253
0.21808
0.21796
0.25063
0.17414
0.20985
0.19064
0.22614
0.22358
0.20658
0.23985
0.18626
0.20453
0.21426
0.20484
0.18839
0.20799
0.23309
0.20233
0.24068
0.21953
0.15217
0.14450
0.26930
0.21083
0.20630
0.22086
0.20028
0.23583
0.20333
0.19821
0.23474
0.19403
0.24860
0.19456
0.18872
0.26894
0.20363
0.19268
0.25216
0.20196
0.19344
0.19888
0.24334
0.21161
0.24000
0.19523
0.20674
0.22752
0.19153
0.18643
0.20747
0.20615
0.18297
0.20894
0.19343
0.20125
0.19440
0.21788
0.18262
0.17036
0.18779
0.21763
0.19433
0.20123
0.21127
0.21017
0.18795
0.19373
0.19828
0.26445
0.23495
0.22591
0.23173
0.23576
0.23054
0.22541
0.21089
0.20924
0.22100
0.20225
0.23070
0.20819
0.20446
0.23174
0.19486
0.18646
0.19130
0.18848
0.21355
0.18850
0.22210
0.19956
0.22597
0.23263
0.24927
0.20276
0.22428
0.21361
0.17942
0.20994
0.18882
0.18313
0.21546
0.22579
0.21903
0.23028
0.19042
0.17695
0.22098
0.18201
0.20104
0.21817
0.19113
0.22301
0.20054
0.22273
0.20483
0.21293
0.21965
0.19613
0.19867
0.18481
0.21544
0.18022
0.21172
0.18255
0.21478
0.20787
0.20289
0.20469
0.18643
0.19619
0.19467
0.21471
0.21322
0.21039
0.18762
0.20355
0.20776
0.19432
0.19354
0.20406
0.20403
0.20176
0.19272
0.22825
0.18187
0.22115
0.23608
0.20264
0.19404
0.21402
0.18846
0.19059
0.21640
0.21502
0.21062
0.22526
0.20646
0.19835
0.24006
0.19419
0.27504
0.19599
0.19758
0.24137
0.20908
0.20987
0.22515
0.20399
0.23603
0.19858
0.23929
0.23196
0.19073
0.23134
0.21683
0.21192
0.20623
0.22827
0.23099
0.21190
0.22204
0.21280
0.22760
0.20454
0.21749
0.23813
0.20897
0.20298
0.20395
0.22272
0.22926
0.19617
0.19241
0.21410
0.22226
0.27637
0.21556
0.20321
0.23166
0.20784
0.23582
0.18740
0.18102
0.22346
0.19542
0.16303
0.18400
0.19482
0.19714
0.21118
0.21688
0.19219
0.20552
0.20851
0.18173
0.20612
0.18888
0.20916
0.17469
0.19369
0.19587
0.19408
0.18616
0.19656
0.19210
0.23076
0.19842
0.19782
0.17278
0.19738
0.19450
0.25629
0.17805
0.23967
0.20181
0.21501
0.21132
0.17786
0.24369
0.20388
0.18568
0.18894
0.17480
0.21147
0.19284
0.21137
0.22783
0.22232
0.18221
0.22444
0.22939
0.20852
0.22608
0.20557
0.20739
0.20161
0.20573
0.20128
0.21416
0.21309
0.22800
0.22503
0.21956
0.20204
0.21265
0.18986
0.22017
0.18398
0.19949
0.17687
0.18625
0.21912
0.21477
0.21990
0.23610
0.21302
0.21654
0.18906
0.19087
0.19701
0.19484
0.19481
0.17579
0.19889
0.18347
0.20217
0.23302
0.21543
0.22202
0.20415
0.20489
0.21885
0.22047
0.23900
0.22798
0.19137
0.19789
0.20202
0.21069
0.18311
0.21819
0.23178
0.22918
0.19726
0.22497
0.18899
0.21202
0.21901
0.18764
0.23138
0.21275
0.22998
0.20499
0.20242
0.20833
0.21404
0.21265
0.19845
0.22199
0.20528
0.18384
0.18193
0.20865
0.17769
0.19027
0.22397
0.20635
0.19830
0.21457
0.19687
0.22113
0.21899
0.20186
0.17537
0.20387
0.17779
0.22675
0.21306
0.23308
0.20702
0.22457
0.22448
0.21642
0.23826
0.18545
0.23135
0.21008
0.21626
0.19252
0.20653
0.21566
0.21740
0.20918
0.19566
0.20303
0.21618
0.23068
0.22401
0.18504
0.19732
0.22780
0.17028
0.20507
0.17690
0.19812
0.15940
0.14452
0.19897
0.21852
0.19620
0.19058
0.21849
0.19862
0.19831
0.23230
0.19066
0.22198
0.19024
0.22412
0.17801
0.20219
0.21255
0.20263
0.22552
0.21399
0.19930
0.22394
0.20845
0.19121
0.20460
0.20130
0.19253
0.21267
0.19141
0.24387
0.22724
0.21863
0.21406
0.19617
0.20981
0.22282
0.21201
0.20553
0.23832
0.19257
0.18815
0.20158
0.19899
0.20313
0.20567
0.22248
0.19177
0.19610
0.19381
0.20597
0.24195
0.17336
0.20926
0.22332
0.20197
0.22619
0.20576
0.20677
0.21175
0.23009
0.21447
0.18979
0.22504
0.24044
0.21026
0.20546
0.18848
0.20715
0.19386
0.20933
0.23898
0.20028
0.22337
0.18708
0.22575
0.21179
0.21604
0.22879
0.19953
0.17728
0.23172
0.20331
0.22548
0.22240
0.19234
0.22643
0.20711
0.19259
0.17375
0.23403
0.22179
0.21667
0.18997
0.23040
0.21720
0.21452
0.17893
0.19281
0.18773
0.20525
0.19099
0.21485
0.17881
0.21781
0.21738
0.16486
0.19463
0.19044
0.18843
0.22632
0.16382
0.22032
0.23357
0.19893
0.21290
0.21932
0.18750
0.15150
0.19678
0.19628
0.18439
0.20368
0.19378
0.20345
0.21780
0.21368
0.19813
0.23276
0.21003
0.21348
0.22555
0.21725
0.23330
0.22434
0.22309
0.23442
0.22520
0.22838
0.20940
0.22265
0.23139
0.21368
0.19144
0.21545
0.23265
0.19128
0.18264
0.21933
0.18522
0.23131
0.22085
0.21280
0.21343
0.21854
0.22557
0.19911
0.21480
0.20612
0.24871
0.20983
0.22666
0.18359
0.20425
0.23875
0.23041
0.24899
0.20631
0.21189
0.19164
0.20242
0.25206
0.22789
0.13926
0.20461
0.20999
0.40204
0.22730
0.23332
0.20090
0.17050
0.18790
0.19164
0.19539
0.22247
0.20103
0.24827
0.20621
0.23825
0.19906
0.20385
0.19359
0.20414
0.21066
0.18705
0.19750
0.20954
0.19967
0.20991
0.19786
0.19284
0.19048
0.21834
0.19713
0.21781
0.21363
0.24585
0.21922
0.21352
0.22641
0.21081
0.19989
0.24651
0.19464
0.21228
0.19132
0.19268
0.21052
0.19976
0.18798
0.20763
0.21946
0.20377
0.21351
0.19352
0.22651
0.23050
0.21210
0.18554
0.23369
0.21226
0.20374
0.23528
0.22268
0.21295
0.21153
0.20221
0.23483
0.21234
0.20217
0.19496
0.24157
0.22661
0.20798
0.17427
0.20534
0.19249
0.20176
0.18728
0.22264
0.19607
0.20186
0.21020
0.22505
0.21845
0.18596
0.18546
0.18885
0.17214
0.18529
0.21634
0.18955
0.23349
0.16859
0.16192
0.20304
0.19464
0.19696
0.17971
0.21830
0.18668
0.21417
0.20429
0.21344
0.21687
0.22016
0.18246
0.18735
0.19486
0.20007
0.18303
0.22148
0.19006
0.20780
0.24351
0.25661
0.22646
0.21617
0.22071
0.22363
0.23754
0.19221
0.20707
0.23094
0.19058
0.22990
0.27171
0.22546
0.21718
0.26593
0.25541
0.24630
0.21600
0.18576
0.24958
0.21962
0.21152
0.23205
0.21124
0.21458
0.23154
0.21664
0.20161
0.22087
0.19476
0.20567
0.22500
0.22349
0.21306
0.21856
0.21739
0.23117
0.22378
0.20579
0.23302
0.20844
0.19209
0.17495
0.21879
0.20034
0.22436
0.23762
0.20949
0.21736
0.19402
0.23958
0.20955
0.23560
0.19480
0.24608
0.19754
0.21740
0.16954
0.19659
0.16740
0.20570
0.18844
0.17584
0.22125
0.18588
0.21622
0.19815
0.22100
0.19418
0.21350
0.17513
0.16694
0.18284
0.20057
0.14778
0.17618
0.16648
0.20546
0.18955
0.18349
0.20430
0.20586
0.20104
0.19183
0.21679
0.21706
0.21948
0.19234
0.20779
0.20759
0.20834
0.24126
0.19783
0.18683
0.20452
0.18269
0.21171
0.20758
0.27177
0.18421
0.17576
0.22589
0.22773
0.24880
0.20443
0.23307
0.47210
0.22491
0.20496
0.20658
0.20393
0.22828
0.21590
0.22215
0.20020
0.16402
0.18319
0.21056
0.24299
0.22008
0.19607
0.21990
0.20109
0.22908
0.20972
0.22552
0.22334
0.18264
0.22782
0.18614
0.22161
0.21720
0.19879
0.21817
0.18848
0.21283
0.16723
0.19164
0.20956
0.19247
0.24834
0.19653
0.21886
0.20281
0.20915
0.22103
0.19336
0.19499
0.22261
0.23932
0.19783
0.19414
0.19189
0.29409
0.22798
0.17556
0.21876
0.18583
0.19806
0.22301
0.19979
0.16973
0.20241
0.22018
0.23378
0.21145
0.22428
0.22120
0.18055
0.20422
0.17223
0.21331
0.22607
0.19940
0.23007
0.22537
0.19094
0.19788
0.24667
0.25385
0.22924
0.19122
0.19613
0.18889
0.19558
0.21364
0.21401
0.19719
0.19171
0.19611
0.20866
0.20353
0.21663
0.19562
0.18583
0.20610
0.22308
0.22205
0.21025
0.21641
0.17901
0.20108
0.20899
0.18486
0.21241
0.20750
0.20719
0.20224
0.19792
0.18305
0.21104
0.20362
0.18514
0.21571
0.18663
0.18151
0.20848
0.19713
0.22901
0.20993
0.20471
0.17271
0.21016
0.24369
0.18664
0.20372
0.19624
0.21667
0.23816
0.20674
0.20368
0.18633
0.20498
0.20960
0.21402
0.19801
0.21450
0.23858
0.22553
0.20188
0.22466
0.21434
0.21052
0.23812
0.19536
0.20470
0.20265
0.18783
0.24216
0.24737
0.20313
0.21426
0.20574
0.19496
0.25049
0.24271
0.22762
0.19784
0.20893
0.17443
0.20916
0.21251
0.18194
0.22330
0.20406
0.22463
0.20624
0.22184
0.17585
0.22794
0.20687
0.18791
0.19186
0.18524
0.20064
0.18787
0.18391
0.20834
0.19628
0.23485
0.24616
0.24908
0.20349
0.22257
0.22225
0.20740
0.20074
0.20449
0.20511
0.19580
0.21940
0.20317
0.19230
0.19916
0.18603
0.17105
0.18199
0.17352
0.22868
0.19483
0.20233
0.19024
0.23686
0.20594
0.17977
0.19869
0.19489
0.18576
0.22573
0.20565
0.20925
0.17505
0.19928
0.21406
0.21608
0.19321
0.19425
0.21902
0.21141
0.20373
0.20676
0.19257
0.22466
0.25571
0.20771
0.22291
0.26225
0.22418
0.25814
0.24766
0.22198
0.22349
0.18104
0.20388
0.21087
0.23213
0.22758
0.19436
0.21173
0.18553
0.20816
0.19311
0.22397
0.19991
0.19463
0.20748
0.20255
0.23348
0.20371
0.18424
0.20426
0.21606
0.20910
0.21794
0.25844
0.19535
0.21480
0.22369
0.21563
0.21885
0.20907
0.21030
0.25978
0.22180
0.20132
0.18803
0.19520
0.19396
0.20969
0.23423
0.21319
0.19736
0.19179
0.20683
0.21624
0.19824
0.18905
0.21914
0.18851
0.23550
0.17728
0.22796
0.19305
0.23484
0.21803
0.23185
0.17426
0.22343
0.22057
0.22095
0.20885
0.20063
0.22129
0.20527
0.19192
0.19897
0.20763
0.22484
0.20419
0.21048
0.22003
0.19807
0.20461
0.18298
0.18224
0.23870
0.23898
0.21413
0.19061
0.19150
0.22528
0.19922
0.21180
0.20276
0.21855
0.20943
0.20113
0.18553
0.23159
0.20171
0.21367
0.18314
0.21462
0.21084
0.20837
0.19091
0.18247
0.23204
0.23176
0.20514
0.20069
0.18088
0.20934
0.19514
0.19514
0.21288
0.17542
0.20617
0.23695
0.20047
0.21817
0.20540
0.21517
0.21208
0.20243
0.21669
0.21434
0.18976
0.18950
0.17399
0.22966
0.19973
0.18226
0.21127
0.21283
0.18951
0.20555
0.18199
0.19429
0.21293
0.19804
0.22218
0.20226
0.25905
0.20414
0.21937
0.20886
0.19338
0.20130
0.21744
0.21355
0.17906
0.22444
0.21304
0.21322
0.20574
0.17941
0.20932
0.19342
0.19468
0.20295
0.23686
0.21366
0.18120
0.19371
0.19512
0.21453
0.17664
0.20603
0.17706
0.20880
0.17480
0.22433
0.20721
0.20060
0.18984
0.18682
0.19271
0.21953
0.22934
0.19029
0.24069
0.21611
0.23166
0.23616
0.21021
0.21675
0.19317
0.23349
0.23541
0.19190
0.20364
0.19563
0.22712
0.27743
0.20441
0.17400
0.23987
0.19351
0.20556
0.21408
0.19356
0.18758
0.21669
0.17913
0.21524
0.20139
0.22322
0.20990
0.19861
0.21026
0.18262
0.21357
0.19300
0.20103
0.20286
0.19485
0.20791
0.17939
0.20293
0.20493
0.21829
0.19121
0.21032
0.19335
0.18358
0.20732
0.19326
0.22411
0.22259
0.19138
0.19218
0.20435
0.20808
0.21277
0.20961
0.22573
0.20597
0.20663
0.22070
0.22940
0.22707
0.19182
0.20277
0.21431
0.19276
0.22171
0.19605
0.22702
0.20154
0.20843
0.22940
0.20672
0.21213
0.21127
0.21909
0.20927
0.19402
0.19432
0.22018
0.22593
0.23947
0.24754
0.23036
0.24353
0.22396
0.24341
0.22488
0.20368
0.22546
0.23314
0.22625
0.18343
0.19360
0.18924
0.20967
0.21201
0.19906
0.21156
0.17937
0.21299
0.21969
0.20627
0.17783
0.21116
0.19339
0.19437
0.26564
0.19281
0.19667
0.19077
0.22226
0.21841
0.24940
0.19465
0.20841
0.19313
0.19189
0.22603
0.18969
0.22315
0.18695
0.20478
0.16833
0.22792
0.20802
0.20253
0.18560
0.24471
0.20470
0.21746
0.29005
0.19332
0.20677
0.20431
0.21960
0.22272
0.21394
0.21392
0.22617
0.21917
0.21785
0.18524
0.17886
0.21303
0.18942
0.20304
0.20222
0.23736
0.18859
0.20711
0.23607
0.20693
0.20015
0.21632
0.18399
0.20584
0.20008
0.21486
0.22030
0.16132
0.19050
0.18036
0.19648
0.19950
0.21128
0.19682
0.19773
0.20101
0.20420
0.17546
0.20184
0.22658
0.20550
0.21340
0.18120
0.17391
0.23981
0.21559
0.24913
0.20636
0.21581
0.19245
0.21153
0.21887
0.20021
0.21886
0.22566
0.19779
0.23032
0.18796
0.23261
0.19249
0.21680
0.19364
0.19174
0.22044
0.17079
0.18215
0.22730
0.20869
0.21470
0.18311
0.22453
0.19058
0.20272
0.23093
0.22215
0.20462
0.21064
0.20158
0.21999
0.19550
0.20469
0.19801
0.20458
0.20756
0.21022
0.22485
0.22914
0.20781
0.28603
0.23671
0.21867
0.17777
0.20409
0.18403
0.24994
0.19006
0.22836
0.23863
0.19707
0.21387
0.21442
0.21160
0.21252
0.23326
0.18857
0.21831
0.22336
0.19692
0.20429
0.24233
0.23885
0.22284
0.17742
0.21340
0.22786
0.23929
0.22649
0.19131
0.19675
0.22059
0.23434
0.26878
0.21373
0.20003
0.17096
0.21501
0.19698
0.19423
0.21270
0.21109
0.21088
0.20942
0.21464
0.19038
0.17643
0.20082
0.20367
0.17828
0.18619
0.20431
0.19067
0.18714
0.16245
0.36803
0.25089
0.22895
0.20550
0.22084
