2.31300
1.49000
-0.82600
2.38900
2.51800
1.06100
0.96700
2.89900
2.83000
0.77700
2.78000
2.76800
2.38900
3.24400
3.08700
3.14400
2.53900
0.68300
1.49800
5.59700
3.21000
1.99500
3.23300
3.60600
4.35600
5.40800
3.02000
4.72700
5.98600
3.61300
3.90000
7.18300
2.54200
3.73800
5.21800
3.34900
3.77900
1.69600
1.67700
3.95900
0.58300
3.01900
5.59000
3.28800
3.42900
4.74800
4.36900
4.67100
2.69700
4.83500
3.72000
4.57700
3.93900
3.72000
3.38400
5.46000
2.84900
4.74000
3.78000
5.21900
6.16600
4.89900
4.98100
4.06900
3.61000
1.96700
5.31400
4.37900
4.37200
1.50000
2.54400
4.08900
1.28900
2.73300
1.04300
3.82300
2.25300
2.48100
2.82000
2.68900
3.53500
2.26600
2.89100
2.22600
3.07500
1.76200
3.04600
2.83800
2.87300
1.33500
0.91500
1.88700
4.21500
3.21200
1.01000
3.28600
3.04300
3.79100
5.22200
3.95800
3.50300
3.71000
5.80200
5.09000
6.36900
4.34000
4.02600
0.79800
2.67800
0.42600
0.99500
3.90800
2.91400
3.02000
3.16700
1.64000
4.38700
1.53800
3.49200
3.08200
3.23300
0.90000
2.06500
2.58500
4.22100
3.88900
2.53800
3.84300
4.64200
5.10900
3.13600
3.60800
2.97500
1.92400
3.31000
2.40300
2.93700
3.05300
2.25200
2.12700
2.25000
2.89700
2.13800
1.55400
2.39300
1.40600
1.58100
3.79200
1.10900
3.02700
0.31600
1.33700
1.60600
3.30600
2.12200
2.85300
4.25300
4.08500
3.33100
3.14800
3.62500
4.18500
3.17500
1.93300
2.65400
4.70700
4.12700
3.85600
2.02400
1.47300
1.81200
0.98500
3.13700
1.99900
2.14100
1.19500
2.67700
-0.17800
1.53200
2.65200
2.84200
0.87600
0.57600
1.23700
0.97100
3.41900
2.02300
3.12000
5.34200
2.90500
3.30800
4.09700
4.03600
2.46300
4.01300
3.93200
4.66000
3.67400
2.14800
2.59200
3.51300
2.76800
2.19000
2.86600
2.06900
3.11600
1.96200
2.51900
1.48100
2.73800
3.04100
0.85100
5.52800
2.45500
1.65500
3.35100
1.67000
1.74300
3.85200
4.92600
4.93900
5.62900
7.15300
6.87800
5.36900
6.31700
5.29400
3.52900
3.32000
1.54500
2.53500
2.22100
2.71600
1.75100
1.47900
2.98000
0.86600
3.00300
2.85700
4.03600
2.44600
4.06100
3.72200
4.65700
3.18200
3.67500
2.44500
3.08300
0.92300
0.24200
0.98200
1.44000
1.50300
4.26200
2.86500
0.51900
0.84100
3.17700
0.97800
1.63000
1.87300
1.08600
1.87300
2.05300
3.39900
0.58700
1.58500
1.80800
1.36100
1.54800
3.84000
1.06800
3.18800
4.41300
2.31200
1.07900
1.72500
2.89100
2.74900
2.56800
2.46500
3.11000
4.45400
4.40700
4.05200
2.58800
3.43900
4.02000
3.50200
1.66600
3.37600
3.89200
1.54800
0.90700
3.93800
2.08500
1.09200
0.84400
3.02900
4.70200
2.30900
1.82600
2.61000
5.47700
1.83900
1.17000
2.50400
2.79600
2.16700
3.82400
5.38600
2.23300
3.27100
2.48200
2.24900
2.71600
3.05500
2.15600
0.56200
3.99500
3.20400
2.13700
2.61500
1.72200
2.71100
3.25200
2.64100
2.66700
2.08500
0.57800
2.88600
2.85600
3.54200
2.23600
1.36200
3.25300
2.62900
2.20500
4.04400
1.03200
4.69800
3.09200
3.96100
3.22900
0.32900
2.44500
1.91700
1.49900
3.32400
4.64500
4.70200
4.07500
3.89000
5.25300
4.85900
3.36600
4.70700
5.08700
1.71800
2.48200
-1.27400
2.61300
3.37500
2.26900
2.30500
3.98200
4.52300
6.67400
4.91900
3.50400
7.35200
5.34700
5.16400
4.72500
7.00500
3.79500
6.81500
5.06800
2.68000
0.72200
1.99800
1.58300
3.70800
1.50100
-0.46100
2.12100
2.00500
2.31500
3.63500
4.26100
4.41800
6.52100
2.53000
5.73200
3.70100
5.29100
5.05900
6.44300
3.47800
3.35700
0.28600
1.18700
0.34600
2.49100
0.97900
2.82700
2.61000
3.73500
4.53300
3.45700
4.41200
2.47600
3.88400
4.20300
2.61300
4.73700
2.04900
1.59600
3.04700
3.51500
3.46700
4.44000
4.14000
6.88900
2.62600
4.63600
4.76500
2.92100
3.71400
3.32500
3.45800
3.82200
3.89100
2.98500
4.65800
4.44200
4.47400
4.01600
1.72000
0.70100
3.25700
3.04900
1.33200
2.00300
0.87000
2.88200
1.76100
2.66700
3.17000
3.69900
3.49500
2.47000
3.59100
3.10500
3.11400
3.71500
3.79500
2.44800
2.17100
4.00700
2.89400
3.77100
3.17400
1.68300
2.56400
3.20300
3.32200
2.51100
3.17300
3.07600
3.47300
3.20200
1.91400
2.01400
2.23100
3.15400
4.06400
6.54400
2.64200
1.59300
4.79900
4.31700
3.87000
3.44600
3.96900
2.95300
6.34900
3.28800
3.80700
2.11600
4.86000
4.25300
4.64500
1.67800
3.21400
3.70400
4.68300
3.17200
4.22900
3.47400
3.26700
4.19500
3.74200
4.57000
3.38900
4.28200
5.06600
0.77400
-0.00500
1.78700
3.93000
1.99900
3.18000
2.74600
3.36400
1.13500
3.27300
3.58900
2.13800
4.02400
0.78700
2.41100
1.74100
2.39800
2.59900
1.82900
2.49600
5.23900
4.46400
5.04900
5.94500
6.18600
3.46000
3.94400
3.64600
4.64800
0.74200
-0.26600
-0.13700
2.67600
3.23800
0.85500
1.93000
2.64700
1.15500
0.49300
3.00100
3.60200
2.81900
2.68300
3.93700
3.56700
2.48000
2.65100
2.57600
2.63300
5.49700
4.13600
4.74900
3.71300
3.88300
4.34400
1.70700
4.01400
1.82200
3.28000
3.38700
3.24100
4.32800
2.69700
6.70600
4.30700
3.27000
3.44500
1.47600
2.89700
4.25500
1.79900
0.95900
3.11600
1.43400
2.23700
1.70300
1.46500
1.93600
0.98100
3.25600
2.80400
5.30800
3.66200
2.14200
0.94800
2.51200
1.58100
2.47000
1.75000
3.05600
2.55600
-0.37000
0.40100
2.28600
0.57300
0.95100
1.23500
1.99500
1.53100
2.21900
0.68900
2.78900
2.43400
0.89700
3.10300
2.39900
2.92700
0.84900
4.17600
2.34400
0.41300
2.62500
1.84200
0.71000
0.65900
1.95600
1.17300
3.52900
1.48000
1.75900
3.24900
1.79500
3.06700
3.49700
-0.12700
0.59700
0.50300
1.28900
1.24400
4.83100
3.55200
4.24700
3.66700
3.46400
2.71600
5.13000
4.03000
3.63600
3.99100
1.14300
3.75500
0.87800
0.63100
1.81800
0.78200
3.38700
1.06500
1.35500
1.31000
4.41900
5.29900
5.96400
4.93600
4.62800
1.29100
3.88300
1.48600
5.26900
4.25400
6.20500
3.98800
4.25600
5.35800
5.80700
5.21000
4.47500
4.16100
4.43800
5.01000
4.07100
3.71700
5.62500
1.95200
5.84000
5.34600
5.84400
3.91100
4.23100
5.20400
2.64000
2.43500
1.96400
3.20300
3.01400
0.87200
2.61300
3.20900
2.85700
2.33500
0.87100
0.04600
2.09400
0.70500
1.81900
-0.05500
0.95000
2.07400
0.63000
1.80700
3.53200
5.82400
2.93100
1.97400
2.85700
3.37600
0.91900
5.50800
1.62100
2.80000
2.27300
1.52700
1.29300
2.45200
2.41300
2.41800
2.15100
3.19400
2.57200
1.34300
0.65700
3.24600
2.63600
2.57600
1.36300
2.58300
3.59100
3.11600
3.74400
2.22200
3.24300
3.33100
1.91200
1.49400
1.93300
0.27700
2.03700
1.30400
2.10200
1.15800
3.80200
5.06700
3.01200
2.87000
4.97700
3.54300
1.09400
3.39100
2.95100
5.60300
0.40400
1.20900
-0.31200
0.90600
0.58800
2.18100
3.11800
2.19800
0.78400
3.33600
0.77900
1.52300
0.81700
0.24000
2.34900
2.03400
2.44000
0.94000
1.24300
0.70600
2.34900
2.71100
1.90000
2.20500
2.09500
3.87000
3.32100
3.35400
2.99900
3.28300
-0.53100
2.90400
0.63000
1.87800
1.79200
3.36700
1.93800
3.41700
3.17400
2.83300
1.63000
3.64000
2.32200
2.37800
1.39700
1.86500
0.92200
0.92100
2.15600
0.97400
1.78100
2.47500
3.37700
3.54700
1.69800
1.81300
2.84600
3.03100
1.88300
0.25600
1.89900
3.61100
2.96600
2.23300
3.39600
2.53000
1.55000
1.66600
2.80200
0.66600
1.63500
3.91500
4.23600
1.82300
1.92800
3.78700
0.77800
1.39200
2.83900
1.44600
7.22400
7.39000
3.97400
4.19200
5.25700
-0.17800
4.39500
3.58700
2.46000
5.59500
0.79200
3.73500
2.35800
3.97700
2.17000
0.52900
2.36500
3.54000
4.78400
-0.15300
3.06800
5.13700
3.19700
3.74300
3.65900
3.34000
3.92100
2.74900
4.55700
4.20700
1.33200
2.12200
0.71900
0.57600
1.16000
1.67100
0.22200
2.57600
0.48100
2.27300
1.92700
2.08100
0.73600
1.69000
3.09100
1.81900
2.07600
2.82600
2.38000
2.48100
3.72400
4.04900
0.91400
3.22200
1.38300
2.24000
3.40300
2.44200
1.43900
1.73100
6.17100
4.25300
5.16800
5.12700
4.14700
6.87000
3.31400
4.16600
2.55600
6.66600
4.22600
3.00700
2.05400
1.21300
1.95200
1.60300
0.11900
3.08000
3.28800
2.36300
3.32500
0.76900
2.12700
1.94800
1.69700
1.75500
3.72100
2.13600
2.69100
0.78300
4.70800
4.24100
3.09700
3.29100
1.93100
2.06300
2.87700
3.31400
0.82100
3.29600
2.67400
4.07900
3.66600
0.73500
2.12400
1.39000
4.15800
5.15500
4.35300
2.78600
2.72800
4.45800
4.96800
3.19500
2.08400
2.22000
2.30400
3.91000
3.54100
3.06700
1.31100
3.51600
2.77300
2.94600
2.25500
3.06200
3.65700
2.59300
4.76700
2.71500
1.06400
3.19600
2.23700
1.03900
1.09900
3.96400
2.94100
3.37100
2.61700
3.65300
-0.15000
3.23900
1.08300
1.12800
1.90200
2.36700
4.31200
0.42900
2.74200
1.67000
1.55300
1.51200
3.71000
3.07900
2.08100
0.92300
2.66600
0.29000
5.51600
3.30300
3.69300
4.77600
4.58100
4.42200
3.95200
4.16200
4.32000
1.68200
0.31100
-0.11100
0.80900
0.65000
0.96500
-0.09300
0.32100
1.18900
0.11600
-0.16600
3.21000
2.67700
2.18600
1.65100
2.98200
2.23900
3.54800
3.22000
1.17900
0.45600
2.95200
3.04200
3.35700
2.55000
2.52400
3.79100
3.00200
3.75600
2.91300
0.21000
1.82500
4.62700
5.80900
2.19300
5.45000
2.65300
3.23300
3.66900
5.64100
4.96500
3.94300
2.55200
1.20000
1.68900
1.49100
1.57700
1.40400
3.49900
1.80200
3.26100
1.28900
1.12100
3.47200
1.51700
3.12400
3.91100
0.83600
0.76200
1.90400
0.87800
2.51600
2.95900
2.98700
0.73200
2.11900
1.91400
0.40100
0.93100
1.10600
1.08000
1.47100
2.09400
1.79800
1.60800
2.11100
2.70500
0.57400
0.66900
2.65800
3.54600
1.29500
1.18000
0.59200
3.78000
2.08100
2.35400
4.36500
4.11900
0.63100
3.00600
3.26500
4.24300
4.35200
1.28600
1.93800
1.39300
2.56200
2.05400
1.96200
1.27100
1.51400
1.57400
3.30700
2.98000
3.77500
4.05400
3.09400
3.09600
3.18200
4.70900
4.62500
3.30300
2.55400
3.38800
4.09200
2.85800
2.68000
2.26500
2.61600
4.49900
1.57600
2.69100
1.65500
1.73800
1.31000
1.08800
2.27300
0.79300
2.06900
1.75900
1.13600
3.32100
3.09700
0.92900
0.45700
3.16900
2.40200
1.21900
3.82900
1.08200
2.37000
2.92100
1.22000
2.48400
4.10500
1.10800
4.72300
4.20000
2.89400
2.64800
1.83200
3.09900
3.64500
4.00100
2.70300
2.10500
3.78700
2.57500
4.42200
4.35100
5.51700
4.35300
4.05300
2.65900
1.22100
0.92100
1.14800
3.90300
2.78300
2.88100
1.89200
2.56100
2.59000
2.26500
2.34400
4.03300
2.91900
3.00700
2.77200
3.78300
4.11700
3.41300
4.45300
3.15100
3.57100
4.18800
2.83200
3.36900
1.32200
2.55200
2.83900
1.79000
3.46700
3.57900
0.69000
0.89700
2.85400
1.68300
1.87700
3.40500
2.98800
3.19400
3.53500
4.97900
1.67500
2.05100
2.13900
2.02700
3.08300
2.59300
3.97200
1.69600
2.43800
4.90300
0.60500
0.28400
2.98600
1.55200
2.82400
2.04700
2.53800
2.20600
3.63600
2.91300
1.67900
1.61000
0.84600
2.72300
1.78900
2.59500
2.88000
1.20500
1.71200
2.50800
-0.25100
-0.84000
1.42900
1.05200
0.97200
1.14100
1.15100
1.50700
2.21200
3.63700
3.83200
2.12700
3.52300
0.90900
1.40400
3.17100
2.33200
1.83100
0.62600
2.98100
1.77300
2.11500
2.49100
2.09000
2.40700
2.34100
3.19900
2.67600
3.53800
3.42800
3.44900
2.54400
2.90300
3.67800
1.22000
2.27300
2.68300
1.38900
4.07000
2.46200
2.17700
3.65400
0.24700
1.07500
2.09400
2.58800
2.15900
2.83100
0.39300
0.59800
1.97800
1.72600
5.01100
4.03800
2.64600
4.29600
2.34600
1.54700
3.02500
1.47000
2.46600
2.27600
3.26900
1.79600
3.41700
3.57200
4.00500
0.59900
-0.66900
0.82100
2.19000
2.41000
0.28300
1.26300
1.72700
1.90600
0.34400
0.96100
1.28100
1.88500
3.17900
2.66700
2.90300
3.11800
2.71300
1.78600
0.92000
2.73700
2.65100
1.85800
1.36100
3.34400
1.36000
1.96400
3.03500
2.05700
2.02200
1.23300
5.06900
1.94900
1.12200
3.28900
1.66200
2.04900
1.70600
1.86800
1.92800
3.06000
1.34100
1.36000
-0.13400
3.23000
1.34400
1.40700
2.25500
2.11600
1.57700
2.98200
2.38800
0.50400
0.63900
0.65300
0.27900
1.56000
0.04900
0.84600
2.20300
0.53800
0.88200
1.55500
3.32300
4.02300
5.52900
3.23500
4.22100
0.21800
2.09000
1.95400
3.90100
1.60400
1.22400
1.56600
0.79300
0.33400
2.87700
4.68800
3.82200
2.78700
6.22700
4.48500
4.24100
2.53500
3.89900
3.05800
3.39400
4.45800
4.39400
2.25700
2.02200
5.34500
3.72200
4.48600
3.74100
1.73500
4.71200
3.61100
2.19900
3.23500
5.04000
4.51600
4.10100
2.55400
2.46500
3.87700
2.98800
2.57400
3.02800
3.96700
3.96600
4.49900
5.52800
3.53200
3.12800
3.98200
3.49400
4.82500
3.10600
4.79900
3.67100
3.52800
0.93400
3.12100
1.17200
1.08700
-0.81800
1.32800
1.96600
2.70600
0.66100
1.32900
0.22400
-0.01900
1.68400
1.49600
1.54900
0.66300
2.80500
2.75800
1.72400
4.02400
2.98000
0.79700
1.55900
0.36000
3.79900
3.54600
3.01500
2.88100
3.66900
1.97200
2.11600
2.00700
0.49400
3.72200
0.91500
0.32200
2.03500
1.50300
1.23400
0.77500
1.16900
3.03900
1.47200
2.95200
3.94600
2.37900
4.22100
3.29900
4.08400
4.21400
0.81100
6.15200
2.05400
0.83700
2.17900
4.24700
1.64700
2.05600
1.09700
1.47000
2.72700
2.20700
2.02100
1.68400
3.48800
0.71300
1.98700
1.78200
0.89300
4.28500
3.63900
1.67600
2.28200
5.08000
1.59300
0.42800
2.74800
4.25800
3.37900
-3.35200
-1.50600
-7.48400
-4.48900
-5.07800
-4.56600
-3.56300
-2.54500
-4.40600
-4.48800
-2.37600
-2.20900
-3.73300
-2.87100
-2.65200
-0.95500
-0.58000
-3.09400
-3.85400
-1.81500
-2.89100
-3.89700
-3.50300
-0.36700
-2.42800
-0.21600
-2.69500
-3.66300
-2.44300
-5.07200
-2.04100
-1.19900
-0.73500
-4.57200
-2.86900
-3.62900
-3.24800
-2.83600
-5.48200
-5.27200
-7.03200
-2.67300
-0.85000
-4.02800
-3.97400
-3.18000
-3.19000
-2.81000
-4.71700
-4.58500
-6.44500
-3.64400
-4.27800
-2.32200
-3.15400
-4.67400
-3.83400
-3.50500
-3.12500
-1.25500
-1.24800
-2.85600
-0.41000
-1.89600
-3.91600
-5.05000
-2.94600
-2.96500
-3.28300
-1.07900
-1.94400
-4.55600
-1.92500
-2.87200
-3.97700
-2.79700
-3.04900
-1.52400
-2.37000
-2.19800
-2.36200
-3.38300
-2.13400
-2.79600
-0.72900
-2.01500
-2.58900
-1.66900
-1.54300
-4.79200
-4.55700
-2.42000
-1.85900
-4.41700
-2.41700
-0.32800
-1.43900
-4.88800
-2.07000
-4.80700
-3.45300
-4.17600
-5.20000
-2.88000
-4.70100
-2.69900
-3.50100
-2.81800
-4.94900
-4.81300
-2.64300
-2.59800
-3.21900
-2.03600
-5.24200
-6.07000
-3.14600
-3.34700
-4.56000
-0.82000
-2.77600
-2.64500
-0.61500
-4.40000
-4.37900
-3.23200
-3.28600
-4.29800
-2.27400
-2.27600
-2.21500
-3.41700
-4.06300
-4.92300
-2.00200
-4.24300
-4.41100
-4.70600
-2.13200
-3.74300
-3.08200
-3.98200
-4.41300
-4.79100
-3.27900
-2.59200
-2.85400
-3.55100
-5.78900
-0.58800
-2.00100
-3.88200
-4.16800
-4.73700
-4.60900
-4.75400
-1.52700
-2.91400
-3.90300
-5.20400
-3.38500
-4.20800
-4.50800
-4.49200
-4.35400
-2.46700
-1.77700
-4.20100
-1.89200
0.66000
-1.42000
-2.89300
-1.98800
-2.37300
-1.52600
-2.09500
-2.65600
-4.25400
-2.97700
-6.09200
-3.84700
-6.06900
-5.19600
-4.97800
-7.06100
-4.83800
-4.35200
-4.77100
1.59400
-3.90700
-2.82100
-3.95000
-2.41300
-0.61500
-5.32600
-2.92200
-3.56700
-0.84900
-3.00700
-2.62000
-3.45500
-2.11900
-2.34500
-3.85700
-3.29100
-4.26800
-2.87300
-2.14600
-4.95100
-4.44500
-3.98000
-6.00500
-2.15700
-3.55900
-2.99500
-5.63100
-3.75000
-6.06200
-1.78100
-1.47800
-2.79900
-2.57900
-2.33100
-1.47300
-2.93600
-1.98900
-3.04200
-0.62400
-0.66800
-4.03600
-3.15300
-3.82800
-3.96000
-1.86400
-4.90500
-3.69200
-2.66400
-1.09100
-2.90000
-1.16100
-2.75200
-3.29100
-2.75600
-1.16600
-2.67600
-0.86700
-3.23900
-0.74200
-1.62400
-3.51800
-2.64900
-1.43900
-1.50700
-0.51500
0.75700
0.21300
-2.82400
-1.04400
-3.12200
-1.96200
-6.45100
-3.13300
-2.58700
-2.48700
0.04100
-5.47100
-3.07000
-1.79000
-2.05900
-2.53500
-2.85200
-2.51900
-1.07000
-2.43800
-1.87200
-2.98500
-2.86800
-2.08400
-4.31700
-5.44300
-4.64500
-4.11600
-4.23500
-3.63600
-2.91600
-4.74200
-0.73400
-4.19700
-2.64100
-1.70400
-1.79100
-2.62700
-1.21400
-4.93600
-1.50100
-4.28700
-5.94700
-5.15600
-1.55700
-2.66500
-2.75100
-2.84300
-3.24300
-2.98600
-5.39500
-3.34900
-4.55500
-5.79400
-1.56300
-0.79100
-0.68000
-4.04000
-2.72500
-2.44400
-4.28800
-2.99800
-5.40200
-3.87000
-3.84400
-4.11500
-2.75600
-4.65600
-4.01800
-3.02700
-4.92800
-4.84700
-3.67900
-2.42100
-4.23000
-4.24200
-5.15600
-1.53300
-4.86100
-3.25500
-2.09900
-4.05400
-5.86900
-5.98500
-2.20600
-2.21800
-1.56500
-1.84300
-1.30900
-0.89100
-5.50400
-2.42000
-4.11000
-3.01300
-5.16400
-4.08100
-2.27800
-4.57500
-4.14300
-1.11000
-2.09400
0.45300
-4.33900
-5.38800
-3.72100
-5.64500
-3.50900
-6.97000
-3.99900
-2.26100
-3.44400
-3.69300
-3.98100
-2.82400
-1.56200
-0.21800
-1.69600
-2.85700
-0.93800
-5.03800
-1.86200
-3.95900
-1.30500
-4.12200
0.28600
-2.70000
-2.37300
-2.66900
-1.62400
-3.15100
-1.55600
-2.53400
-2.90800
-0.96100
-3.81600
-3.75800
-5.09700
-4.95400
-4.05800
-4.90000
-5.40500
-4.06900
-3.82700
-1.79900
-3.06400
-3.27300
-5.46300
-4.64400
-6.30700
-2.64900
-3.53700
-4.36700
-1.35400
-1.76900
-1.73200
-0.82100
-1.64400
-2.17700
-2.67300
-0.91000
-3.71800
-2.69700
-3.11500
0.37300
-3.83200
-1.79500
-1.60500
-2.81600
-0.07800
-2.78800
-3.86600
-2.36000
-3.16000
-4.53000
-3.02400
-2.39700
-4.50700
-4.25600
-4.69600
-4.94700
-2.56600
-1.95800
-5.77400
-1.98500
0.69700
-5.89700
-0.25800
-0.70800
-0.86400
-3.88200
-0.22600
-5.75800
-5.34600
-1.57400
-4.16800
-2.69100
-3.24900
-4.57900
-6.48900
-6.68400
-4.53100
-5.98200
-6.02300
-2.70300
-2.83800
-3.18000
-4.20100
-2.84000
-3.93100
-4.97700
-2.78400
-3.68300
-4.00200
-3.65200
-3.88800
-3.17000
-3.14400
-3.68400
-4.55100
-2.58200
-3.63100
-3.81900
-3.49600
-3.35800
-3.69200
-1.92800
-3.43900
-1.87800
-1.35100
-6.06900
-1.52100
-5.05400
-3.14700
-3.93600
-2.54200
-0.48800
-1.92600
-3.56600
-2.04400
-1.98100
-4.13900
-3.99500
-3.34300
-0.89200
-4.23700
-4.90600
-4.06000
-3.06500
-3.37500
-2.69400
-3.57700
-3.88900
-3.00000
-4.01800
-4.84700
-6.40700
-3.12600
-4.65900
-2.62100
-5.97700
-3.69400
-4.83800
-0.49100
-1.84000
-2.59600
-3.61200
-3.02800
-3.38600
-3.32500
-3.48800
-1.60700
-5.76200
-1.88600
-3.47900
-3.90400
-0.26600
0.35400
-4.21700
-3.13200
-5.05200
-3.20700
-4.52800
-5.23600
-4.82000
-5.65600
-3.65900
-2.40600
-4.36500
-0.92800
-2.03400
-0.96200
-1.11700
-5.02400
-1.46300
-3.22500
-3.19900
-1.44000
-1.48500
-2.71000
-4.76700
-3.09300
-3.21200
-3.93600
-2.41700
-2.95500
-2.59700
-3.97600
-4.14100
-3.03100
-2.88900
-5.51300
-3.30600
-2.99000
-1.56400
-5.28200
-0.34600
-3.39500
-2.07200
-3.85600
-6.10600
-1.39900
-3.54500
-2.66500
-4.21000
-1.54200
-0.86000
-4.18700
-2.24500
-0.71700
-2.69000
-5.17200
-4.39000
0.31000
-1.89800
-2.16300
0.49700
-4.24200
-1.59600
-3.52100
-3.66200
-2.77800
-3.48400
-0.84300
-1.71900
-4.25000
-1.88900
0.02600
-0.33900
-2.21700
-2.59100
-0.91000
-2.40500
-2.89500
-4.27600
-1.94200
-4.13300
-3.52700
-1.18800
-2.49900
-2.52400
-2.47100
-0.64500
-1.33700
-0.23300
-2.29100
-2.33500
-3.70100
-3.44300
-2.90700
-2.11100
-0.28400
-2.86200
-3.07400
-1.67300
-4.46900
-2.50100
-3.59900
-0.03900
-3.04400
-4.40300
-3.10900
-3.61000
-2.53900
-2.77700
-2.87000
-4.62700
-3.41100
-0.53400
-4.18700
-3.85800
-5.34000
-3.37800
-2.92800
-3.18100
-3.28500
-3.70600
-4.28900
-5.59100
-3.28500
-2.56200
-5.15700
-4.99400
-4.69300
-2.78200
-3.10400
-2.56800
-2.20900
-4.72300
-1.17400
-4.28400
-3.20100
-3.14800
-2.10200
-0.88900
-1.65200
-2.50200
-1.37900
-0.85600
-2.28100
-1.93800
-2.19900
-2.93500
-3.02000
-1.86200
-1.72600
-2.29300
-2.06100
0.76600
-2.83400
-1.56700
-1.03300
-1.71700
-3.06500
-3.58400
-4.00900
-4.10800
-3.02300
-4.90400
-3.41400
-2.49900
-3.88700
-5.37300
-2.74000
-3.43100
-2.10300
-2.13200
-1.62700
-1.92100
-3.52900
-2.50700
-3.49800
-2.79700
-2.04200
-3.08700
-3.76500
-1.94900
-4.17200
-3.90400
-4.20900
-3.28500
-3.10300
-0.87200
-0.50900
-3.66700
-4.50500
-4.64400
-2.20500
-0.19700
-1.73000
-0.85800
-3.82700
-2.39600
-2.67800
-0.95800
-2.37500
-2.49300
-0.91800
-2.52000
-0.97700
-3.09100
-2.21100
-1.91800
-1.96000
0.25300
-0.38000
-0.14900
-1.41000
-1.46200
0.62500
-0.67900
-2.82100
-0.42700
-1.46000
-1.78400
-3.63600
-0.99800
-3.71900
-3.41200
-1.14300
-3.65300
-3.91000
-2.73000
-2.23600
-1.92100
-4.21100
-3.16300
-3.53600
-3.38200
-3.61800
-0.67800
-5.88100
-1.11200
-4.12000
-3.42600
-0.85300
-3.27700
-0.95600
-3.64400
-2.80900
-3.05300
-4.37100
-3.87800
0.32800
-5.34800
-3.42400
-4.69700
-0.40900
-4.35800
0.35900
-1.09300
-4.41400
-2.78100
-3.78600
-4.12800
-4.53100
-1.67400
-4.54400
-0.32800
0.07400
-3.10100
-3.96300
-4.49900
-1.11700
-0.84400
-0.40300
-1.63600
-1.36600
-2.31100
-2.43900
-1.15800
-2.34100
-2.52200
-4.82200
-4.57500
-1.99800
-2.67300
-2.20700
-3.49300
-2.94900
-4.62800
-4.66100
-5.41900
-2.92000
-0.35900
-4.71500
-4.41300
-2.05400
-3.99100
-0.74500
-3.31500
-0.95300
-3.86700
-3.70900
-0.49100
-0.78400
-2.56000
-2.53000
-1.51100
-0.89000
-2.99300
-3.08800
-3.56500
-2.38600
-1.66500
-2.33800
-3.23100
-4.11700
-1.28200
-4.09100
-4.65700
-1.33200
-4.94500
-4.37600
-1.89100
-4.76900
-3.37700
-2.76100
-3.86600
-1.53500
-3.26400
-2.66900
-4.28400
-5.07700
-4.68100
-3.65100
-4.65200
-3.80400
-3.14100
-3.41600
-1.64600
-4.68600
-4.41100
-0.57400
-1.76200
-3.33100
-4.11700
-2.67700
-1.55300
-3.00500
-5.35400
-3.58600
-3.37400
-4.62700
-3.93300
-5.02000
-4.00400
-0.81300
-1.95200
-2.75200
-3.87700
-2.13100
-3.01100
-2.46400
-3.44800
-5.30800
-1.50500
-4.88700
-4.73600
-2.22500
-5.35300
-4.48800
-6.36000
-2.01400
-3.30200
-1.56800
-2.49700
-1.63700
-3.58100
-4.66300
-1.61300
-0.46700
-1.38800
-1.43600
-2.94900
-3.60300
-4.85200
-4.80800
-1.26400
-4.98800
-4.00800
-3.64100
-4.56200
-2.34500
-3.01700
-1.90300
-3.18700
-3.53400
-4.04600
-1.25800
-3.72700
-3.18900
-4.16500
-3.07900
-2.60600
-3.42600
-4.04700
-0.44100
-2.47300
-0.31100
-0.94000
-4.15200
-4.21200
-4.06400
-1.35000
-4.52900
-5.03100
-4.07700
-5.91000
-2.61000
-4.85900
-3.35100
-2.63900
-4.03700
-2.50200
-1.74500
-2.17400
-2.12600
-2.97800
-3.67000
-1.89500
-2.20100
-2.41300
-4.34400
-2.84000
-3.00600
-3.02900
-4.15200
-2.77800
-2.56200
-3.00100
-1.43300
-0.32200
-4.56800
-3.36800
-6.08200
-2.07000
-5.98600
-2.88800
-3.42000
-5.61600
-2.34400
-0.82000
-5.93700
-2.72500
-2.89200
-3.50100
-1.81400
-2.02600
-1.82500
-4.85300
-2.92600
-3.71100
-2.95900
-3.45400
-2.04300
-1.56700
-3.07400
-1.24500
-2.74700
-1.08000
-1.64900
-3.41100
-3.41000
-2.94900
-3.46900
-3.28700
-4.12800
-3.85100
-3.15600
-2.28200
-3.07300
-2.35500
-1.75400
-0.03700
-2.94300
-2.01800
-2.20800
-3.05400
-2.18600
-2.18000
-2.78100
-4.38900
-5.35300
-3.42000
-3.14100
-3.53300
-3.92700
-4.00300
-2.80500
-5.56700
-4.78000
-2.51400
-1.53300
-3.45300
-2.27900
-3.91800
-3.21900
-3.01700
-3.39500
-3.25300
-1.26600
-4.41800
-4.59600
-2.22000
-2.04100
-4.36300
-4.68000
-3.25100
-2.39000
-3.75300
-2.64800
-3.30700
-3.22200
-2.18700
-3.76600
-1.17900
-5.54500
-3.34400
-3.73100
-4.20100
-3.58900
-2.30900
-3.40400
-1.92400
-2.95500
-1.15800
-4.34200
-2.09500
-2.83400
-2.53900
-2.76000
-3.36500
-1.40800
-3.77700
-2.88700
-2.02400
-3.29700
-3.85200
-1.76000
-0.37100
-1.43000
-0.86800
-3.55900
-4.57900
-3.19200
-3.52900
-4.55900
-4.46500
-2.23300
-0.30400
-1.72100
-2.92400
-3.67600
-2.50000
-0.72900
-2.33200
-1.65700
-2.63000
-5.42000
-1.05700
-2.69200
-0.99400
-2.35600
-4.08900
-3.13500
-5.06500
-2.66200
-3.53700
-2.30200
-3.27500
-3.62400
-3.17800
-4.38800
-4.41500
-5.26900
-4.76300
-1.67600
-5.48500
-5.08400
-4.13100
-5.04800
-4.03000
-3.64300
-2.11400
-4.70100
-6.35900
-4.79500
-6.16700
-5.24400
-2.63100
-6.16400
-2.85300
-4.27700
-1.83700
-1.73000
-2.67800
-0.11000
0.58500
-0.46700
-2.49600
-1.93800
-1.24300
-2.45200
-3.08500
-4.48200
-1.66400
-4.02500
-4.47900
-2.65900
-2.51300
-3.08800
-2.31600
-3.13600
-5.52400
-5.92200
-3.67500
-0.86600
-3.92300
-6.50800
-6.31300
-1.39800
-5.05900
-4.17200
-3.25100
-2.03400
-4.36000
-1.14400
-2.47000
-1.96600
-1.01900
-3.04500
-2.43600
-3.81900
-3.12000
-2.49900
-5.06200
-4.24100
-1.46100
-4.46000
-3.33800
-2.50600
-5.39600
-0.99300
-1.55400
-1.72600
-3.00000
-0.74800
-2.89900
-3.66700
-1.58500
-1.06500
-1.56600
-1.58800
-4.13500
-2.81900
-2.80600
-3.98200
-1.76700
-3.68100
-3.65200
-5.91300
-6.03100
-4.84300
-4.21700
-3.68300
-5.03900
-5.46500
-5.82600
-4.33400
-2.71200
-3.52300
-5.78200
-4.83400
-0.89700
-2.90500
-4.11500
-5.18000
-5.52100
-2.51600
-4.98400
-3.27200
-6.35800
-2.30600
-3.94200
-5.54800
-3.60900
-5.43400
-3.05000
-4.21300
-4.71900
-4.59400
-3.13700
-5.78600
-2.28000
-4.25800
-4.65000
-1.98400
-1.10800
-2.38500
-1.85000
-2.29100
-3.06100
-1.76000
-0.79000
-1.34300
-2.61200
0.24000
-1.97000
-2.89400
-2.92100
-2.99900
-2.39100
-1.41000
-5.14600
-4.18300
-4.76600
-5.40400
-5.94000
-4.59800
-4.71400
-4.93700
-3.38200
-2.86500
-3.41400
-4.99900
-4.39000
-5.16700
-4.58000
-6.62600
-5.39600
-5.40100
-3.98300
-5.19500
-5.51500
-3.58300
-5.43700
-4.69100
-5.97300
-4.23800
-4.24500
-4.61300
-3.93800
-3.97800
-3.31400
-3.23900
-0.80600
1.03700
-1.49100
-0.48800
-0.97700
-1.72200
-1.40800
-4.11200
-2.25000
-2.27300
0.06100
-1.36700
-0.77200
-1.13000
-0.73700
-2.01600
-4.73800
-3.98000
-6.04800
-4.77500
-4.61400
-4.67200
-2.24500
-2.69400
-5.23500
-2.65600
0.07100
-0.65200
-3.44100
-0.00000
-1.37200
-0.86000
-1.99100
-0.58700
-3.13200
-4.62900
-5.56500
-4.90500
-2.98700
-0.69900
-1.77300
-2.22300
-3.09300
-2.34400
-5.26900
-3.79000
-2.93200
-0.55800
-3.55800
-4.78100
-3.00500
-4.39900
-4.15400
-3.54400
-3.18300
-2.84900
-3.63100
-2.68300
-3.08700
-2.29300
-1.42000
-5.10700
-4.62900
-2.05400
-3.45900
-2.34800
-4.69700
-4.08800
-3.14300
-6.54600
-4.53400
-2.86700
-7.43600
-3.24100
-3.47800
-3.09900
-4.45800
-2.05100
0.20600
-2.56400
-2.52400
-0.98600
-2.67900
-0.50500
-1.97300
-1.76900
-1.57600
-3.89400
-4.27700
-2.89000
-3.26500
-2.05200
-3.79900
-2.02300
-4.25800
-4.91900
-3.14300
-1.64700
-1.98400
-4.12000
-3.31300
-3.42700
-2.82400
-3.37200
-2.61900
-1.21900
-1.88800
-0.69600
-1.19100
-2.98300
-4.39700
-4.00900
-4.90700
-2.94500
-3.47200
-4.28300
-1.98400
-4.16800
-3.85400
-1.87000
-0.81400
-3.02800
-1.12200
-1.39200
-3.73900
-4.34300
-2.73700
-1.58400
-0.76600
-3.91300
-3.93800
-4.37800
-4.07100
-0.14500
-6.32400
-4.81000
-4.22000
-3.02800
-3.92200
-3.44700
-2.01600
-3.02500
-5.60400
-4.73200
-2.34500
-4.69900
-4.97500
-3.70700
-0.56800
-1.65600
-0.18900
-2.28600
-1.75200
-1.39900
-1.50700
-1.92400
-2.97400
-1.93900
-2.36100
-2.32400
-3.43200
-4.81500
-4.65600
-3.17400
-2.90500
-3.88000
-0.37000
-3.04400
1.22500
-1.07700
-1.00200
-1.67400
-3.95800
-3.33000
-3.40000
-2.29300
-2.24100
0.72900
-3.87100
-2.99700
-2.60100
-4.52900
-1.17300
-3.83900
-5.65600
-3.12100
-4.78400
-5.77200
-6.10800
-5.30200
-2.31100
-6.24100
-3.12000
-3.77400
-1.39700
-1.28500
-6.08800
-3.31800
-3.70800
-5.22200
-3.04700
-0.03200
-2.95700
-5.38700
-0.67500
-3.47400
-5.47700
-2.79100
-1.91800
-4.38800
-3.61800
-4.31500
-3.85200
-5.19800
-5.72100
-4.72600
-4.36800
-6.57700
-3.75600
-1.39300
-6.43500
-6.45500
-3.59500
1.14300
-4.94000
-2.19300
-4.41200
-1.36100
