1.55590
1.08590
2.02085
0.73905
1.44609
1.17430
0.84724
1.60588
1.48472
0.59708
2.36125
2.57908
1.81663
1.45385
1.64694
2.26939
1.69817
1.51661
1.55964
2.62103
5.84316
7.28043
6.68292
2.69411
7.63340
8.06202
6.13457
4.17006
7.23182
3.62732
8.28427
8.37752
7.26764
8.08086
7.70201
6.23234
5.63593
3.29105
2.43928
6.30972
3.10147
3.88988
7.95439
9.30087
6.87378
8.49939
7.79679
8.02671
4.09809
8.47987
5.44846
8.58883
3.16602
3.49279
3.09592
4.97913
3.21854
4.89491
2.96247
6.16188
3.19134
4.88401
6.04685
7.40111
5.05083
8.00987
9.34105
6.01752
7.16883
7.61383
8.50389
6.16220
1.83025
3.14638
1.85929
1.69147
1.84389
2.55218
2.80053
1.95188
1.69208
1.61193
2.36414
2.79257
3.69404
2.64077
2.54588
2.85869
3.96226
2.37376
1.82684
2.40180
3.85774
3.61477
3.43524
1.16784
2.62195
7.72489
9.03119
7.73631
10.80612
8.46781
7.60412
6.80766
7.37214
7.68815
7.36349
1.47113
3.57356
1.54200
1.30620
2.57424
2.27128
3.14216
2.61142
1.88447
2.96635
2.65925
4.26308
2.36499
1.88921
1.99888
2.27637
3.35224
3.25953
3.77212
2.57623
3.22777
3.51332
8.37944
7.58606
3.48609
7.83587
7.40046
8.93223
6.80013
7.74931
6.63657
7.61913
1.96875
1.39477
2.11517
2.04958
1.46428
1.96700
1.87498
1.77600
2.69433
1.17919
1.58728
2.05193
2.30336
2.39811
2.74281
2.61211
2.75489
6.16395
6.19825
7.19758
9.98655
2.56441
7.92085
7.76248
1.59922
4.84713
8.20108
5.82599
5.92445
1.32771
1.60753
0.04284
1.63400
1.58910
1.17089
1.36782
0.99306
0.91312
0.36154
3.36180
3.78042
2.98744
2.17120
2.18612
3.24989
3.53726
3.04881
3.25479
2.93525
2.09623
1.48028
3.97863
3.00793
2.62473
1.60190
2.48882
2.63749
2.37161
2.24720
4.74048
6.25406
6.22856
6.46435
4.64611
6.94505
4.79288
6.57349
7.24595
5.86087
6.38530
4.11709
6.92196
5.78986
7.71776
7.61670
4.43647
6.38984
5.38098
5.19900
2.98689
5.18786
3.70496
5.69622
5.72341
3.76568
3.77438
5.99312
2.83201
2.06003
2.03222
1.95821
2.56850
2.23653
2.12298
2.62121
2.02701
4.52740
1.56157
2.42503
2.75638
2.05578
3.19215
2.64072
1.94769
2.01534
2.55722
2.11169
0.92709
1.65918
0.95609
2.01275
1.15146
1.02481
0.35196
1.84966
0.57998
0.91376
1.21093
1.59457
0.44923
0.72634
1.76721
1.13322
1.74978
2.26124
1.82490
2.71346
1.79587
2.12308
1.29893
1.40413
3.52239
1.42292
2.26250
2.67118
1.11363
2.23754
1.71701
1.54970
7.43794
6.94212
6.86113
6.71479
6.54223
6.65703
7.24204
6.73622
7.27212
6.00783
7.67405
6.84498
7.01458
6.86682
7.26131
6.11150
7.70939
6.58558
5.62526
5.96654
3.83995
7.15934
5.83938
5.85735
3.87054
8.75478
2.34751
2.70847
7.53733
4.98929
2.40501
2.69690
3.13883
1.80882
1.49150
1.50755
1.46721
2.30483
2.67784
1.71962
3.14401
3.04573
2.62418
2.40008
2.40232
2.73596
2.44484
2.67413
2.15814
3.74970
2.71871
1.71060
3.21715
3.80710
2.80344
2.50190
1.83711
2.74303
3.23599
3.21860
6.91382
7.98595
6.99814
6.80230
7.23571
6.69852
5.51569
6.31951
6.08337
5.21955
5.36206
6.55318
7.33122
4.78614
6.33572
8.60217
5.95571
2.75595
5.48565
5.99870
0.94970
2.35412
2.16423
2.47200
2.49850
2.41463
2.22569
3.25151
2.71639
3.22972
4.91275
2.15409
3.32634
3.40589
6.42182
3.78093
5.54829
2.70448
5.84382
4.51305
1.06453
2.19632
1.63864
2.94158
2.27900
1.87174
2.12932
2.12473
1.42110
1.73426
2.68599
8.78817
4.83717
10.03067
6.14739
7.92444
7.57305
7.48208
6.33864
9.04292
2.40272
3.25730
1.52474
1.14155
1.21301
1.68505
1.12588
4.04459
2.21725
2.94550
1.96550
2.14177
2.54954
1.67704
2.34648
2.32725
2.21332
3.45958
1.73492
1.83041
2.67495
5.74798
2.98383
4.35639
3.84243
6.20453
2.13891
3.31619
3.03403
3.16934
8.02349
6.18912
2.99874
5.17858
7.22594
6.16711
6.73247
7.69711
3.72439
5.53232
2.63433
2.96544
2.13261
3.18000
2.41701
2.56072
2.20601
2.92042
3.04644
2.77012
2.27567
3.56687
2.11165
2.88207
2.85575
3.34309
2.84297
3.14640
2.91590
3.02088
0.38827
8.10418
7.61331
10.57943
8.29281
5.94865
7.69486
7.26320
6.45874
6.20170
7.84683
7.97562
6.84405
6.15387
6.76473
7.69028
7.47190
8.14290
7.26603
4.70847
4.64833
2.59600
3.21293
6.64238
5.55089
3.13383
6.24732
4.03714
7.00749
5.53434
3.67632
3.00127
5.60726
3.84305
6.18803
1.54049
2.39310
4.49151
3.63145
8.43572
7.59461
8.63892
7.27663
8.67448
5.16922
6.36070
5.41146
5.87194
6.44209
2.60660
1.23818
3.28458
2.85828
2.15227
2.62492
4.75609
3.27077
2.71801
1.81692
2.62223
2.47301
3.66857
2.25094
3.01631
2.12053
2.53051
3.16467
4.25158
5.01056
2.79356
4.48338
7.43245
7.26430
7.60070
2.50697
5.69555
2.24818
4.67492
0.74525
0.38160
0.78067
1.44357
1.58618
0.83597
2.00164
1.39909
0.28338
1.08264
7.46557
6.93031
6.68900
6.45418
6.95649
7.41780
6.99116
7.66125
8.40551
7.69493
7.36786
7.01979
7.65859
7.84246
8.41894
8.55321
8.55705
7.88475
8.01223
8.37851
9.66342
4.71790
6.68324
2.10207
9.50488
7.29863
8.23681
6.89676
3.23995
6.85939
3.34505
2.91458
2.27162
2.64569
1.29180
3.15677
3.02841
2.75275
3.43153
1.76534
2.75290
1.63125
3.12074
1.95235
1.27683
1.83141
1.93390
2.39173
2.16697
1.47030
1.09597
1.13151
0.27420
1.54507
0.21824
1.01971
1.11970
1.95584
1.32702
1.10044
1.09277
1.90081
1.34236
2.05322
0.97254
0.97266
1.49017
1.41882
0.99050
1.01586
1.39629
1.90764
0.23292
1.05188
1.15124
1.81102
1.51419
0.63250
1.94712
1.37613
0.97889
1.09098
1.62930
2.01250
2.24017
1.22825
0.83022
2.11386
1.50246
1.87472
6.58896
7.37968
8.11520
7.85401
7.38200
10.03740
8.91807
7.99730
8.37993
7.86116
1.86931
2.00507
1.36912
0.74517
1.72631
0.88498
1.48699
1.52093
2.25013
1.94619
7.75388
7.64015
8.09214
9.14484
9.80040
6.59860
7.19643
6.92724
9.25580
5.90725
4.52607
3.37166
2.77453
8.18370
3.57165
3.39660
5.56359
2.50088
2.65089
2.71824
4.02530
2.52046
3.31061
2.84452
3.32902
2.29537
2.14510
2.73450
2.95384
3.10485
2.59949
3.29165
2.69314
3.86945
3.14569
2.45558
2.44566
3.50780
3.72910
2.76475
1.02930
1.42881
2.04050
1.24119
1.69767
0.94985
2.30813
1.97806
1.40421
1.50959
7.95149
8.79302
6.97730
8.19516
3.19701
5.48122
4.39643
7.66753
8.46275
6.30391
2.22439
2.64335
1.31844
1.92053
2.40505
3.10077
2.86579
3.17783
2.90858
2.01564
1.82843
3.11007
2.22345
2.33002
2.46939
2.04882
1.93330
2.22383
3.01544
1.66981
2.53885
2.71210
2.54335
2.34425
2.13929
1.81689
2.13178
2.09748
2.23007
3.39061
4.48294
3.81253
2.76411
2.99033
4.51650
3.13339
2.75806
2.57225
3.45299
4.46327
0.85170
2.90273
0.79274
1.63483
1.89897
3.02461
2.56089
1.34739
1.63700
1.66742
2.10896
1.16626
0.93715
0.98060
2.67873
2.12868
2.50198
1.82984
1.20406
1.16370
1.95164
2.47915
2.14496
2.83487
3.29354
2.92974
2.43860
1.79980
2.98738
1.32552
0.39616
2.01269
2.13815
2.35149
1.99384
2.14353
1.61451
2.30845
2.84196
2.30690
1.95461
2.15562
1.44612
2.21835
1.05360
0.91429
1.46588
1.34504
1.54253
1.42240
3.73110
3.54922
5.02682
3.59149
3.25807
2.99096
3.99275
4.35316
4.28925
2.11551
1.53253
1.84666
3.14028
2.24911
2.58221
3.17566
2.29541
2.70208
2.75701
0.07478
0.96626
3.07302
2.39050
1.15191
2.07096
1.63564
1.25928
1.85298
2.41587
1.96684
7.74324
4.38120
5.90383
4.50014
5.70020
0.86306
5.08281
8.61883
7.21930
8.47917
1.27836
2.28628
2.12060
3.79775
1.79202
1.19754
2.74077
2.48676
2.80956
1.33124
5.09062
6.17935
5.61378
8.11917
6.74300
6.25059
6.78998
6.49177
7.70869
7.10921
1.56072
2.49342
1.86880
1.73297
1.45914
2.19662
1.53513
2.83849
1.93158
3.72405
2.15179
2.19665
2.46970
3.21476
3.14303
2.21255
2.08387
2.85848
2.23101
3.42156
5.74630
5.80068
6.55603
6.97983
5.98399
5.94813
5.60954
5.82321
4.97901
5.01936
5.21683
3.69724
3.42986
5.20447
3.92218
4.21907
3.11934
2.95778
3.06421
3.69021
2.60082
7.25163
5.80613
1.62663
6.49582
4.99324
0.94763
8.21422
7.42927
6.38893
2.53075
2.03912
1.99819
1.66932
0.85061
1.85266
1.23093
1.79341
1.50468
0.81568
7.02456
8.05061
4.71815
5.17194
6.70860
9.09955
5.47303
4.39186
6.48599
7.57500
3.29455
3.09997
2.59297
2.00396
3.14768
1.79312
3.59613
3.86645
3.70137
2.90283
2.65238
3.09015
3.59304
2.95056
2.04893
2.13018
2.96982
2.87499
3.12841
1.85174
2.28343
2.10475
1.95163
3.50615
2.41452
1.49886
2.21676
1.96901
2.26912
2.15922
1.54919
1.60967
2.41261
1.68934
3.14648
3.10877
3.72530
2.96732
2.72350
3.04638
1.64929
2.11753
0.73299
2.01832
1.41586
2.67435
2.03205
0.73571
1.81450
2.27686
1.69189
1.48587
2.19283
1.93779
1.54523
0.82154
2.10505
1.40178
7.30464
6.36859
7.31080
8.17219
5.30503
6.58809
6.47424
7.72992
8.71251
9.19612
0.53239
0.90383
0.96959
1.30585
0.91031
0.47904
-0.25548
1.57619
0.00864
0.43279
6.96746
5.97526
8.01892
5.62597
5.76169
5.91208
7.04714
6.48620
6.95337
5.56216
1.65695
3.53738
3.13612
3.77728
4.78181
4.40311
3.32905
3.00202
3.30812
2.55069
1.96289
8.41424
8.29656
8.82062
7.49744
7.03684
7.50888
6.99547
7.91632
9.15290
7.90314
2.27242
1.45888
1.77042
2.10194
1.24998
2.21476
2.55216
1.67530
2.53731
1.77674
1.29213
3.07089
1.00672
1.21170
2.71283
0.84251
1.68304
1.11101
0.10388
1.58865
0.92222
0.28537
2.67674
1.29497
1.29111
1.32141
1.41196
1.74986
0.99644
1.32436
1.13408
1.54783
1.70785
2.96353
1.23944
2.16340
2.60765
2.66769
2.73575
1.82662
1.76373
1.73419
2.00121
1.50356
1.79243
1.64525
1.77120
1.32896
1.43985
1.71338
1.85151
2.11643
2.74557
3.48539
2.35430
3.17852
3.19819
3.45326
2.53742
2.74878
1.96274
3.77571
3.35642
5.34959
8.03536
4.19430
6.33508
8.48700
7.35704
6.37839
7.80994
5.72288
5.25695
5.04178
6.08445
5.13652
4.86291
5.53354
6.94454
5.06617
5.60566
6.47296
1.49024
1.26176
0.10656
1.33643
1.47633
1.22708
0.85471
1.24025
1.84234
1.14522
1.39060
1.19330
0.92745
1.94597
1.54154
1.88251
2.60525
2.15206
2.22771
2.16360
2.19999
3.83417
2.21181
3.51797
4.27055
3.98843
4.05032
3.27628
3.89951
3.26578
7.30553
6.25454
6.22655
6.90424
6.99944
7.86038
9.45499
7.81777
7.84188
8.02955
2.71228
1.28980
2.80828
3.35195
2.73821
3.06573
2.87532
1.27819
3.41977
3.24171
2.38927
2.27437
3.49642
4.41884
3.68796
2.77308
3.59811
3.37807
3.50942
4.55363
3.48971
3.57290
3.12702
2.51357
3.02333
3.11527
2.14824
1.98674
2.83399
3.21926
2.56591
2.14837
3.07741
3.35115
2.23741
2.23777
3.37919
2.00165
3.33386
2.69222
3.92302
3.14726
2.04381
2.31733
2.07929
3.24127
2.01818
3.51682
3.70619
2.91146
2.62622
3.17239
0.37001
3.52274
3.24284
2.03897
1.82468
1.81131
2.52964
2.60939
2.35255
2.29172
0.94932
0.50050
1.66033
0.89071
1.05657
1.47141
0.75787
2.11322
1.47802
0.54707
0.61388
1.65730
0.52550
1.37304
0.74865
1.53906
0.95770
0.76643
7.18356
7.77012
7.17341
7.78524
6.43298
6.78360
6.29291
7.37995
9.26227
6.77058
7.40684
7.99741
7.08578
7.50076
9.14320
7.91141
7.34476
6.19125
7.22334
7.14322
5.58788
7.48784
2.56960
5.81232
3.77915
4.42361
5.86769
5.37062
3.64121
7.17086
1.68549
1.32098
1.60361
0.93867
0.77300
1.05228
1.70766
1.07915
1.34466
0.39728
1.96374
2.38771
1.34824
2.55191
2.28700
2.15693
2.05054
2.08060
2.27059
2.96858
3.19896
2.36039
2.41019
2.69802
2.67025
2.92234
3.10293
2.90787
1.00812
0.37683
1.14329
0.94888
1.25429
1.14206
1.21719
1.33501
1.28103
1.23098
2.26135
2.77136
5.56006
6.65493
6.26281
5.67384
6.04259
6.27205
6.13261
6.21414
7.14978
9.39028
2.28152
1.97337
1.92805
2.04593
2.06816
2.25599
1.87633
1.73353
2.20026
2.36297
1.41638
1.74487
2.83478
2.07622
2.02976
1.10380
2.18771
2.54779
3.50050
2.12750
1.67482
2.18491
2.44570
1.33872
2.14271
2.20263
1.99476
1.12376
2.01028
2.16235
1.06121
1.32735
0.45077
0.63757
0.24647
0.71245
0.97530
0.98547
0.04348
0.69525
2.14181
2.96752
3.76667
4.20286
3.21234
2.29034
2.54224
3.20767
3.22685
3.84882
6.80295
4.58503
5.76313
2.25742
6.10176
7.65632
8.22576
6.63369
9.58465
9.33507
7.52950
6.17975
7.78950
8.89704
8.22214
8.52438
8.18228
8.03924
9.28787
6.37850
2.81011
1.96630
2.04820
2.01342
2.75673
2.84451
1.79382
3.07704
2.22942
2.99895
2.74802
3.12570
1.80539
1.52331
2.84783
2.73852
2.62254
3.44947
2.83889
3.74963
4.53781
8.86924
9.66220
7.80804
6.73436
7.78052
9.34732
8.99475
9.77608
7.23776
1.09302
1.21237
1.21181
1.13106
0.66104
1.07210
1.04449
2.10180
0.90469
1.47252
0.63690
1.45588
0.65986
1.17741
0.98135
1.23872
1.27011
1.66833
1.68504
1.31496
2.17697
2.78607
2.11084
1.38512
1.12588
2.83786
2.43823
1.24444
1.62386
2.46428
1.66299
2.76412
2.89554
1.60139
3.01747
2.11256
0.85985
1.42683
1.84422
2.71581
1.87310
2.47626
2.16730
3.38380
3.76884
4.15984
2.08785
3.50121
5.22513
3.10400
8.76878
6.47780
8.08750
7.67199
8.27514
4.61708
8.38376
3.81067
7.19931
6.17021
3.16880
3.19981
2.42229
2.08414
2.39721
3.00599
1.77347
2.33994
2.29248
3.40308
2.60529
2.65220
2.90875
2.53157
3.48901
4.03629
1.39962
3.07581
2.62207
3.36378
-1.53100
-2.02600
-3.03000
-3.46900
-3.36700
-3.94500
-1.64800
-1.66100
-3.55600
-3.45000
-3.07700
-0.76400
-1.69400
-2.60800
-1.58700
-0.23200
-0.53000
-1.99600
-2.29300
-2.47600
-3.21300
-2.11300
-4.28400
-0.91400
-2.05700
-1.55700
-3.20800
-3.34600
-3.92700
-3.08300
-1.61000
-2.75200
-1.62300
-4.15900
-1.13600
-4.13700
-3.15200
-1.79800
-3.32900
-4.83900
-2.88200
-1.64300
-0.88000
-1.97200
-4.24000
-3.21600
-0.58000
-3.31000
-2.11100
-3.27400
-4.15100
-2.71600
-3.21500
-1.17200
-1.16200
-4.27400
-1.16800
-2.09500
-1.13700
-2.07300
-1.36800
-1.24500
0.05200
-0.73800
-3.05300
-3.67600
-3.96500
-4.04800
-2.69100
-1.07600
-2.85000
-4.76400
-0.42200
-2.08800
-3.21500
-2.21500
-1.75900
-0.91900
-0.70400
-0.49700
-2.37600
-2.84900
-0.93100
-1.21800
0.68200
-0.68200
-1.13000
0.16300
0.44700
-1.55700
-1.82300
-1.22200
-0.29300
-1.62700
0.02800
-1.52000
-1.29700
-2.69700
-0.50800
-3.98800
-1.02600
-2.45500
-3.37000
-3.23800
-3.12700
-1.70800
-3.49200
-2.17400
-3.61900
-2.32100
-3.15900
-2.82700
-2.57400
-1.43300
-4.28900
-3.79300
-2.57600
-1.54300
-2.60200
-0.21400
-2.93600
-0.08800
0.04200
-2.27400
-1.55300
-1.85200
-2.83100
-3.08000
-2.19400
-3.31100
-1.41000
-3.23100
-2.25300
-4.25600
-1.47100
-2.22500
-3.44300
-2.85100
-0.29500
-2.25400
-2.92900
-2.21200
-2.62400
-3.18600
-1.44300
-1.98000
-0.90600
-3.00100
-2.97600
-0.54000
-0.17000
-0.92200
-2.92100
-2.66800
-2.85300
-2.77300
-1.30700
-2.52600
-2.73200
-1.00600
-1.43800
-4.25200
-3.68200
-3.02700
-3.28200
-1.77200
-3.01800
-3.38600
-2.01000
0.25200
-3.29000
-2.42300
-1.86200
-2.71400
-2.03500
-2.58900
-2.78300
-2.98600
0.39100
-2.53000
-1.91500
-2.71300
-2.71100
-2.23600
-3.83800
-2.80000
-2.48500
-2.79700
0.40200
-3.07700
-0.97600
-2.25600
-1.65800
0.26800
-3.21400
-2.14700
-3.04400
-0.07300
-6.01300
-5.23600
-7.45500
-2.46300
-4.61700
-5.06400
-4.51800
-2.95800
-1.75500
-0.92700
-1.60300
-3.51500
-3.16900
-3.93300
-2.37500
-2.70100
-1.12900
-4.22100
-1.59900
-3.49700
0.66900
-3.06400
-1.82400
-3.36800
-3.07600
-1.84900
-2.71700
-2.97700
-1.83800
-1.50900
-0.67700
-2.91000
-1.73500
-3.12700
-2.97500
0.12100
-2.39000
-2.52900
-0.73300
-0.63700
-1.54200
-2.17300
-1.87400
-2.04500
-1.70700
-0.80600
-2.50100
-0.68800
-1.45700
-0.65900
-1.67300
-1.47800
-1.03000
-1.65100
-1.73300
-1.61900
-1.74300
0.18200
-1.23000
-1.27700
-1.29100
-1.80200
-1.88500
-1.73800
-0.91600
-0.25700
0.14700
-1.72900
-1.98000
-0.77300
-1.84400
-2.25500
-0.60000
-0.89200
-0.08700
-1.85200
-1.61600
-1.65500
-2.15300
-1.33100
-5.72000
-3.62500
-4.70000
-3.84900
-5.33100
-6.02000
-4.05800
-5.82900
-1.36500
-5.12400
-1.84000
0.09200
-1.02900
-2.90600
-1.77900
-3.77900
-1.74000
-2.55100
-2.99600
-3.36700
-2.21400
-4.09500
-3.55000
-2.53300
-1.50000
-2.54200
-3.69300
-1.64900
-1.64600
-3.92300
-0.23300
-1.20800
0.19900
-3.30600
-3.28200
-1.00700
-2.29700
-2.72500
-2.23300
-2.42300
-0.46800
-2.40500
-1.92400
-3.10400
-3.36500
0.63854
-2.93700
-4.29000
-2.71300
-0.59600
-1.40500
-1.63700
-1.54500
0.02200
-2.46200
-0.79900
0.59500
-0.96300
-1.61300
-2.02200
-3.12300
-1.95400
-4.78900
-2.89300
-4.00200
-3.51100
-4.45400
-6.13800
-4.41500
-4.65800
-2.41200
-3.05700
0.22300
-3.13300
-2.63300
-0.11100
-0.51300
-0.10100
-3.26900
-3.39700
-2.84300
-4.64900
-0.87300
-4.78300
-3.99400
-0.86100
-3.46900
-3.04700
-3.06300
-2.30600
-2.52800
-0.83900
-2.42700
-1.85100
-0.14900
-2.46600
-3.17600
-2.73600
-3.03700
-2.80100
-1.55400
-1.53600
-1.52200
-0.47400
-1.00700
-1.20500
0.21200
-0.90100
-1.14700
-2.01500
-2.27000
-2.66300
-3.17500
-3.83500
-1.82700
-3.00400
-3.12300
-3.71500
-1.41600
-0.57000
-2.21500
-0.53800
-3.23800
-2.71500
-3.32200
-1.18800
-3.10600
-2.68700
0.43542
-1.89700
-1.37700
-1.09000
-1.69200
-1.67800
-1.30900
-0.67800
-1.46900
-2.67900
-2.20100
0.47700
-1.68800
-1.41500
-0.51000
-2.61800
-1.24600
-3.88800
-3.05600
-3.28800
-2.27500
-2.01700
-3.17400
-0.46300
-2.66400
-1.89100
-3.11100
-2.84900
-1.69600
-0.14900
-3.22900
-1.97800
0.88069
-2.43200
-0.21600
-0.51700
-0.30100
-0.52800
0.34506
-2.20700
-2.34500
-0.50900
-2.73400
-2.20900
-2.65600
-3.31500
-4.03500
-3.15400
-4.20800
-4.26100
-3.65300
-1.16900
-2.31600
-4.58000
-5.24200
-2.18900
-4.42900
-4.94600
-2.50500
-7.45100
-6.19200
-3.61300
-3.70600
-1.42400
-4.04900
-4.35000
-3.15000
-1.66000
-4.03400
-3.03900
-5.78300
-2.59800
-1.02000
-0.32700
-3.31900
-1.62700
-0.65500
-3.11400
0.01500
-3.13800
-2.39000
-1.72400
-0.25500
0.06700
-2.19800
-2.95200
-2.29000
-0.54100
-3.07200
-1.98100
-2.30100
0.12100
-4.97200
-2.97900
-3.74000
-3.61600
-2.62700
-4.02300
-4.01000
-3.67000
-5.28700
-0.46600
-2.22400
-3.46100
-1.28300
-3.72100
-1.44000
-2.77300
-3.48600
-2.84000
-0.24300
-1.17000
-0.85600
-2.65200
-0.77300
-1.48200
-1.32300
-2.66500
-0.02400
-3.82600
-0.34000
-2.33000
-3.22800
-0.86800
0.20900
-2.92100
-2.39300
-3.35300
-2.31000
-2.88200
-2.01300
-2.40100
-2.61900
-1.77300
-1.43400
-1.90400
-1.39300
-1.21200
-1.09900
-0.31600
-2.61500
-5.01600
-3.99600
-5.03500
-6.03400
-5.58900
-4.44800
-1.34300
-0.06800
-3.10200
-4.36500
-3.40500
-5.30600
-1.79200
-4.36800
-5.61000
-1.46300
-6.96700
-4.29200
-5.13700
-1.92600
0.10200
-4.47800
0.14000
-2.37200
-1.33400
-1.86100
-2.30800
0.47000
-1.44500
-1.87700
-0.92900
0.67200
-0.49600
-1.67700
-0.59900
0.27100
-0.16000
-1.56800
-2.05300
0.97294
-1.09600
-0.83800
0.26500
-2.90800
-0.63300
-1.25800
-2.28700
-2.50100
-2.30500
-0.73200
-0.58600
-2.29400
-0.94500
-1.73500
-0.61800
-0.46000
-1.55100
-0.12800
-2.08300
-1.11800
-2.58300
-2.13100
-3.38100
-2.35300
-2.97100
-3.02200
-1.21900
-1.16800
-2.42000
-2.44000
-0.44300
-3.28600
-2.13400
-2.35300
-2.03400
-2.86400
-1.39000
-1.75200
-2.67300
-2.30400
-1.36900
-2.17800
-1.24400
-2.27700
0.18400
-2.27100
-0.97100
-2.38000
-1.50000
-4.95000
-5.01900
-4.80900
-7.24600
-2.56500
-1.58900
-4.04800
-5.89000
-5.19000
-5.96500
-1.52700
-3.54700
-1.11200
-2.43100
-2.99500
-3.06900
-2.17800
-0.78600
-3.39800
-1.92800
-3.05500
-3.98400
-2.66900
-2.59000
0.89100
-1.39600
-2.31000
-3.27800
-3.84000
-3.47400
-2.55800
0.32900
-1.94600
-2.14100
-2.37000
-2.06400
-2.59400
-2.72700
-2.86000
-3.72100
-1.84500
-1.43300
-0.93900
-0.35300
-2.98200
-0.97500
-2.01900
-0.69800
-1.02700
-2.35900
-3.00600
-3.00500
-2.01700
-3.93000
-2.93000
-3.38300
-1.82400
-1.41400
-3.73100
-4.06900
-2.52500
-1.69900
-2.88600
-1.15600
-2.04900
-0.47300
-2.20900
-2.23500
-2.62600
-2.52800
-2.55000
-2.98800
-3.62500
-1.69400
-3.28100
-2.01300
-1.54300
-2.92100
-1.20600
-0.57500
-0.66500
-1.65400
-2.17700
-2.37900
-0.60000
0.42500
0.41000
-0.06700
-1.37300
-1.13700
-0.85400
-0.33900
-1.74900
-0.92200
0.42600
-0.94000
-1.37900
-1.41000
-1.37500
-2.46000
-0.77800
-0.24600
-1.01700
-0.83300
-0.91400
-1.44500
-0.89400
-0.75400
-0.59600
-0.50600
-0.96900
-1.41500
-1.96800
0.00500
-2.86700
-2.00200
-0.10200
-1.61600
-1.49700
-2.35000
-1.62100
0.94700
-1.66300
-0.76100
-1.29800
-0.04300
-1.57700
0.45300
-2.66600
-1.66400
-2.39500
-1.90600
-1.14200
-1.72000
-0.69300
-2.58500
-1.67400
-1.47800
-2.26300
-2.28300
0.44400
-3.12700
-0.97400
-1.74500
1.11387
-2.85900
0.25200
-1.59300
-1.90300
-1.71000
-0.91700
-0.74200
-2.23100
0.51300
-1.29000
-0.15600
0.67873
-1.25300
-1.42700
-1.79300
0.38155
-0.67700
-0.26000
-0.42000
-0.36700
-2.02100
0.39700
-0.60200
-1.35200
-1.02900
-2.78000
-2.91700
-0.37600
-1.24600
-1.75800
-1.80200
-2.70800
-3.16000
-2.24200
-1.41000
-1.18400
-1.32500
-1.72500
-2.13300
-1.15500
-1.56100
-0.50200
-0.51800
-0.56200
-1.22600
-1.95500
0.12200
-1.21000
-1.20200
-0.98100
-1.34800
-0.00500
-0.71900
-1.35100
-1.60100
-2.35800
-1.51500
-1.42200
-0.65300
-2.61800
-0.25300
-3.01200
-3.46500
-2.78100
-3.51700
-3.18000
-0.82400
-2.45700
-1.49900
-0.41500
-2.00200
0.36847
-2.63300
-0.89200
-2.71900
-3.95800
-6.06800
-4.99500
-4.07400
-4.97400
-4.30100
-2.52600
-0.34100
-2.83000
-4.74600
-0.47500
-1.40000
-2.20400
-1.78300
-1.02300
-1.40500
-0.48800
-2.39000
-0.60500
-0.42600
-3.72200
-3.23900
-3.00000
-3.04900
-0.77500
-2.10800
-1.57100
-3.42400
-2.11600
-2.37200
-3.49800
-6.07500
-2.53400
-2.04500
-1.98500
-4.28100
-3.87600
-5.12200
-4.51300
-3.15800
-2.66900
-1.68700
-1.46100
-2.42400
0.17600
-2.27600
-2.18200
-2.13400
-0.18100
-1.94100
-1.15500
-1.90500
-2.03300
-4.38100
-4.31700
-1.19400
-4.28500
-3.76800
-3.94700
-3.81300
-2.61700
-0.97100
-1.69800
-2.75200
-3.25600
-2.70000
-2.95500
-3.48500
-3.60100
-3.71100
-3.71600
-0.61600
-2.55000
-3.37400
-0.38400
-1.00600
-0.15100
-0.00500
-2.01900
-2.44600
-0.81000
-1.68900
-2.22900
-2.73400
-2.59200
-1.93800
-1.23000
-2.52900
-2.53500
-1.11900
-2.88200
-1.45900
-1.41500
-0.30100
-2.60300
-2.93700
-0.96300
-1.05000
-1.52400
-1.90800
0.06800
-2.62100
-3.29000
-3.47000
-2.10400
-3.79300
-2.60900
-2.84600
-0.81600
0.33800
-1.60100
-3.59800
-3.51400
-0.34700
-4.34500
-2.98800
-2.37200
-3.91000
-0.33900
-0.14200
-1.23400
-1.26900
-1.78700
-2.41900
-0.72000
-1.21200
-1.82100
-3.25000
-2.53300
-2.98700
-1.63200
-2.57600
-1.54300
-1.19300
-2.39200
-2.28300
-2.26800
-0.18600
0.24900
-3.81000
-0.79100
-2.21400
-4.50300
-3.51000
-3.61400
-4.17300
-3.82300
-1.14400
-2.08400
-1.93300
-2.39400
-0.30100
-1.59300
-2.88600
-3.86500
-2.61700
-2.35000
-2.57400
-3.11100
-5.14200
-0.92800
-3.23200
-4.53000
-4.10700
-5.53900
-5.04800
-3.36800
-5.56100
-2.93700
-1.79000
-2.15500
-3.61100
-1.39300
-3.90100
-3.12500
-1.71900
-2.52100
-2.84400
-1.58000
-4.55100
-4.48700
-1.23800
-3.82600
-3.08500
-5.47900
-3.65200
-3.25200
-3.62400
-3.44400
-2.42900
-1.35500
-1.87100
-2.09900
-0.08600
-3.00400
-2.32200
-1.99800
-2.74100
-2.11000
-0.85200
-1.91600
-2.65800
-2.59000
-1.08800
-2.89600
-0.26600
-3.09900
-2.52300
-2.33100
-2.23200
-1.33600
-2.41000
-1.95700
-3.13300
-2.57400
-1.55700
-2.21200
-1.17200
-2.51700
-2.61700
-2.91600
-1.59400
-0.86000
-1.84900
-2.13300
-2.30600
0.19200
-0.00200
-1.54800
-1.86000
-2.30500
-1.91900
-0.42700
-0.09900
-2.43000
-2.38500
-2.81800
-1.44200
-2.69100
-1.79100
-2.56800
-3.29800
-2.52700
-3.19600
-3.09100
-2.63800
-2.20500
-2.36200
-3.11300
-2.77300
-3.09100
-2.45600
-3.60400
-3.27600
-1.38600
-1.59000
-3.81500
-3.14400
-4.06800
-1.64100
-2.51900
-2.56500
-2.46700
-3.97900
-4.07700
-5.36500
-3.95900
-0.40300
-2.81600
-3.83700
-2.71800
-3.45800
-2.27700
-3.25400
-2.29900
-0.27300
-3.13700
-3.45200
-2.11900
-1.32100
-2.71100
-2.52200
-3.97000
-2.21700
-1.12800
-3.51700
-2.72900
-0.03500
-2.56800
-3.15900
-0.15500
-3.31600
-3.03300
-1.90600
-1.35000
-1.24900
-2.22000
-2.51800
0.40200
-1.87100
-1.56900
-3.61900
-3.71700
-4.39800
-1.93100
-1.60000
-3.93000
-1.07400
-4.82500
-1.64500
-5.34300
-1.07300
-1.83500
-2.20700
-3.17000
-1.96800
-2.16700
-1.76400
-1.46600
-1.40200
0.42400
-1.06700
-1.36300
-3.11100
-0.63400
-2.04100
-2.19000
-1.80600
-1.55300
-1.40600
-1.78000
-2.74100
-2.85500
-1.88700
-3.18400
0.06000
-2.67700
-2.44500
-3.42900
-2.88400
-2.85300
-3.53000
-1.11600
-2.03300
-3.72600
-3.43300
-2.47800
-0.95200
-3.25500
-3.45500
-3.66900
-0.08400
-1.22600
-3.58600
-4.47700
-3.34300
-1.24100
-3.79800
-2.98700
-3.01300
-1.38300
-2.42700
-4.66000
-3.03500
-4.78200
-1.08400
-2.98600
-2.70700
-4.07500
-1.39100
-3.68300
-1.70900
-3.06400
-2.60000
-1.25100
-0.98900
-1.76500
-1.91200
-2.31400
-2.76200
-0.38600
-0.95200
-2.25600
-2.38700
-0.28700
-2.52900
-2.18800
-2.26000
-1.36800
-1.61400
-1.94500
-3.33100
-4.83800
-2.18200
-2.99800
-3.23000
-4.69800
-3.14200
-3.61400
-0.48400
-4.06300
-4.80200
-4.59900
-4.95200
-5.60900
-0.61000
-3.69100
-4.02000
-4.70900
-5.15000
-5.23100
-3.46600
-3.62600
-2.19000
-3.92300
-3.22200
-3.40000
-3.24700
-2.44200
-2.34500
-3.47800
-2.20200
-3.37000
-2.22000
-0.18900
-1.61800
-1.94100
-1.70200
-2.03900
-1.77100
-3.16900
-0.76800
-0.69800
-0.15300
-2.54900
-0.51400
-0.03300
-0.74700
-0.61600
-2.40900
-2.63000
-2.03300
-1.16100
-2.04400
-1.76300
-0.10200
-1.44300
-1.62000
-1.18300
-1.52300
-1.00000
-2.22900
-1.96000
-1.23500
-1.41100
-2.15200
-0.46500
-2.06200
-1.53600
-2.44100
-1.73000
-3.03800
-5.29100
-4.82200
-4.70000
-5.33100
-6.50100
-4.26000
-2.87900
-5.06800
-1.47800
-1.85900
-2.45100
-2.71300
-3.04000
-3.17300
-2.89900
-0.80100
-1.02300
-0.12200
-2.03600
-1.94300
-0.84700
-0.04500
-3.63000
-3.39200
-0.94300
-2.53400
-0.23400
-3.80400
-0.56400
-1.88700
-3.40800
-2.77300
-1.42400
-1.67100
-2.82300
-1.82200
-3.62300
-3.79900
-2.83100
-1.35000
-2.91900
-2.57500
-1.23400
-2.36500
-2.39400
-1.43600
-3.06200
-2.71200
-3.60300
-2.56500
-1.94400
-3.13600
-3.22800
-2.25400
-2.56700
-3.00300
-3.08900
-2.03200
-0.47500
-1.77300
-3.69600
-2.43200
-1.11200
-1.29600
-2.83000
-2.43600
-3.14600
-0.22300
-0.64500
-3.69800
-4.89500
-4.45100
-5.62400
-5.19800
-3.92700
-4.81800
-5.02700
-2.19400
-4.08600
-3.08200
-0.87900
-1.43700
-2.42000
0.98717
-1.96000
-2.14600
-3.13400
-2.27400
-0.73800
-0.46700
-2.68900
-2.49100
-2.59200
-3.39800
0.69759
-3.37700
-2.40700
-3.14200
-1.66200
-2.45800
-3.30000
-1.86000
-2.67400
-4.07800
-3.01400
-0.19000
-4.28500
-4.72000
-2.91700
-3.21500
-2.50000
-2.84500
-3.40000
-3.30200
-0.13100
-2.99300
-2.60800
-3.26500
-2.65400
-1.47200
-0.63800
-1.76900
-1.60300
-2.08700
-2.12100
-1.62500
-1.59400
0.38100
-1.10400
0.22300
-0.46700
0.31800
-1.42000
-2.00200
-2.29500
-2.08100
-1.99700
-0.91600
-0.73500
-2.08500
-2.16700
-0.76400
-2.05600
-0.53900
-2.05400
-3.10000
-2.27600
-3.51700
-4.17400
-2.72800
-2.93500
-1.86400
-2.11200
-1.92500
-2.71200
0.90400
0.11200
-3.31600
-2.28900
-3.09100
-3.97200
-4.74400
0.79706
-0.44100
-3.29600
-1.13900
-3.60100
-3.23300
-1.87800
0.13800
-3.08000
-2.75000
-3.00000
-0.78000
-3.72200
-3.87800
-3.69200
-3.03500
-3.08200
-2.92100
-0.22200
-3.69400
-3.53300
-3.65000
0.70481
-2.29100
-0.51200
-3.29000
0.07200
