0.94323
0.91082
0.92600
0.90085
0.89965
0.95166
0.55887
0.95719
0.87807
0.94220
0.95742
0.97541
0.96568
0.96650
0.87083
0.96529
0.95442
0.81978
0.94684
0.95857
0.95630
0.96156
0.98898
0.95298
0.98504
0.95467
0.99505
0.99221
0.99714
0.94361
0.98491
0.99750
0.97673
0.99510
0.99679
0.99248
0.99107
0.97714
0.98998
0.99590
0.99405
0.99227
0.99877
0.99386
0.99765
0.99793
0.99843
0.99827
0.99687
0.99873
0.99498
0.99706
0.99374
0.98694
0.98739
0.99704
0.99370
0.99804
0.99032
0.99546
0.99112
0.99334
0.97931
0.99783
0.98656
0.98383
0.99763
0.99740
0.99175
0.98778
0.99411
0.99793
0.94746
0.96964
0.96303
0.97137
0.92745
0.94113
0.87800
0.96538
0.95902
0.93193
0.98668
0.98181
0.98997
0.97919
0.98804
0.98284
0.96085
0.99085
0.99191
0.96764
0.99354
0.97949
0.97927
0.96844
0.95109
0.99390
0.99051
0.99658
0.99169
0.99716
0.99834
0.99765
0.98223
0.99857
0.99796
0.96171
0.78393
0.67015
0.83046
0.79570
0.91331
0.47575
0.89497
0.86159
0.90958
0.99044
0.99369
0.94956
0.95215
0.81154
0.93622
0.81125
0.90004
0.92009
0.95232
0.93832
0.92351
0.99554
0.99535
0.99453
0.98636
0.99712
0.99100
0.99379
0.99406
0.99361
0.97512
0.98637
0.98130
0.98375
0.98385
0.98877
0.98783
0.78853
0.98512
0.98270
0.99033
0.90506
0.83432
0.96065
0.95973
0.94335
0.93514
0.92277
0.99345
0.99376
0.99531
0.97904
0.96079
0.99344
0.99746
0.93650
0.97667
0.99497
0.99730
0.98827
0.88896
0.63214
0.75750
0.77666
0.89133
0.93166
0.96296
0.55179
0.91984
0.86667
0.97676
0.99112
0.99271
0.98583
0.98885
0.99126
0.99265
0.98921
0.98869
0.98894
0.96873
0.95515
0.96584
0.93712
0.90330
0.82769
0.95330
0.95847
0.94713
0.96157
0.91321
0.96710
0.98477
0.99009
0.98412
0.98149
0.98617
0.98696
0.98399
0.96631
0.95958
0.96219
0.99567
0.98219
0.99391
0.98530
0.99509
0.97839
0.98276
0.97679
0.96726
0.99824
0.99272
0.99856
0.99843
0.99057
0.99686
0.99782
0.99337
0.97966
0.94272
0.93039
0.93302
0.85749
0.81464
0.88071
0.88123
0.96613
0.76554
0.89809
0.95635
0.88628
0.96014
0.96843
0.95910
0.96735
0.96972
0.97040
0.56396
0.96890
0.47941
0.85206
0.57325
0.57134
0.47748
0.78367
0.70197
0.25591
0.66163
0.79673
0.97413
0.97480
0.97296
0.97306
0.98024
0.98337
0.97093
0.98050
0.98019
0.96500
0.98880
0.98855
0.97642
0.98550
0.98626
0.99302
0.97742
0.99063
0.98793
0.98531
0.96227
0.97256
0.97843
0.97777
0.97466
0.97860
0.97347
0.98314
0.98124
0.96624
0.99621
0.97241
0.98150
0.99186
0.97886
0.99587
0.98771
0.96946
0.99695
0.98902
0.94436
0.99066
0.99320
0.99606
0.99523
0.99229
0.97035
0.94501
0.99111
0.99640
0.97794
0.94202
0.98917
0.97178
0.96088
0.96810
0.97056
0.96994
0.98425
0.97841
0.95789
0.89872
0.96329
0.91643
0.92739
0.70631
0.96205
0.91468
0.85031
0.95948
0.98966
0.98884
0.99095
0.98697
0.98746
0.98510
0.97976
0.97894
0.98666
0.98651
0.97106
0.95181
0.97521
0.96446
0.97384
0.95981
0.98394
0.98138
0.97138
0.95766
0.99408
0.98726
0.98369
0.99404
0.98300
0.99791
0.98705
0.97771
0.99042
0.99707
0.91849
0.87397
0.30920
0.91443
0.93897
0.92020
0.94881
0.88581
0.88001
0.91452
0.99675
0.98518
0.99510
0.98881
0.99859
0.99435
0.99889
0.99105
0.99742
0.99587
0.93774
0.89271
0.80492
0.92540
0.91032
0.93208
0.55672
0.82497
0.83914
0.80916
0.98981
0.99808
0.99159
0.99878
0.98959
0.99670
0.98357
0.99791
0.99164
0.99838
0.95635
0.94903
0.90221
0.86558
0.41977
0.43071
0.83705
0.92415
0.51008
0.91458
0.95737
0.93271
0.82706
0.97471
0.92398
0.94453
0.97346
0.95250
0.95527
0.82061
0.96896
0.99340
0.97961
0.99654
0.99120
0.99809
0.98187
0.99164
0.98677
0.99142
0.99711
0.98545
0.98147
0.97982
0.99262
0.99084
0.99873
0.99824
0.97653
0.97575
0.96813
0.98923
0.95806
0.99241
0.97608
0.95586
0.96878
0.99334
0.99003
0.98780
0.84219
0.95837
0.95544
0.87936
0.95305
0.91491
0.92105
0.95644
0.94550
0.82867
0.75199
0.98232
0.98267
0.98494
0.97825
0.98114
0.98451
0.97610
0.97843
0.94989
0.98855
0.98933
0.97988
0.98964
0.97985
0.94605
0.98849
0.97902
0.98685
0.96384
0.70451
0.69044
0.86851
0.62196
0.59004
0.66603
0.70277
0.46668
0.78325
0.81026
0.57455
0.43615
0.92946
0.77067
0.88447
0.55601
0.79041
0.68099
0.75703
0.96823
0.98633
0.98439
0.99087
0.99260
0.95647
0.98255
0.98068
0.97156
0.97610
0.79669
0.72628
0.97246
0.97655
0.90314
0.96461
0.94822
0.96789
0.92475
0.95874
0.94091
0.96379
0.94338
0.67152
0.95239
0.87986
0.94437
0.92882
0.96692
0.58924
0.60138
0.82550
0.81319
0.78631
0.89907
0.61676
0.81534
0.59673
0.74267
0.88540
0.81173
0.89654
0.89818
0.70854
0.81894
0.60324
0.74707
0.47001
0.46983
0.96208
0.96824
0.98726
0.98734
0.98779
0.98637
0.98631
0.99206
0.94512
0.98543
0.98857
0.99187
0.98228
0.95363
0.99377
0.98962
0.95518
0.98484
0.98646
0.98547
0.99824
0.96962
0.96905
0.97710
0.99599
0.97523
0.99805
0.99699
0.98819
0.99504
0.99325
0.98805
0.92149
0.90710
0.87164
0.94941
0.92436
0.92564
0.95421
0.97880
0.98156
0.94410
0.96605
0.93383
0.97966
0.96450
0.87338
0.94891
0.97062
0.96141
0.95033
0.92394
0.91081
0.44395
0.90852
0.76250
0.88261
0.84438
0.89948
0.82923
0.88425
0.94180
0.93862
0.98016
0.89871
0.97011
0.93760
0.94329
0.67473
0.94852
0.92207
0.59106
0.76640
0.95562
0.86263
0.94164
0.89070
0.49125
0.91095
0.81874
0.24848
0.78108
0.74860
0.87276
0.80821
0.41649
0.92183
0.88227
0.94493
0.92431
0.98583
0.98457
0.99141
0.98692
0.99140
0.98815
0.99156
0.98522
0.98751
0.98019
0.46077
0.98733
0.97349
0.98986
0.98207
0.98972
0.99175
0.98753
0.98257
0.98782
0.99776
0.99510
0.99675
0.99723
0.99728
0.99599
0.98035
0.96412
0.99913
0.99436
0.99669
0.97194
0.98750
0.99854
0.99045
0.99404
0.99876
0.99281
0.99339
0.99333
0.98912
0.98092
0.98048
0.97666
0.98863
0.91189
0.97954
0.98845
0.99099
0.97898
0.98571
0.99319
0.99340
0.99378
0.99410
0.98681
0.99016
0.97916
0.98657
0.99141
0.71642
0.61998
0.88336
0.69248
0.77059
0.37835
0.89589
0.86048
0.58235
0.62260
0.93823
0.99208
0.98686
0.97805
0.97402
0.98338
0.84931
0.99372
0.99257
0.99463
0.99214
0.98348
0.98944
0.98417
0.98533
0.99045
0.97890
0.98622
0.98771
0.97547
0.95227
0.98275
0.98257
0.98619
0.98367
0.97798
0.98831
0.99098
0.98635
0.98983
0.98780
0.94463
0.95646
0.95503
0.96649
0.94521
0.95262
0.94709
0.98055
0.95782
0.99317
0.96457
0.93312
0.97485
0.99450
0.99067
0.92660
0.98334
0.98951
0.99550
0.98130
0.97870
0.97953
0.98615
0.98821
0.98435
0.98647
0.97827
0.97916
0.99191
0.97741
0.98697
0.97534
0.95876
0.97082
0.98316
0.97242
0.95542
0.98161
0.96987
0.92968
0.92656
0.96821
0.98082
0.96999
0.96050
0.98755
0.96922
0.95097
0.96736
0.24702
0.96491
0.97616
0.88567
0.94129
0.94947
0.91199
0.93964
0.96696
0.97503
0.82328
0.76179
0.76722
0.77037
0.41031
0.73086
0.69961
0.77079
0.67628
0.55300
0.99364
0.98643
0.97195
0.98965
0.99274
0.98624
0.99098
0.99111
0.98897
0.99333
0.98009
0.99047
0.98878
0.99343
0.98920
0.98037
0.98750
0.98331
0.98777
0.97809
0.97443
0.97767
0.97755
0.97393
0.98389
0.98268
0.98798
0.97732
0.98914
0.97405
0.98029
0.98472
0.93789
0.97243
0.98923
0.96679
0.98359
0.99058
0.92193
0.98244
0.97781
0.98519
0.98417
0.98232
0.79946
0.93275
0.93356
0.95415
0.97759
0.98343
0.96324
0.95939
0.97828
0.98572
0.97457
0.98233
0.98679
0.97467
0.97280
0.98001
0.96962
0.97899
0.98344
0.97346
0.99205
0.97363
0.98319
0.98413
0.98224
0.98009
0.99317
0.99229
0.98689
0.99050
0.93463
0.95864
0.97911
0.99321
0.98263
0.99162
0.96357
0.97879
0.97652
0.95873
0.91975
0.95255
0.87688
0.92167
0.96048
0.95511
0.99568
0.99054
0.97576
0.99692
0.98692
0.99005
0.99244
0.97736
0.95200
0.98647
0.80312
0.99379
0.96294
0.96744
0.99311
0.91765
0.93018
0.95758
0.99448
0.99120
0.97260
0.83467
0.93976
0.92638
0.88530
0.96692
0.91657
0.89638
0.94643
0.93231
0.99727
0.99841
0.98608
0.98028
0.97533
0.99309
0.97054
0.98456
0.99652
0.99383
0.96726
0.99172
0.99149
0.99020
0.98759
0.98507
0.99167
0.98959
0.98905
0.99287
0.99361
0.98914
0.99393
0.93046
0.98383
0.99370
0.98652
0.99220
0.99416
0.99165
0.93406
0.93886
0.89364
0.88618
0.94459
0.87180
0.93147
0.95359
0.92283
0.94556
0.88871
0.88931
0.95391
0.51275
0.89577
0.88936
0.96508
0.96640
0.95927
0.95681
0.87559
0.97573
0.93211
0.87529
0.78097
0.95344
0.88639
0.93250
0.96326
0.97369
0.86920
0.98030
0.93923
0.67845
0.95701
0.95449
0.97691
0.60260
0.98098
0.99781
0.99579
0.97825
0.99801
0.99435
0.98821
0.99002
0.99073
0.98668
0.93722
0.96309
0.98032
0.53159
0.72792
0.77755
0.84617
0.93917
0.57362
0.78860
0.98162
0.97191
0.95087
0.98885
0.98705
0.98122
0.97623
0.96996
0.99096
0.98111
0.97801
0.99255
0.99093
0.99340
0.98957
0.99296
0.98979
0.99363
0.99219
0.90284
0.97361
0.97688
0.98632
0.84262
0.97864
0.99441
0.98260
0.98873
0.98346
0.99076
0.99010
0.97119
0.92686
0.96029
0.95327
0.71248
0.97804
0.93969
0.95967
0.98029
0.97283
0.95735
0.97513
0.96373
0.96637
0.97736
0.94716
0.70740
0.94817
0.97207
0.95656
0.94049
0.90974
0.93920
0.88727
0.81937
0.75632
0.71563
0.89885
0.60249
0.89498
0.46355
0.92264
0.98715
0.98326
0.99039
0.97267
0.98136
0.98542
0.98848
0.97814
0.98441
0.98774
0.93785
0.39316
0.47968
0.87547
0.90276
0.74552
0.80850
0.87718
0.92680
0.88098
0.98955
0.98442
0.98575
0.98824
0.94122
0.96612
0.94982
0.99174
0.97762
0.98532
0.97997
0.98996
0.99775
0.99332
0.99174
0.99429
0.99843
0.99755
0.97212
0.99002
0.93068
0.96948
0.95718
0.91325
0.88661
0.92070
0.68347
0.83694
0.89416
0.90139
0.93922
0.97584
0.94000
0.96007
0.74722
0.95978
0.94306
0.89859
0.94908
0.95743
0.96766
0.96189
0.96691
0.97371
0.95931
0.96441
0.12709
0.96856
0.95673
0.96365
0.99429
0.99391
0.98991
0.99349
0.99203
0.99217
0.99487
0.98482
0.99437
0.99472
0.96323
0.96428
0.97432
0.97284
0.96709
0.98492
0.98923
0.98183
0.99087
0.98586
0.99255
0.96829
0.98812
0.98412
0.98612
0.99134
0.99037
0.98433
0.99309
0.98709
0.97412
0.93669
0.99081
0.89284
0.96247
0.97924
0.98760
0.95020
0.98484
0.97569
0.99337
0.99376
0.99350
0.98939
0.98490
0.99439
0.99458
0.99415
0.99308
0.99495
0.92872
0.68004
0.90681
0.93415
0.90053
0.96109
0.91503
0.85236
0.90445
0.90957
0.97177
0.87457
0.91221
0.90889
0.91889
0.97008
0.94939
0.95125
0.96355
0.94969
0.95947
0.92783
0.77892
0.89898
0.87128
0.94404
0.87862
0.93295
0.94029
0.91996
0.97659
0.95766
0.98056
0.97733
0.92920
0.95487
0.97538
0.93708
0.96669
0.93557
0.80425
0.76903
0.70483
0.52005
0.89835
0.79024
0.80496
0.77105
0.44310
0.82848
0.97160
0.96694
0.97591
0.97487
0.97779
0.95628
0.95725
0.98249
0.90557
0.97595
0.94510
0.98163
0.95981
0.96689
0.94849
0.98545
0.98268
0.96253
0.97824
0.97745
0.99617
0.98322
0.96396
0.98641
0.97941
0.97084
0.96662
0.89769
0.80236
0.98315
0.97967
0.96276
0.98554
0.80302
0.95281
0.95045
0.92844
0.96311
0.93815
0.90562
0.96287
0.98883
0.55493
0.96600
0.97449
0.98101
0.93564
0.98503
0.99003
0.98387
0.98797
0.98957
0.99188
0.99096
0.98749
0.98897
0.98840
0.98044
0.66862
0.11438
0.88150
0.77032
0.66166
0.76153
0.61779
0.76664
0.81609
0.73268
0.98041
0.98323
0.98561
0.97710
0.98564
0.98103
0.98075
0.99300
0.99437
0.98915
0.98476
0.89874
0.93688
0.96101
0.92637
0.94972
0.95901
0.94881
0.94043
0.96410
0.91689
0.97386
0.97760
0.95145
0.97079
0.95557
0.96443
0.94938
0.97250
0.94952
0.98156
0.75761
0.97739
0.97922
0.98421
0.92022
0.93697
0.97230
0.96800
0.95892
0.96921
0.96570
0.95004
0.95103
0.94293
0.62678
0.83036
0.80972
0.94593
0.88351
0.74692
0.89814
0.98903
0.96122
0.98941
0.99391
0.98965
0.98959
0.97518
0.99209
0.97172
0.78362
0.98609
0.94395
0.82511
0.97663
0.94207
0.97288
0.98790
0.99520
0.99579
0.99231
0.96780
0.98423
0.98349
0.99251
0.99236
0.99505
0.98749
0.99073
0.95735
0.99129
0.97093
0.85193
0.92623
0.95840
0.73380
0.95212
0.93228
0.96514
0.92577
0.95827
0.97766
0.96244
0.94927
0.86395
0.96039
0.76136
0.95541
0.91629
0.95675
0.93135
0.98709
0.98503
0.99380
0.99833
0.98510
0.97674
0.97130
0.99811
0.98752
0.98242
0.96664
0.95680
0.97233
0.97657
0.95720
0.68611
0.96427
0.96824
0.97032
0.94514
0.86623
0.45001
0.62067
0.70718
0.81782
0.91445
0.70743
0.92859
0.91542
0.74875
0.81978
0.94854
0.55117
0.94380
0.98080
0.95617
0.97747
0.97957
0.93453
0.91010
0.88506
0.90152
0.87086
0.82454
0.93218
0.95893
0.77228
0.72048
0.86234
0.85297
0.90707
0.91787
0.71612
0.90596
0.89832
0.95491
0.82516
0.95574
0.96257
0.96500
0.95822
0.98084
0.99696
0.99388
0.84456
0.97812
0.97837
0.97307
0.97405
0.99604
0.82725
0.96269
0.92535
0.93988
0.92198
0.93675
0.96001
0.95432
0.96756
0.94367
0.94031
0.97098
0.96325
0.94975
0.97228
0.95265
0.37828
0.97517
0.95974
0.94112
0.42025
0.87421
0.86154
0.75198
0.79457
0.88139
0.90691
0.46399
0.94376
0.78846
0.90516
0.64418
0.87782
0.82464
0.89701
0.81888
0.48580
0.92807
0.84558
0.01500
0.73027
0.48783
0.17564
0.71392
0.35938
0.41468
0.66129
0.81270
0.06380
0.83466
0.24877
0.23499
0.40421
0.13518
0.57885
0.15457
0.70573
0.80461
0.71314
0.05891
0.87879
0.67066
0.23717
0.30293
0.23205
0.12342
0.38739
0.16270
0.89432
0.09406
0.60322
0.47945
0.89679
0.92464
0.96648
0.60204
0.94380
0.68885
0.95472
0.36064
0.94140
0.97684
0.78243
0.21811
0.83175
0.17727
0.08577
0.16417
0.45795
0.58217
0.21789
0.08040
0.67098
0.91479
0.77466
0.86952
0.67440
0.44460
0.90037
0.75712
0.89777
0.93473
0.94966
0.91842
0.66863
0.82981
0.95675
0.90631
0.97834
0.92073
0.83477
0.96080
0.54994
0.38312
0.96134
0.88852
0.92577
0.92347
0.75919
0.16391
0.24541
0.57057
0.16928
0.25455
0.39774
0.69631
0.25095
0.85976
0.88917
0.83265
0.87657
0.85956
0.83140
0.89795
0.72518
0.86262
0.79593
0.77209
0.86539
0.94137
0.66605
0.96453
0.85074
0.82980
0.87303
0.89855
0.92003
0.84246
0.89856
0.18388
0.20068
0.60947
0.48049
0.26094
0.39803
0.21984
0.13859
0.13563
0.35957
0.93826
0.85055
0.16153
0.95059
0.95074
0.55404
0.93493
0.52021
0.92270
0.89957
0.72951
0.94566
0.88624
0.92965
0.93750
0.80057
0.89792
0.20327
0.31171
0.14155
0.35846
0.82269
0.26383
0.17078
0.89471
0.58406
0.15480
0.22712
0.61102
0.66071
0.96633
0.69437
0.83555
0.91708
0.91733
0.92516
0.92917
0.64292
0.78836
0.90274
0.77972
0.90133
0.85941
0.81935
0.71860
0.93928
0.82411
0.40217
0.87574
0.63370
0.79921
0.39887
0.83416
0.83285
0.93698
0.76570
0.91408
0.88521
0.68549
0.32840
0.16137
0.15527
0.26516
0.26935
0.33694
0.77318
0.24484
0.56004
0.58874
0.91030
0.84284
0.10112
0.26729
0.39772
0.58656
0.25484
0.19154
0.64644
0.51640
0.93925
0.38240
0.93378
0.29684
0.75725
0.95422
0.67682
0.22017
0.96759
0.97416
0.89974
0.92645
0.90157
0.81488
0.81559
0.85707
0.87419
0.92677
0.92624
0.77071
0.86618
0.85187
0.66732
0.93669
0.95137
0.55513
0.77714
0.72779
0.93851
0.48241
0.89987
0.93467
0.52727
0.91317
0.88107
0.80400
0.88182
0.94906
0.95220
0.89662
0.70167
0.86106
0.61289
0.61803
0.55599
0.67634
0.68495
0.70496
0.54717
0.43006
0.89341
0.92606
0.96245
0.76691
0.46979
0.84259
0.75080
0.93202
0.90597
0.87125
0.36542
0.39965
0.68472
0.57743
0.59372
0.63586
0.71779
0.00203
0.83132
0.75616
0.15819
0.38318
0.11379
0.05504
0.16313
0.25341
0.09923
0.11220
0.14030
0.07648
0.71360
0.13235
0.10877
0.08762
0.56899
0.36671
0.81392
0.93256
0.32624
0.56112
0.78255
0.96437
0.50756
0.79514
0.93263
0.82090
0.92303
0.93894
0.91480
0.74937
0.61535
0.63253
0.83072
0.71790
0.88357
0.76530
0.86124
0.78201
0.93503
0.63855
0.90458
0.94512
0.89413
0.87227
0.77839
0.82356
0.57970
0.64216
0.81022
0.85090
0.48238
0.50903
0.71700
0.02784
0.35716
0.52623
0.75602
0.72900
0.00177
0.70327
0.55656
0.40833
0.47720
0.57831
0.54667
0.55951
0.43097
0.77992
0.38563
0.37048
0.64644
0.80980
0.83760
0.81601
0.92419
0.59200
0.79742
0.82833
0.91288
0.90722
0.00687
0.47442
0.95794
0.97502
0.45931
0.96633
0.00523
0.94105
0.00281
0.89862
0.93593
0.65257
0.69379
0.92546
0.53068
0.93345
0.97373
0.95229
0.93131
0.95419
0.95746
0.14854
0.77580
0.11223
0.74731
0.34029
0.50158
0.10453
0.70931
0.51792
0.92728
0.80761
0.91046
0.91985
0.85698
0.65760
0.92255
0.79161
0.72953
0.70494
0.91178
0.84926
0.88482
0.91992
0.87847
0.68495
0.95614
0.90110
0.89908
0.75956
0.96404
0.61557
0.96959
0.00124
0.19327
0.00144
0.92459
0.84997
0.92836
0.89558
0.27983
0.64191
0.79048
0.88228
0.21517
0.18995
0.35984
0.57730
0.79464
0.81251
0.91752
0.86148
0.87721
0.61799
0.90925
0.86993
0.91990
0.86999
0.84065
0.62724
0.89654
0.83356
0.91164
0.89553
0.79373
0.84126
0.82313
0.66784
0.87379
0.86030
0.80636
0.57373
0.42434
0.70622
0.00427
0.63135
0.27407
0.00461
0.26866
0.17357
0.30748
0.68040
0.25878
0.55250
0.21411
0.83253
0.26196
0.27861
0.48173
0.57117
0.57817
0.34284
0.44700
0.36831
0.41404
0.45840
0.47389
0.57725
0.63277
0.38661
0.70081
0.42724
0.50054
0.41522
0.51222
0.67930
0.55134
0.53425
0.56636
0.86868
0.47861
0.46984
0.18828
0.36924
0.70414
0.35219
0.40176
0.32402
0.24408
0.91898
0.85928
0.84398
0.90139
0.89663
0.75942
0.81937
0.87050
0.75816
0.53785
0.48256
0.44819
0.85477
0.94422
0.82805
0.91859
0.88067
0.44407
0.78568
0.55860
0.81273
0.71693
0.62280
0.60720
0.33152
0.65293
0.40771
0.74953
0.43605
0.87450
0.71312
0.59348
0.82352
0.89487
0.87324
0.96825
0.80764
0.79830
0.76962
0.32359
0.49386
0.42649
0.00307
0.60607
0.75276
0.34633
0.32440
0.41944
0.42768
0.23091
0.46387
0.06523
0.36407
0.24098
0.00498
0.42648
0.13213
0.18707
0.12605
0.23730
0.76878
0.52574
0.52034
0.17773
0.27932
0.54748
0.49856
0.73010
0.33321
0.29692
0.90048
0.88235
0.75306
0.90334
0.15180
0.85811
0.94644
0.89511
0.85921
0.46385
0.96728
0.91899
0.22846
0.77868
0.45368
0.94469
0.69447
0.85632
0.77265
0.69581
0.84180
0.59129
0.89829
0.87653
0.52210
0.86035
0.91187
0.66653
0.90413
0.96456
0.91562
0.96159
0.95351
0.89275
0.94271
0.95071
0.47196
0.95866
0.96133
0.95279
0.82750
0.90629
0.89602
0.92446
0.85556
0.87831
0.80303
0.94525
0.95350
0.83869
0.83595
0.79501
0.91541
0.51083
0.90788
0.60394
0.95562
0.95719
0.96450
0.00088
0.22002
0.46433
0.25786
0.45233
0.59652
0.23605
0.66195
0.36430
0.36145
0.95321
0.95077
0.85726
0.90355
0.90639
0.81721
0.95132
0.63433
0.91776
0.15981
0.08129
0.13338
0.16229
0.15884
0.63667
0.33631
0.22863
0.37701
0.06788
0.13586
0.90327
0.95075
0.90399
0.16792
0.96350
0.95128
0.71951
0.93960
0.96804
0.94508
0.95324
0.03908
0.92604
0.97867
0.92653
0.67266
0.96886
0.95908
0.86816
0.93535
0.77259
0.92869
0.95331
0.94575
0.94479
0.84246
0.70956
0.97665
0.95321
0.91065
0.87127
0.41096
0.69627
0.90988
0.88574
0.63295
0.87317
0.83445
0.91558
0.88490
0.62328
0.15547
0.13573
0.33027
0.65158
0.35523
0.41701
0.09643
0.49686
0.52451
0.92313
0.87342
0.86957
0.86396
0.64461
0.73747
0.95728
0.95911
0.93548
0.96811
0.83822
0.67054
0.91477
0.85386
0.79378
0.96158
0.95309
0.90106
0.93128
0.93501
0.94167
0.95572
0.85895
0.91374
0.95951
0.94605
0.93740
0.89434
0.70396
0.88635
0.72595
0.03306
0.97723
0.92777
0.87152
0.93665
0.97077
0.94741
0.88702
0.44791
0.89200
0.93597
0.78853
0.78819
0.89901
0.77157
0.96644
0.62289
0.60980
0.52113
0.66955
0.35042
0.52216
0.16746
0.68354
0.72827
0.61343
0.74027
0.63194
0.81927
0.76398
0.80356
0.89414
0.78880
0.81413
0.75473
0.76436
0.78035
0.88406
0.87757
0.45198
0.92504
0.77963
0.91458
0.90182
0.68730
0.84391
0.87688
0.88957
0.88371
0.30758
0.56970
0.86864
0.97383
0.78730
0.90291
0.76378
0.95550
0.24019
0.95119
0.92096
0.81862
0.96149
0.81624
0.93923
0.86772
0.85853
0.92663
0.92605
0.21860
0.55540
0.57289
0.75540
0.86791
0.89042
0.77203
0.62198
0.94406
0.70942
0.43458
0.83294
0.61338
0.33748
0.20532
0.83527
0.81719
0.70691
0.77433
0.77590
0.78682
0.46599
0.62262
0.82258
0.87885
0.47640
0.58257
0.59883
0.22901
0.70651
0.37147
0.80232
0.94250
0.90999
0.94021
0.85401
0.83372
0.83824
0.90294
0.95646
0.93018
0.66241
0.43240
0.45043
0.38873
0.50448
0.28985
0.59254
0.70856
0.70902
0.24385
0.17589
0.94855
0.87140
0.49307
0.89043
0.81109
0.81664
0.84862
0.72144
0.95492
0.90245
0.93313
0.93628
0.86252
0.97468
0.93812
0.81560
0.94773
0.96163
0.94288
0.60176
0.76408
0.41571
0.60526
0.80522
0.80257
0.57075
0.71775
0.64219
0.00486
0.20032
0.92782
0.91204
0.65641
0.54606
0.01882
0.95451
0.94694
0.96604
0.90727
0.91094
0.54435
0.39524
0.78427
0.13568
0.77916
0.80532
0.64853
0.10032
0.12792
0.95339
0.87554
0.95774
0.73107
0.00864
0.95179
0.86717
0.00430
0.92050
0.92750
0.21455
0.67775
0.84739
0.44138
0.46023
0.47548
0.50959
0.73045
0.26020
0.42599
0.91925
0.69975
0.64333
0.33786
0.33224
0.77711
0.32337
0.63909
0.64078
0.76977
0.89793
0.90467
0.94042
0.79863
0.77022
0.70678
0.90339
0.90105
0.74789
0.89570
0.88669
0.87974
0.87000
0.89565
0.80098
0.89904
0.87375
0.91089
0.36015
0.35747
0.69695
0.88347
0.74493
0.86488
0.88191
0.88790
0.83264
0.77481
0.36012
0.64596
0.89308
0.90859
0.86114
0.84286
0.95491
0.74891
0.75947
0.64451
0.02253
0.00565
0.79107
0.01723
0.81351
0.95125
0.92650
0.94088
0.90411
0.96688
0.89370
0.17604
0.25856
0.17434
0.22438
0.07367
0.37498
0.25496
0.03595
0.15847
0.86465
0.95373
0.73545
0.97506
0.93828
0.84834
0.93978
0.88717
0.92126
0.91004
0.44910
0.61431
0.70981
0.65449
0.23121
0.19726
0.13443
0.21845
0.70276
0.17365
0.94198
0.74903
0.94986
0.91343
0.97229
0.94468
0.85444
0.92502
0.51269
0.92338
0.95647
0.52952
0.62733
0.76467
0.51866
0.91687
0.65176
0.37716
0.59144
0.81940
0.41272
0.92775
0.92924
0.02829
0.92106
0.96504
0.94952
0.02156
0.93743
0.82780
0.02595
0.58289
0.95008
0.86953
0.92327
0.94881
0.86219
0.95596
0.93121
0.91988
0.95448
0.86050
0.74706
0.89283
0.00535
0.93676
0.92939
0.88688
0.94345
0.94886
0.91674
0.65567
0.89786
0.90041
0.96461
0.92967
0.93625
0.83640
0.93450
0.82952
0.94383
0.79478
0.87713
0.82411
0.94004
0.64452
0.92576
0.95492
0.89588
0.93708
0.94635
0.95873
0.92516
0.94393
0.93735
0.75936
0.95349
0.95738
0.95368
0.95887
0.95102
0.76585
0.76796
0.94992
0.56783
0.13560
0.80487
0.76590
0.15363
0.14301
0.20879
0.29271
0.27589
0.69304
0.82950
0.79411
0.30716
0.65623
0.00719
0.73467
0.74801
0.68555
0.74542
0.08020
0.92299
0.58698
0.91756
0.97878
0.88773
0.70749
0.93537
0.95816
0.93886
0.88129
0.80723
0.93992
0.39932
0.85888
0.85936
0.84935
0.83392
0.87693
0.45824
0.83470
0.90058
0.90674
0.60837
0.87122
0.85236
0.95045
0.94090
0.82723
0.93327
0.60099
0.45149
0.31275
0.60106
0.64679
0.45770
0.64986
0.25392
0.48952
0.27824
0.94168
0.94227
0.75169
0.54671
0.40914
0.93168
0.88825
0.94953
0.89782
0.79810
0.88775
0.77916
0.95309
0.94880
0.80046
0.79222
0.95356
0.96259
0.75266
0.91347
0.81305
0.73880
0.77125
0.00759
0.95247
0.48483
0.91192
0.83001
0.85485
0.01281
0.71268
0.87942
0.25775
0.86295
0.80515
0.80169
0.86876
0.82146
0.85802
0.65331
0.69837
0.88025
0.94124
0.79986
0.86246
0.51171
0.84935
0.80397
0.84916
0.30921
0.93991
0.90412
0.91621
0.90598
0.93298
0.91304
0.85871
0.90921
0.58887
0.86646
0.93505
0.92511
0.92353
0.69952
0.93662
0.93922
0.92375
0.90033
0.91429
0.96109
0.64403
0.89494
0.85962
0.60447
0.94070
0.80315
0.69153
0.70035
0.59307
0.86584
0.24875
0.57921
0.64909
0.56807
0.55541
0.17742
0.50694
0.50170
0.62989
0.43320
0.39467
0.42873
0.47298
0.29057
0.67187
0.59057
0.78784
0.31987
0.16717
0.12630
0.64250
0.37684
0.89142
0.75377
0.57367
0.22934
0.51399
0.30360
0.84519
0.08334
0.82004
0.67150
0.92066
0.93061
0.89771
0.83165
0.94017
0.94269
0.90297
0.88128
0.95706
0.95610
0.95333
0.94646
0.93413
0.89093
0.93341
0.82808
0.89602
0.93364
0.66809
0.74660
0.85741
0.03223
0.79801
0.02308
0.69638
0.70694
0.55681
0.90518
0.84728
0.84239
0.58391
0.61970
0.63060
0.94665
0.85797
0.79578
0.70793
0.87679
0.78798
0.39592
0.48103
0.60052
0.58459
0.23896
0.71147
0.27300
0.15258
0.82304
0.89519
0.92377
0.89795
0.87043
0.89189
0.82628
0.87420
0.86035
0.90011
0.89069
0.27369
0.78682
0.71788
0.90941
0.86301
0.51987
0.87938
0.50842
0.91729
0.74142
0.78561
0.93199
0.87579
0.56356
0.83108
0.91234
0.79987
0.91407
0.90488
0.87411
0.87243
0.37596
0.48330
0.96012
0.75353
0.94815
0.88542
0.94783
0.18165
0.90135
0.94378
0.60951
0.65532
0.93766
0.81733
0.95376
0.94024
0.93254
0.92920
0.81345
0.35264
0.19530
0.60782
0.66805
0.58423
0.07216
0.29224
0.07634
0.40038
0.38129
0.35466
0.65669
0.26855
0.20895
0.31075
0.59855
0.31326
0.18462
0.67265
0.24978
0.95200
0.63546
0.64835
0.93057
0.89434
0.86135
0.91531
0.93021
0.87111
0.95522
0.74955
0.92636
0.81239
0.96148
0.77376
0.88650
0.86492
0.86968
0.92981
0.91357
0.85246
0.23057
0.16477
0.09270
0.35751
0.66042
0.28119
0.04647
0.16293
0.77808
0.65966
0.55513
0.58316
0.85403
0.92821
0.96156
0.28993
0.90123
0.93084
0.95930
0.85077
0.90574
0.89902
0.79864
0.72820
0.84833
0.75174
0.86082
0.62105
0.84165
0.70951
0.93563
0.97256
0.89613
0.86420
0.91844
0.58184
0.89228
0.22053
0.88377
0.92996
0.78984
0.96325
0.90985
0.34204
0.42883
0.73321
0.95400
0.85810
0.91970
0.90370
0.91758
0.92710
0.84921
0.90629
0.75263
0.95506
0.53151
0.85974
0.78719
0.67970
0.45047
0.07090
0.86179
0.49656
0.77008
0.50106
0.80309
0.54123
0.41271
0.94457
0.86422
0.92781
0.91555
0.67160
0.87449
0.86766
0.74118
0.78564
0.87043
0.90031
0.64486
0.88853
0.91689
0.84331
0.80372
0.92719
0.33750
0.78202
0.60975
