0.78972
0.79426
0.82002
0.76109
0.81738
0.80953
0.72696
0.81440
0.81077
0.80039
0.81647
0.78468
0.81398
0.82768
0.82705
0.78695
0.78917
0.81017
0.83055
0.81248
0.82147
0.77669
0.81138
0.80906
0.82149
0.83581
0.83287
0.83461
0.82903
0.82655
0.79800
0.80994
0.77494
0.82025
0.81548
0.79990
0.81094
0.79241
0.78932
0.81265
0.81297
0.80012
0.82072
0.78466
0.81103
0.81277
0.83366
0.82034
0.81944
0.82686
0.79463
0.82581
0.79995
0.81200
0.84628
0.83705
0.82830
0.82351
0.83593
0.83310
0.79717
0.84023
0.83325
0.80269
0.80932
0.80500
0.80757
0.81847
0.79913
0.79990
0.80653
0.79833
0.80967
0.78445
0.80482
0.79949
0.78749
0.73979
0.82097
0.77726
0.80436
0.81091
0.80973
0.80806
0.82347
0.82809
0.82055
0.82601
0.80317
0.81363
0.81297
0.79701
0.81915
0.82480
0.80880
0.78906
0.76085
0.81820
0.82730
0.80907
0.82849
0.81636
0.81727
0.80418
0.82751
0.82390
0.80393
0.81674
0.80723
0.79115
0.83322
0.81499
0.81641
0.79374
0.79939
0.81243
0.83151
0.81258
0.80851
0.75744
0.77242
0.81539
0.78670
0.77000
0.82584
0.82074
0.83492
0.82996
0.85297
0.82369
0.80436
0.80333
0.81688
0.80947
0.80420
0.81522
0.80356
0.80383
0.80625
0.81187
0.80292
0.80770
0.80877
0.82128
0.79936
0.75400
0.80594
0.81479
0.79922
0.78186
0.84345
0.81530
0.77370
0.81710
0.83478
0.79874
0.80178
0.80630
0.80592
0.79449
0.78617
0.79418
0.80756
0.79443
0.80307
0.80579
0.82729
0.80674
0.76931
0.78786
0.74036
0.77837
0.75088
0.80934
0.79764
0.78951
0.79350
0.72396
0.81829
0.81996
0.81999
0.80272
0.80846
0.79951
0.80064
0.80077
0.80772
0.81388
0.81834
0.80020
0.80126
0.73755
0.81735
0.82621
0.82291
0.79856
0.77605
0.80059
0.80283
0.76310
0.79313
0.81131
0.75502
0.78268
0.80498
0.81606
0.80324
0.83101
0.84548
0.78920
0.80168
0.81391
0.80352
0.81875
0.80320
0.81246
0.84297
0.80760
0.79776
0.81472
0.82604
0.83240
0.82443
0.80534
0.79940
0.82388
0.83677
0.83167
0.81952
0.77807
0.80288
0.79632
0.80119
0.80814
0.80130
0.79972
0.80753
0.82688
0.82537
0.83465
0.82265
0.80284
0.80518
0.83616
0.77193
0.80169
0.80684
0.80207
0.78428
0.81430
0.73576
0.75667
0.81834
0.77248
0.75233
0.71195
0.79079
0.83372
0.80041
0.78089
0.80867
0.80129
0.79022
0.79630
0.79539
0.80832
0.77950
0.80648
0.78756
0.80419
0.80984
0.80388
0.77478
0.81507
0.77561
0.82325
0.79768
0.79457
0.82711
0.81514
0.82643
0.84115
0.79314
0.82073
0.84244
0.81856
0.79671
0.81149
0.80092
0.78492
0.81036
0.82121
0.79062
0.82084
0.81108
0.79593
0.80757
0.80518
0.82185
0.81789
0.81674
0.80794
0.81232
0.84196
0.80519
0.82246
0.79123
0.82064
0.81699
0.83231
0.81681
0.81783
0.81950
0.77890
0.82304
0.76980
0.80604
0.80731
0.76649
0.76330
0.82820
0.81081
0.83712
0.72714
0.80455
0.81793
0.81740
0.81063
0.80005
0.80726
0.81945
0.78012
0.80154
0.78970
0.76668
0.79870
0.79791
0.78900
0.84541
0.79479
0.84431
0.83073
0.78605
0.82709
0.82509
0.83054
0.83473
0.80843
0.81898
0.82595
0.83088
0.81889
0.81996
0.82595
0.81709
0.86014
0.83614
0.82167
0.79946
0.80837
0.78513
0.76242
0.80396
0.80197
0.84237
0.78957
0.84205
0.83604
0.82518
0.82993
0.83968
0.83088
0.82584
0.82618
0.80411
0.83131
0.83033
0.82223
0.81645
0.78235
0.81779
0.82437
0.80899
0.79281
0.78574
0.82712
0.78096
0.83161
0.82434
0.82973
0.82752
0.82887
0.82794
0.79861
0.80753
0.79771
0.81269
0.82274
0.79295
0.75224
0.77885
0.79050
0.74532
0.74693
0.78661
0.82651
0.78627
0.79556
0.80802
0.84301
0.83221
0.81402
0.81193
0.81210
0.79920
0.81523
0.70947
0.78594
0.83796
0.81612
0.82457
0.81771
0.81149
0.81665
0.80277
0.80405
0.81991
0.79189
0.81408
0.82507
0.82705
0.82693
0.81476
0.81426
0.82935
0.81271
0.83397
0.83286
0.79240
0.80098
0.77833
0.79453
0.79282
0.79472
0.78143
0.81054
0.80804
0.78857
0.80009
0.79505
0.81678
0.81791
0.80158
0.81552
0.81863
0.79943
0.76721
0.83996
0.77937
0.81889
0.83407
0.82542
0.81146
0.80846
0.82339
0.81176
0.83447
0.81609
0.81104
0.80963
0.82004
0.83922
0.83318
0.79299
0.80318
0.80569
0.81980
0.81802
0.75708
0.81785
0.82230
0.76498
0.79671
0.79617
0.81010
0.79456
0.81953
0.78324
0.75535
0.80225
0.81218
0.78925
0.83372
0.74379
0.81261
0.81246
0.77762
0.82081
0.81229
0.81686
0.81703
0.83781
0.82652
0.81337
0.80933
0.78007
0.81013
0.82887
0.81890
0.81898
0.82019
0.82227
0.79732
0.79216
0.77887
0.78840
0.80894
0.80894
0.82114
0.78302
0.78822
0.80593
0.81091
0.79504
0.80061
0.72489
0.70600
0.82357
0.80397
0.83508
0.78478
0.84559
0.80460
0.79552
0.77389
0.80265
0.82457
0.79273
0.75265
0.78458
0.78087
0.80815
0.80427
0.84180
0.82289
0.72291
0.79910
0.81356
0.79918
0.82687
0.83727
0.80881
0.81473
0.83689
0.82142
0.82773
0.85227
0.83047
0.81607
0.81195
0.83213
0.82690
0.82126
0.80506
0.80167
0.81148
0.83860
0.79967
0.81505
0.83228
0.82110
0.81696
0.81687
0.83176
0.83131
0.78247
0.80234
0.84408
0.81966
0.72533
0.80979
0.79683
0.82296
0.78519
0.78846
0.77903
0.81917
0.85968
0.81433
0.81103
0.80979
0.81995
0.77943
0.76191
0.80625
0.75555
0.82035
0.78368
0.81041
0.74591
0.81028
0.76834
0.80241
0.82671
0.82928
0.79370
0.78817
0.74509
0.78966
0.79740
0.74235
0.80496
0.79801
0.76211
0.77500
0.72621
0.78963
0.77947
0.76734
0.75430
0.79626
0.83364
0.80557
0.80679
0.83002
0.78309
0.79276
0.76000
0.77936
0.79947
0.76504
0.74995
0.80659
0.82523
0.80341
0.79187
0.82395
0.82301
0.83203
0.82454
0.81968
0.81386
0.82846
0.82368
0.82332
0.81370
0.76527
0.81071
0.81440
0.81787
0.81529
0.80896
0.81160
0.78091
0.81511
0.80010
0.80809
0.80690
0.83117
0.81947
0.80476
0.78941
0.81024
0.81312
0.81993
0.81936
0.83301
0.82517
0.79842
0.82344
0.81305
0.84298
0.81750
0.81577
0.83061
0.82324
0.82171
0.80570
0.83553
0.84525
0.81997
0.81563
0.83720
0.81111
0.78896
0.82500
0.81290
0.81756
0.80718
0.79951
0.81492
0.81692
0.81418
0.82341
0.79873
0.80878
0.83526
0.80262
0.82745
0.76915
0.81927
0.76402
0.80114
0.80598
0.79324
0.75097
0.81445
0.80521
0.81184
0.80471
0.82304
0.81825
0.74181
0.80785
0.82370
0.81443
0.81603
0.81983
0.80917
0.80411
0.80971
0.81398
0.82167
0.78728
0.82340
0.80461
0.81212
0.80786
0.79538
0.81494
0.80392
0.81988
0.82835
0.83839
0.81105
0.81458
0.82371
0.78847
0.80429
0.80128
0.78084
0.76254
0.81571
0.78229
0.82816
0.80295
0.83687
0.82541
0.83453
0.83831
0.82661
0.81956
0.83008
0.83254
0.82957
0.82633
0.79288
0.83031
0.80054
0.81081
0.80993
0.80650
0.80790
0.81359
0.80596
0.84120
0.80621
0.79494
0.77971
0.78440
0.78518
0.79163
0.78069
0.74768
0.75972
0.79222
0.83202
0.84870
0.87869
0.83574
0.81513
0.84600
0.85135
0.79584
0.80889
0.79128
0.69670
0.78411
0.81307
0.75711
0.79904
0.81293
0.77333
0.82940
0.80469
0.85768
0.80774
0.73827
0.80333
0.79994
0.75073
0.76384
0.75844
0.82194
0.81511
0.77883
0.81837
0.80611
0.79267
0.80782
0.80121
0.80781
0.80419
0.79787
0.81055
0.81137
0.77770
0.81908
0.79957
0.80380
0.80936
0.81203
0.81621
0.79062
0.80832
0.80602
0.79848
0.81626
0.79861
0.81191
0.81386
0.79410
0.78741
0.80315
0.78638
0.77101
0.84224
0.84945
0.85798
0.84316
0.82208
0.82645
0.83700
0.81314
0.80774
0.82801
0.83757
0.82351
0.81524
0.83638
0.79664
0.82731
0.84856
0.83060
0.84671
0.80795
0.82097
0.79151
0.80744
0.80592
0.82267
0.82141
0.82834
0.81580
0.79696
0.81240
0.80196
0.78542
0.79374
0.79670
0.80252
0.79743
0.81336
0.80434
0.79174
0.81810
0.81795
0.80185
0.80164
0.80120
0.79195
0.79825
0.81931
0.79250
0.79575
0.81095
0.78332
0.79736
0.77336
0.75564
0.78256
0.78437
0.73156
0.77693
0.78988
0.75531
0.81593
0.82875
0.82749
0.83628
0.83307
0.81255
0.80503
0.83294
0.83356
0.80722
0.80368
0.81178
0.82580
0.83082
0.81173
0.78356
0.81698
0.83245
0.82997
0.81138
0.82281
0.80168
0.75373
0.83105
0.76946
0.75602
0.76260
0.73978
0.75913
0.76973
0.81549
0.81362
0.82230
0.80826
0.81768
0.81271
0.83235
0.82054
0.80625
0.80186
0.79078
0.81930
0.81017
0.81557
0.79667
0.79400
0.78060
0.81244
0.81979
0.82755
0.80418
0.79681
0.81448
0.80518
0.79726
0.79142
0.78786
0.80482
0.82668
0.80918
0.84885
0.78275
0.80909
0.80478
0.82253
0.82203
0.80612
0.78954
0.80650
0.79086
0.80625
0.81140
0.81896
0.74030
0.82530
0.79922
0.81292
0.81055
0.79852
0.79868
0.79102
0.77936
0.74537
0.81391
0.79162
0.77740
0.81801
0.76987
0.82298
0.83502
0.76719
0.82679
0.81799
0.77179
0.75151
0.74890
0.80763
0.76176
0.80511
0.79820
0.80456
0.80727
0.81276
0.80447
0.80667
0.81725
0.80521
0.78157
0.82874
0.79994
0.76275
0.73083
0.79286
0.81947
0.78600
0.82562
0.77456
0.80999
0.81117
0.76905
0.80717
0.80067
0.82055
0.81543
0.80709
0.78444
0.81963
0.80007
0.80591
0.81202
0.80252
0.79825
0.81925
0.79660
0.81200
0.80114
0.80872
0.80798
0.81095
0.80808
0.81759
0.78756
0.80528
0.82462
0.82124
0.81744
0.79578
0.82095
0.81977
0.75008
0.79688
0.79399
0.79489
0.75013
0.74511
0.81299
0.79708
0.80063
0.79049
0.81662
0.78729
0.80902
0.80048
0.82288
0.80360
0.76399
0.78220
0.78534
0.79029
0.79840
0.78094
0.80618
0.82537
0.80342
0.83364
0.82940
0.83311
0.84286
0.79912
0.79239
0.82063
0.82023
0.81485
0.83239
0.82844
0.81776
0.80504
0.79599
0.80770
0.82865
0.81109
0.78593
0.75498
0.78589
0.74746
0.75142
0.77085
0.74612
0.82040
0.82958
0.79285
0.79955
0.79932
0.80174
0.81087
0.81638
0.82008
0.79995
0.80600
0.80501
0.80113
0.81436
0.80590
0.79798
0.79566
0.80309
0.80845
0.81226
0.79076
0.83143
0.79080
0.78238
0.81702
0.76813
0.76255
0.78026
0.79792
0.76992
0.77046
0.75232
0.78809
0.81604
0.80974
0.81840
0.82190
0.77526
0.79155
0.80034
0.81607
0.81162
0.83192
0.79714
0.76932
0.72797
0.75223
0.74875
0.79794
0.77727
0.80087
0.80191
0.79424
0.80992
0.81435
0.80387
0.80426
0.81374
0.82690
0.82189
0.84887
0.79921
0.81788
0.81451
0.81559
0.80924
0.84085
0.81577
0.82457
0.85887
0.83901
0.84008
0.81380
0.80444
0.79820
0.78197
0.81186
0.80073
0.80077
0.81214
0.77591
0.81435
0.83851
0.81709
0.77977
0.77900
0.80241
0.80660
0.81293
0.79985
0.81348
0.80163
0.81226
0.80340
0.81578
0.81429
0.81781
0.82538
0.81339
0.81767
0.80954
0.80360
0.82507
0.81266
0.79723
0.74942
0.78804
0.80050
0.78594
0.80944
0.80946
0.76021
0.80338
0.81930
0.81605
0.80926
0.77287
0.77129
0.80608
0.78857
0.78975
0.80808
0.81263
0.78764
0.79303
0.79517
0.78573
0.85916
0.80235
0.76823
0.81271
0.73940
0.79549
0.75848
0.81833
0.79337
0.77896
0.81180
0.77178
0.80462
0.80747
0.75462
0.81312
0.74783
0.79865
0.79484
0.79571
0.80727
0.81803
0.75281
0.79482
0.78643
0.79754
0.78696
0.80383
0.83804
0.80804
0.80509
0.79999
0.81919
0.83110
0.80727
0.80348
0.80337
0.80508
0.82594
0.79546
0.78719
0.82434
0.82021
0.79499
0.79941
0.81907
0.80849
0.81365
0.83037
0.82229
0.79973
0.78206
0.81963
0.78290
0.82524
0.81841
0.82045
0.79232
0.83486
0.69513
0.82374
0.81307
0.79224
0.79652
0.79573
0.79001
0.83236
0.81686
0.75169
0.82393
0.79547
0.81693
0.79252
0.80931
0.82951
0.82073
0.76920
0.78341
0.81169
0.77873
0.82949
0.80773
0.79081
0.77796
0.76795
0.59325
0.73667
0.73687
0.73137
0.78927
0.70161
0.77213
0.74787
0.78726
0.81007
0.78292
0.79066
0.80556
0.82923
0.77647
0.81145
0.81172
0.80295
0.81432
0.79981
0.84154
0.83287
0.81754
0.81964
0.79509
0.80125
0.79044
0.80889
0.82005
0.84192
0.79544
0.75321
0.79323
0.76457
0.80090
0.82075
0.80470
0.78081
0.78618
0.80395
0.75255
0.81690
0.80037
0.81341
0.77076
0.85206
0.76252
0.80973
0.76355
0.79778
0.76710
0.80960
0.80572
0.81723
0.75597
0.79430
0.81486
0.78109
0.80781
0.79425
0.82869
0.80576
0.80655
0.80703
0.80680
0.81783
0.81640
0.78757
0.81587
0.77434
0.79345
0.80139
0.79393
0.79571
0.80803
0.80648
0.78858
0.82578
0.83204
0.81300
0.83167
0.83310
0.79885
0.80918
0.82255
0.80755
0.81998
0.82360
0.80509
0.82498
0.81839
0.84610
0.83433
0.82597
0.83484
0.82059
0.82589
0.82230
0.80477
0.83978
0.81179
0.81562
0.82047
0.81701
0.76976
0.83011
0.81856
0.85238
0.79635
0.79999
0.76797
0.83194
0.81711
0.82176
0.81603
0.82197
0.81839
0.80513
0.81193
0.80436
0.80056
0.78766
0.81157
0.82357
0.82189
0.81827
0.76163
0.82355
0.81404
0.83024
0.81648
0.83516
0.77659
0.79196
0.84021
0.75380
0.80481
0.81255
0.83138
0.84439
0.72215
0.82275
0.82871
0.77057
0.77920
0.79667
0.83262
0.79104
0.76935
0.79887
0.80767
0.80601
0.79949
0.80646
0.80387
0.77808
0.81165
0.71616
0.78051
0.75208
0.80409
0.83918
0.80086
0.84650
0.79678
0.81457
0.81625
0.83885
0.77424
0.83727
0.78881
0.81834
0.79277
0.80433
0.82744
0.79193
0.83756
0.80129
0.82084
0.80894
0.79694
0.79169
0.80134
0.83470
0.81326
0.79080
0.78887
0.82638
0.74843
0.81811
0.79731
0.82247
0.78831
0.82758
0.79465
0.80796
0.79477
0.68666
0.80727
0.76161
0.77325
0.30777
0.72259
0.59340
0.68027
0.62913
0.53598
0.72935
0.25304
0.75282
0.29581
0.44528
0.22579
0.48729
0.60855
0.69353
0.26163
0.26953
0.40346
0.47680
0.26233
0.22465
0.25693
0.19640
0.22143
0.23005
0.25043
0.23034
0.23708
0.23348
0.23468
0.23329
0.25215
0.26320
0.21082
0.21890
0.23538
0.25107
0.30553
0.23282
0.21142
0.25203
0.29100
0.23916
0.26896
0.20976
0.19608
0.26325
0.23141
0.36853
0.21103
0.24650
0.25986
0.24709
0.54016
0.64429
0.24102
0.28184
0.20358
0.47647
0.23862
0.26758
0.36329
0.26282
0.26716
0.24062
0.24803
0.22623
0.21015
0.23697
0.62189
0.21184
0.20142
0.27357
0.44317
0.36279
0.32066
0.31589
0.26517
0.60576
0.25751
0.54522
0.33829
0.32347
0.40763
0.30407
0.26322
0.54001
0.26754
0.70621
0.68382
0.63189
0.79599
0.20828
0.25241
0.52521
0.76827
0.75330
0.73503
0.26212
0.22393
0.26039
0.23731
0.25400
0.24900
0.26210
0.28938
0.24600
0.32633
0.39075
0.32740
0.66977
0.66497
0.51492
0.77049
0.60755
0.46844
0.33917
0.28289
0.29815
0.68089
0.54617
0.68987
0.22903
0.32190
0.64002
0.63455
0.65961
0.34823
0.59033
0.21486
0.22986
0.23389
0.25565
0.19921
0.23243
0.24667
0.23062
0.22747
0.26196
0.51948
0.42024
0.25254
0.26307
0.31134
0.28192
0.59795
0.30394
0.35317
0.74764
0.26202
0.35538
0.43272
0.64906
0.63590
0.54473
0.69062
0.24160
0.23099
0.22706
0.25770
0.60036
0.22274
0.23458
0.54545
0.25859
0.24613
0.24649
0.35132
0.49275
0.61503
0.27340
0.27680
0.58639
0.27569
0.34728
0.28108
0.21090
0.26921
0.34698
0.28899
0.29637
0.28981
0.36674
0.25485
0.25758
0.24391
0.24628
0.25443
0.25736
0.40383
0.24834
0.45142
0.54887
0.62980
0.36679
0.32330
0.49170
0.25951
0.22276
0.22726
0.21696
0.31659
0.26342
0.22084
0.24533
0.21157
0.21243
0.29516
0.28264
0.38883
0.25847
0.22214
0.24351
0.26782
0.27729
0.22867
0.26063
0.21284
0.33384
0.20584
0.58834
0.20746
0.24422
0.35111
0.22461
0.23593
0.28986
0.45925
0.37468
0.41637
0.52023
0.56319
0.58254
0.22213
0.36938
0.59415
0.35252
0.42005
0.28216
0.31414
0.49527
0.53274
0.52637
0.25045
0.34986
0.26258
0.65257
0.28115
0.23196
0.43169
0.29674
0.46059
0.60425
0.27871
0.71970
0.73259
0.61703
0.44963
0.67375
0.48941
0.61729
0.31059
0.51288
0.25423
0.26111
0.52229
0.50423
0.28428
0.37171
0.35745
0.62748
0.29090
0.27940
0.26532
0.27275
0.61051
0.72040
0.53372
0.22076
0.23520
0.28268
0.21408
0.22518
0.24171
0.22504
0.23493
0.30669
0.25590
0.21870
0.25681
0.22357
0.18273
0.23421
0.22446
0.25966
0.25502
0.24289
0.24334
0.20093
0.21401
0.21688
0.23918
0.26239
0.26874
0.27169
0.28371
0.28350
0.26293
0.25717
0.50680
0.25005
0.61072
0.41267
0.26482
0.52035
0.64985
0.49729
0.61040
0.24310
0.43938
0.58732
0.57905
0.54743
0.35438
0.51608
0.51313
0.63350
0.27536
0.37426
0.40877
0.25265
0.24536
0.25368
0.24686
0.23349
0.25202
0.31102
0.28514
0.33633
0.24947
0.29556
0.25180
0.22826
0.26576
0.21575
0.23803
0.21962
0.24143
0.28391
0.26103
0.34121
0.35526
0.23542
0.25993
0.26177
0.26660
0.22664
0.20197
0.63611
0.49233
0.78428
0.44262
0.67174
0.23258
0.58537
0.57038
0.63836
0.39120
0.21007
0.23747
0.48992
0.53703
0.32516
0.43902
0.23463
0.29769
0.23128
0.29733
0.48369
0.67683
0.51431
0.64570
0.37149
0.25951
0.63058
0.29014
0.53138
0.56769
0.27458
0.23656
0.27965
0.21277
0.28433
0.25164
0.28239
0.21266
0.26149
0.24457
0.39426
0.38636
0.53756
0.31804
0.50590
0.23015
0.61675
0.62742
0.27730
0.58039
0.37088
0.21334
0.58618
0.54968
0.46335
0.24078
0.60063
0.55016
0.35296
0.33052
0.47867
0.24389
0.47860
0.23940
0.28184
0.23681
0.24804
0.26662
0.28530
0.27731
0.26407
0.26669
0.23295
0.23771
0.26894
0.23932
0.24891
0.42287
0.23530
0.25274
0.23145
0.43646
0.54984
0.23498
0.54753
0.56625
0.43156
0.40239
0.24781
0.23108
0.55910
0.33259
0.54311
0.69101
0.52445
0.49956
0.56523
0.64581
0.45374
0.71998
0.33500
0.26199
0.31336
0.34881
0.23958
0.25773
0.23187
0.22062
0.21347
0.23321
0.19223
0.20651
0.20156
0.23900
0.28075
0.24660
0.28084
0.22410
0.27389
0.23848
0.23552
0.26024
0.24751
0.25852
0.25518
0.30382
0.32661
0.24491
0.32623
0.25945
0.26982
0.21573
0.22838
0.19597
0.26699
0.19565
0.22604
0.40007
0.21781
0.25027
0.24368
0.25751
0.24516
0.28701
0.24531
0.19059
0.26510
0.23456
0.21892
0.46952
0.36353
0.57829
0.37138
0.66446
0.26472
0.37005
0.51550
0.57181
0.27276
0.27290
0.25893
0.62750
0.55768
0.45776
0.68090
0.48033
0.28500
0.61104
0.22333
0.35984
0.26857
0.29434
0.24421
0.27732
0.43169
0.26201
0.53626
0.22039
0.56827
0.65452
0.39593
0.46598
0.51224
0.46423
0.80326
0.57307
0.62286
0.78675
0.25261
0.18564
0.26427
0.19044
0.21369
0.35223
0.19264
0.24033
0.27404
0.24428
0.23457
0.24607
0.22617
0.20130
0.22716
0.28330
0.19091
0.25089
0.21623
0.25390
0.26032
0.31771
0.24894
0.22755
0.23575
0.25503
0.28202
0.25388
0.26788
0.24149
0.23201
0.57635
0.26091
0.24898
0.30614
0.24840
0.27675
0.58766
0.28123
0.25095
0.27066
0.30826
0.59935
0.25810
0.40524
0.28733
0.51241
0.63910
0.27829
0.33436
0.25977
0.25797
0.23141
0.70948
0.73266
0.62095
0.27009
0.62313
0.22171
0.60615
0.71071
0.48842
0.52953
0.35051
0.28282
0.41068
0.43912
0.25101
0.41130
0.39635
0.31845
0.76352
0.69157
0.70770
0.67163
0.28522
0.25968
0.51793
0.35334
0.64553
0.24548
0.24827
0.44515
0.33975
0.21786
0.72952
0.26098
0.39756
0.38113
0.37447
0.22976
0.27188
0.22570
0.25617
0.18523
0.28656
0.18788
0.24137
0.25549
0.22251
0.58177
0.58093
0.24449
0.64417
0.28200
0.56828
0.31211
0.28791
0.33752
0.22915
0.22879
0.24788
0.25500
0.24836
0.28321
0.21956
0.31926
0.21774
0.22797
0.22663
0.26014
0.52523
0.51818
0.19806
0.51333
0.42618
0.25893
0.31878
0.27578
0.66832
0.35360
0.23588
0.40471
0.73270
0.32844
0.23206
0.37300
0.41983
0.23788
0.26397
0.24434
0.41744
0.26620
0.27552
0.42978
0.26929
0.22647
0.61496
0.58270
0.32671
0.24917
0.28994
0.25691
0.26410
0.57045
0.26972
0.29906
0.29133
0.28135
0.40037
0.22226
0.24131
0.20209
0.23201
0.26267
0.26056
0.27205
0.21299
0.19731
0.25405
0.52918
0.57288
0.40590
0.52974
0.25980
0.22724
0.61673
0.47304
0.56323
0.55786
0.30786
0.24729
0.61175
0.55212
0.27642
0.70221
0.41698
0.46746
0.66672
0.33060
0.58292
0.38043
0.44234
0.26121
0.45966
0.64486
0.57277
0.36086
0.21601
0.63507
0.27944
0.30369
0.61624
0.21836
0.24008
0.40214
0.49728
0.34115
0.27635
0.27204
0.28562
0.50685
0.40829
0.23729
0.46483
0.24651
0.43140
0.30177
0.24462
0.51972
0.46611
0.59225
0.23201
0.26689
0.28036
0.46259
0.49492
0.33643
0.32463
0.38663
0.32121
0.49373
0.63534
0.41235
0.34088
0.58598
0.26665
0.41851
0.60486
0.38537
0.40800
0.50811
0.34212
0.68028
0.35889
0.21587
0.26858
0.55332
0.63428
0.63586
0.20309
0.33777
0.40504
0.56033
0.55484
0.50352
0.26625
0.65833
0.39665
0.33364
0.34960
0.27837
0.74627
0.25606
0.66078
0.41991
0.64288
0.26765
0.62027
0.27821
0.23573
0.25353
0.28179
0.29316
0.37837
0.41907
0.28175
0.50894
0.56095
0.26689
0.39283
0.28336
0.26474
0.27197
0.58883
0.69726
0.63825
0.71474
0.24523
0.47556
0.23908
0.23283
0.28380
0.25596
0.24900
0.25599
0.21379
0.21287
0.30927
0.23217
0.37995
0.59923
0.29853
0.54475
0.27672
0.52298
0.27334
0.45117
0.46119
0.33209
0.25261
0.24823
0.25420
0.32138
0.23482
0.24051
0.18738
0.22474
0.27078
0.20823
0.68768
0.56853
0.54038
0.24314
0.65865
0.55892
0.22792
0.53580
0.23345
0.70338
0.24251
0.39603
0.63690
0.70424
0.53244
0.24745
0.23299
0.61884
0.65134
0.54795
0.24909
0.23865
0.24862
0.25524
0.24632
0.22880
0.24272
0.23464
0.22327
0.22671
0.21920
0.26915
0.26469
0.27693
0.27681
0.28495
0.29900
0.28554
0.46768
0.37000
0.49109
0.24587
0.25874
0.27653
0.21360
0.32252
0.32599
0.24515
0.22506
0.27446
0.37293
0.24397
0.27255
0.24022
0.23245
0.27178
0.27822
0.26535
0.27746
0.26759
0.21943
0.25737
0.27652
0.24195
0.23137
0.29697
0.23603
0.22076
0.25675
0.24111
0.31241
0.24504
0.28988
0.24513
0.23046
0.31599
0.28859
0.23467
0.26101
0.28817
0.38329
0.38171
0.39835
0.33670
0.23026
0.23139
0.29158
0.38212
0.25074
0.40812
0.60020
0.57271
0.50102
0.52222
0.58075
0.41898
0.59253
0.66188
0.51006
0.21437
0.31328
0.68305
0.54994
0.65012
0.72692
0.70574
0.67356
0.58525
0.27700
0.26718
0.29489
0.26361
0.54770
0.40011
0.77183
0.63021
0.59201
0.36325
0.44205
0.30474
0.24678
0.23018
0.26540
0.29205
0.30989
0.41031
0.32830
0.38048
0.19476
0.21879
0.25170
0.21752
0.22657
0.21567
0.23722
0.21074
0.20653
0.26643
0.24682
0.38805
0.57984
0.76100
0.72461
0.28504
0.61364
0.27490
0.41701
0.33777
0.27025
0.23453
0.26855
0.33993
0.22356
0.19585
0.20436
0.19289
0.18597
0.21284
0.26451
0.23901
0.56648
0.58310
0.74051
0.66614
0.27385
0.42545
0.24979
0.28428
0.60580
0.23959
0.22034
0.27593
0.22446
0.26782
0.24919
0.22499
0.22889
0.23717
0.26947
0.27729
0.37886
0.27714
0.37443
0.57217
0.29539
0.29233
0.59831
0.31992
0.32656
0.71506
0.44420
0.39518
0.28289
0.48486
0.39966
0.62537
0.29733
0.30385
0.66628
0.41466
0.25078
0.26413
0.23093
0.33510
0.37047
0.32468
0.59010
0.71481
0.40718
0.26313
0.34044
0.68901
0.64196
0.53329
0.65680
0.31134
0.25148
0.26247
0.52807
0.59751
0.42222
0.26915
0.59058
0.27154
0.70519
0.34728
0.32165
0.37772
0.58302
0.53471
0.59612
0.29826
0.57276
0.26607
0.29280
0.28070
0.27872
0.46150
0.33008
0.26722
0.21945
0.26377
0.24978
0.27038
0.34663
0.24512
0.22070
0.24775
0.22817
0.24416
0.25531
0.24211
0.25289
0.32709
0.22236
0.22868
0.25634
0.37609
0.36204
0.21690
0.26517
0.30639
0.41198
0.21574
0.29016
0.61694
0.33502
0.22640
0.46741
0.68867
0.64318
0.35394
0.51839
0.48052
0.25573
0.40971
0.48056
0.25928
0.62711
0.35856
0.27539
0.24740
0.30131
0.38499
0.23214
0.23502
0.28543
0.28484
0.32897
0.28070
0.40618
0.21443
0.25318
0.23110
0.19760
0.23220
0.24079
0.27597
0.24958
0.27356
0.36009
0.27274
0.41412
0.31238
0.26818
0.26576
0.30112
0.34943
0.28442
0.26050
0.56697
0.24597
0.21579
0.41860
0.68269
0.26997
0.26820
0.43919
0.28752
0.28812
0.25783
0.24969
0.21903
0.31996
0.24861
0.28726
0.22549
0.37033
0.26510
0.28048
0.25206
0.38141
0.67501
0.25400
0.63591
0.61249
0.40069
0.24954
0.54548
0.55758
0.39555
0.27694
0.58612
0.62579
0.65423
0.46280
0.25009
0.56942
0.52057
0.36609
0.27788
0.40937
0.67080
0.75270
0.77373
0.54784
0.72306
0.66949
0.72247
0.26875
0.61637
0.54692
0.41498
0.49664
0.25572
0.62046
0.60526
0.33266
0.62417
0.60692
0.65332
0.23489
0.25483
0.52201
0.72646
0.30593
0.25747
0.24724
0.23632
0.22774
0.44678
0.22438
0.24088
0.27804
0.21972
0.26482
0.24009
0.24545
0.24970
0.27651
0.40679
0.22113
0.25081
0.25159
0.37043
0.26263
0.22257
0.23927
0.22987
0.25068
0.34277
0.26833
0.27393
0.41491
0.27318
0.23780
0.20489
0.26384
0.28845
0.31125
0.22541
0.25786
0.23904
0.34034
0.46431
0.26818
0.26842
0.51768
0.30149
0.41725
0.24064
0.32530
0.26147
0.50246
0.26731
0.33457
0.25860
0.41153
0.27244
0.32213
0.44181
0.28082
0.26702
0.27507
0.24575
0.25913
0.22823
0.25668
0.24597
0.46320
0.53410
0.54270
0.58627
0.70666
0.54016
0.67495
0.33859
0.57506
0.38165
0.46757
0.40921
0.25385
0.27727
0.21060
0.21608
0.25720
0.19765
0.23860
0.24667
0.24841
0.24136
0.59241
0.51912
0.34531
0.65756
0.52983
0.45296
0.29400
0.25554
0.56122
0.55166
0.26430
0.29651
0.35222
0.31065
0.40641
0.26943
0.45428
0.26171
0.64561
0.26583
0.36569
0.64158
0.36183
0.28348
0.47281
0.58403
0.51275
0.62515
0.42616
0.29190
0.51757
0.22455
0.24597
0.47043
0.26606
0.27985
0.31056
0.32324
0.47745
0.53976
0.50502
0.26384
0.21239
0.35983
0.29295
0.47239
0.64568
0.36902
0.43634
0.28604
0.30009
0.25957
0.26182
0.24303
0.24082
0.23095
0.24997
0.21638
0.31952
0.21081
0.22871
0.21188
0.20103
0.23595
0.23699
0.25252
0.23297
0.21101
0.25783
0.21952
0.31261
0.23569
0.23282
0.59840
0.32239
0.42795
0.57031
0.48157
0.59481
0.51184
0.25167
0.52236
0.50878
0.39472
0.52488
0.29023
0.50217
0.32237
0.45099
0.66413
0.29795
0.26395
0.30276
0.20761
0.21645
0.29325
0.29314
0.23927
0.24745
0.23066
0.36349
0.26595
0.36770
0.23785
0.29311
0.68218
0.31990
0.28455
0.23310
0.51050
0.46521
0.51479
0.67229
0.69715
0.56302
0.61576
0.59133
0.48661
0.27967
0.40014
0.42747
0.44774
0.58478
0.36350
0.28412
0.40194
0.67391
0.54521
0.27237
0.51577
0.36379
0.46099
0.60433
0.46118
0.27467
0.27508
0.59721
0.48350
0.63729
0.50293
0.55181
0.72283
0.64783
0.61944
0.36064
0.58909
0.48786
0.26788
0.61420
0.52854
0.29488
0.25865
0.24406
0.50934
0.26337
0.26069
0.26528
0.26951
0.28186
0.21641
0.42176
0.58301
0.60622
0.49698
0.25004
0.42915
0.59073
0.50460
0.28824
0.60403
0.43293
0.24382
0.46306
0.30141
0.36421
0.66887
0.73147
0.26223
0.30116
0.27423
