0.94323
0.91082
0.92600
0.90085
0.89965
0.95166
0.55887
0.95719
0.87807
0.94220
0.95742
0.97541
0.96568
0.96650
0.87083
0.96529
0.95442
0.81978
0.94684
0.95857
0.95630
0.96156
0.98898
0.95298
0.98504
0.95467
0.99505
0.99221
0.99714
0.94361
0.98491
0.99750
0.97673
0.99510
0.99679
0.99248
0.99107
0.97714
0.98998
0.99590
0.99405
0.99227
0.99877
0.99386
0.99765
0.99793
0.99843
0.99827
0.99687
0.99873
0.99498
0.99706
0.99374
0.98694
0.98739
0.99704
0.99370
0.99804
0.99032
0.99546
0.99112
0.99334
0.97931
0.99783
0.98656
0.98383
0.99763
0.99740
0.99175
0.98778
0.99411
0.99793
0.94746
0.96964
0.96303
0.97137
0.92745
0.94113
0.87800
0.96538
0.95902
0.93193
0.98668
0.98181
0.98997
0.97919
0.98804
0.98284
0.96085
0.99085
0.99191
0.96764
0.99354
0.97949
0.97927
0.96844
0.95109
0.99390
0.99051
0.99658
0.99169
0.99716
0.99834
0.99765
0.98223
0.99857
0.99796
0.96171
0.78393
0.67015
0.83046
0.79570
0.91331
0.47575
0.89497
0.86159
0.90958
0.99044
0.99369
0.94956
0.95215
0.81154
0.93622
0.81125
0.90004
0.92009
0.95232
0.93832
0.92351
0.99554
0.99535
0.99453
0.98636
0.99712
0.99100
0.99379
0.99406
0.99361
0.97512
0.98637
0.98130
0.98375
0.98385
0.98877
0.98783
0.78853
0.98512
0.98270
0.99033
0.90506
0.83432
0.96065
0.95973
0.94335
0.93514
0.92277
0.99345
0.99376
0.99531
0.97904
0.96079
0.99344
0.99746
0.93650
0.97667
0.99497
0.99730
0.98827
0.88896
0.63214
0.75750
0.77666
0.89133
0.93166
0.96296
0.55179
0.91984
0.86667
0.97676
0.99112
0.99271
0.98583
0.98885
0.99126
0.99265
0.98921
0.98869
0.98894
0.96873
0.95515
0.96584
0.93712
0.90330
0.82769
0.95330
0.95847
0.94713
0.96157
0.91321
0.96710
0.98477
0.99009
0.98412
0.98149
0.98617
0.98696
0.98399
0.96631
0.95958
0.96219
0.99567
0.98219
0.99391
0.98530
0.99509
0.97839
0.98276
0.97679
0.96726
0.99824
0.99272
0.99856
0.99843
0.99057
0.99686
0.99782
0.99337
0.97966
0.94272
0.93039
0.93302
0.85749
0.81464
0.88071
0.88123
0.96613
0.76554
0.89809
0.95635
0.88628
0.96014
0.96843
0.95910
0.96735
0.96972
0.97040
0.56396
0.96890
0.47941
0.85206
0.57325
0.57134
0.47748
0.78367
0.70197
0.25591
0.66163
0.79673
0.97413
0.97480
0.97296
0.97306
0.98024
0.98337
0.97093
0.98050
0.98019
0.96500
0.98880
0.98855
0.97642
0.98550
0.98626
0.99302
0.97742
0.99063
0.98793
0.98531
0.96227
0.97256
0.97843
0.97777
0.97466
0.97860
0.97347
0.98314
0.98124
0.96624
0.99621
0.97241
0.98150
0.99186
0.97886
0.99587
0.98771
0.96946
0.99695
0.98902
0.94436
0.99066
0.99320
0.99606
0.99523
0.99229
0.97035
0.94501
0.99111
0.99640
0.97794
0.94202
0.98917
0.97178
0.96088
0.96810
0.97056
0.96994
0.98425
0.97841
0.95789
0.89872
0.96329
0.91643
0.92739
0.70631
0.96205
0.91468
0.85031
0.95948
0.98966
0.98884
0.99095
0.98697
0.98746
0.98510
0.97976
0.97894
0.98666
0.98651
0.97106
0.95181
0.97521
0.96446
0.97384
0.95981
0.98394
0.98138
0.97138
0.95766
0.99408
0.98726
0.98369
0.99404
0.98300
0.99791
0.98705
0.97771
0.99042
0.99707
0.91849
0.87397
0.30920
0.91443
0.93897
0.92020
0.94881
0.88581
0.88001
0.91452
0.99675
0.98518
0.99510
0.98881
0.99859
0.99435
0.99889
0.99105
0.99742
0.99587
0.93774
0.89271
0.80492
0.92540
0.91032
0.93208
0.55672
0.82497
0.83914
0.80916
0.98981
0.99808
0.99159
0.99878
0.98959
0.99670
0.98357
0.99791
0.99164
0.99838
0.95635
0.94903
0.90221
0.86558
0.41977
0.43071
0.83705
0.92415
0.51008
0.91458
0.95737
0.93271
0.82706
0.97471
0.92398
0.94453
0.97346
0.95250
0.95527
0.82061
0.96896
0.99340
0.97961
0.99654
0.99120
0.99809
0.98187
0.99164
0.98677
0.99142
0.99711
0.98545
0.98147
0.97982
0.99262
0.99084
0.99873
0.99824
0.97653
0.97575
0.96813
0.98923
0.95806
0.99241
0.97608
0.95586
0.96878
0.99334
0.99003
0.98780
0.84219
0.95837
0.95544
0.87936
0.95305
0.91491
0.92105
0.95644
0.94550
0.82867
0.75199
0.98232
0.98267
0.98494
0.97825
0.98114
0.98451
0.97610
0.97843
0.94989
0.98855
0.98933
0.97988
0.98964
0.97985
0.94605
0.98849
0.97902
0.98685
0.96384
0.70451
0.69044
0.86851
0.62196
0.59004
0.66603
0.70277
0.46668
0.78325
0.81026
0.57455
0.43615
0.92946
0.77067
0.88447
0.55601
0.79041
0.68099
0.75703
0.96823
0.98633
0.98439
0.99087
0.99260
0.95647
0.98255
0.98068
0.97156
0.97610
0.79669
0.72628
0.97246
0.97655
0.90314
0.96461
0.94822
0.96789
0.92475
0.95874
0.94091
0.96379
0.94338
0.67152
0.95239
0.87986
0.94437
0.92882
0.96692
0.58924
0.60138
0.82550
0.81319
0.78631
0.89907
0.61676
0.81534
0.59673
0.74267
0.88540
0.81173
0.89654
0.89818
0.70854
0.81894
0.60324
0.74707
0.47001
0.46983
0.96208
0.96824
0.98726
0.98734
0.98779
0.98637
0.98631
0.99206
0.94512
0.98543
0.98857
0.99187
0.98228
0.95363
0.99377
0.98962
0.95518
0.98484
0.98646
0.98547
0.99824
0.96962
0.96905
0.97710
0.99599
0.97523
0.99805
0.99699
0.98819
0.99504
0.99325
0.98805
0.92149
0.90710
0.87164
0.94941
0.92436
0.92564
0.95421
0.97880
0.98156
0.94410
0.96605
0.93383
0.97966
0.96450
0.87338
0.94891
0.97062
0.96141
0.95033
0.92394
0.91081
0.44395
0.90852
0.76250
0.88261
0.84438
0.89948
0.82923
0.88425
0.94180
0.93862
0.98016
0.89871
0.97011
0.93760
0.94329
0.67473
0.94852
0.92207
0.59106
0.76640
0.95562
0.86263
0.94164
0.89070
0.49125
0.91095
0.81874
0.24848
0.78108
0.74860
0.87276
0.80821
0.41649
0.92183
0.88227
0.94493
0.92431
0.98583
0.98457
0.99141
0.98692
0.99140
0.98815
0.99156
0.98522
0.98751
0.98019
0.46077
0.98733
0.97349
0.98986
0.98207
0.98972
0.99175
0.98753
0.98257
0.98782
0.99776
0.99510
0.99675
0.99723
0.99728
0.99599
0.98035
0.96412
0.99913
0.99436
0.99669
0.97194
0.98750
0.99854
0.99045
0.99404
0.99876
0.99281
0.99339
0.99333
0.98912
0.98092
0.98048
0.97666
0.98863
0.91189
0.97954
0.98845
0.99099
0.97898
0.98571
0.99319
0.99340
0.99378
0.99410
0.98681
0.99016
0.97916
0.98657
0.99141
0.71642
0.61998
0.88336
0.69248
0.77059
0.37835
0.89589
0.86048
0.58235
0.62260
0.93823
0.99208
0.98686
0.97805
0.97402
0.98338
0.84931
0.99372
0.99257
0.99463
0.99214
0.98348
0.98944
0.98417
0.98533
0.99045
0.97890
0.98622
0.98771
0.97547
0.95227
0.98275
0.98257
0.98619
0.98367
0.97798
0.98831
0.99098
0.98635
0.98983
0.98780
0.94463
0.95646
0.95503
0.96649
0.94521
0.95262
0.94709
0.98055
0.95782
0.99317
0.96457
0.93312
0.97485
0.99450
0.99067
0.92660
0.98334
0.98951
0.99550
0.98130
0.97870
0.97953
0.98615
0.98821
0.98435
0.98647
0.97827
0.97916
0.99191
0.97741
0.98697
0.97534
0.95876
0.97082
0.98316
0.97242
0.95542
0.98161
0.96987
0.92968
0.92656
0.96821
0.98082
0.96999
0.96050
0.98755
0.96922
0.95097
0.96736
0.24702
0.96491
0.97616
0.88567
0.94129
0.94947
0.91199
0.93964
0.96696
0.97503
0.82328
0.76179
0.76722
0.77037
0.41031
0.73086
0.69961
0.77079
0.67628
0.55300
0.99364
0.98643
0.97195
0.98965
0.99274
0.98624
0.99098
0.99111
0.98897
0.99333
0.98009
0.99047
0.98878
0.99343
0.98920
0.98037
0.98750
0.98331
0.98777
0.97809
0.97443
0.97767
0.97755
0.97393
0.98389
0.98268
0.98798
0.97732
0.98914
0.97405
0.98029
0.98472
0.93789
0.97243
0.98923
0.96679
0.98359
0.99058
0.92193
0.98244
0.97781
0.98519
0.98417
0.98232
0.79946
0.93275
0.93356
0.95415
0.97759
0.98343
0.96324
0.95939
0.97828
0.98572
0.97457
0.98233
0.98679
0.97467
0.97280
0.98001
0.96962
0.97899
0.98344
0.97346
0.99205
0.97363
0.98319
0.98413
0.98224
0.98009
0.99317
0.99229
0.98689
0.99050
0.93463
0.95864
0.97911
0.99321
0.98263
0.99162
0.96357
0.97879
0.97652
0.95873
0.91975
0.95255
0.87688
0.92167
0.96048
0.95511
0.99568
0.99054
0.97576
0.99692
0.98692
0.99005
0.99244
0.97736
0.95200
0.98647
0.80312
0.99379
0.96294
0.96744
0.99311
0.91765
0.93018
0.95758
0.99448
0.99120
0.97260
0.83467
0.93976
0.92638
0.88530
0.96692
0.91657
0.89638
0.94643
0.93231
0.99727
0.99841
0.98608
0.98028
0.97533
0.99309
0.97054
0.98456
0.99652
0.99383
0.96726
0.99172
0.99149
0.99020
0.98759
0.98507
0.99167
0.98959
0.98905
0.99287
0.99361
0.98914
0.99393
0.93046
0.98383
0.99370
0.98652
0.99220
0.99416
0.99165
0.93406
0.93886
0.89364
0.88618
0.94459
0.87180
0.93147
0.95359
0.92283
0.94556
0.88871
0.88931
0.95391
0.51275
0.89577
0.88936
0.96508
0.96640
0.95927
0.95681
0.87559
0.97573
0.93211
0.87529
0.78097
0.95344
0.88639
0.93250
0.96326
0.97369
0.86920
0.98030
0.93923
0.67845
0.95701
0.95449
0.97691
0.60260
0.98098
0.99781
0.99579
0.97825
0.99801
0.99435
0.98821
0.99002
0.99073
0.98668
0.93722
0.96309
0.98032
0.53159
0.72792
0.77755
0.84617
0.93917
0.57362
0.78860
0.98162
0.97191
0.95087
0.98885
0.98705
0.98122
0.97623
0.96996
0.99096
0.98111
0.97801
0.99255
0.99093
0.99340
0.98957
0.99296
0.98979
0.99363
0.99219
0.90284
0.97361
0.97688
0.98632
0.84262
0.97864
0.99441
0.98260
0.98873
0.98346
0.99076
0.99010
0.97119
0.92686
0.96029
0.95327
0.71248
0.97804
0.93969
0.95967
0.98029
0.97283
0.95735
0.97513
0.96373
0.96637
0.97736
0.94716
0.70740
0.94817
0.97207
0.95656
0.94049
0.90974
0.93920
0.88727
0.81937
0.75632
0.71563
0.89885
0.60249
0.89498
0.46355
0.92264
0.98715
0.98326
0.99039
0.97267
0.98136
0.98542
0.98848
0.97814
0.98441
0.98774
0.93785
0.39316
0.47968
0.87547
0.90276
0.74552
0.80850
0.87718
0.92680
0.88098
0.98955
0.98442
0.98575
0.98824
0.94122
0.96612
0.94982
0.99174
0.97762
0.98532
0.97997
0.98996
0.99775
0.99332
0.99174
0.99429
0.99843
0.99755
0.97212
0.99002
0.93068
0.96948
0.95718
0.91325
0.88661
0.92070
0.68347
0.83694
0.89416
0.90139
0.93922
0.97584
0.94000
0.96007
0.74722
0.95978
0.94306
0.89859
0.94908
0.95743
0.96766
0.96189
0.96691
0.97371
0.95931
0.96441
0.12709
0.96856
0.95673
0.96365
0.99429
0.99391
0.98991
0.99349
0.99203
0.99217
0.99487
0.98482
0.99437
0.99472
0.96323
0.96428
0.97432
0.97284
0.96709
0.98492
0.98923
0.98183
0.99087
0.98586
0.99255
0.96829
0.98812
0.98412
0.98612
0.99134
0.99037
0.98433
0.99309
0.98709
0.97412
0.93669
0.99081
0.89284
0.96247
0.97924
0.98760
0.95020
0.98484
0.97569
0.99337
0.99376
0.99350
0.98939
0.98490
0.99439
0.99458
0.99415
0.99308
0.99495
0.92872
0.68004
0.90681
0.93415
0.90053
0.96109
0.91503
0.85236
0.90445
0.90957
0.97177
0.87457
0.91221
0.90889
0.91889
0.97008
0.94939
0.95125
0.96355
0.94969
0.95947
0.92783
0.77892
0.89898
0.87128
0.94404
0.87862
0.93295
0.94029
0.91996
0.97659
0.95766
0.98056
0.97733
0.92920
0.95487
0.97538
0.93708
0.96669
0.93557
0.80425
0.76903
0.70483
0.52005
0.89835
0.79024
0.80496
0.77105
0.44310
0.82848
0.97160
0.96694
0.97591
0.97487
0.97779
0.95628
0.95725
0.98249
0.90557
0.97595
0.94510
0.98163
0.95981
0.96689
0.94849
0.98545
0.98268
0.96253
0.97824
0.97745
0.99617
0.98322
0.96396
0.98641
0.97941
0.97084
0.96662
0.89769
0.80236
0.98315
0.97967
0.96276
0.98554
0.80302
0.95281
0.95045
0.92844
0.96311
0.93815
0.90562
0.96287
0.98883
0.55493
0.96600
0.97449
0.98101
0.93564
0.98503
0.99003
0.98387
0.98797
0.98957
0.99188
0.99096
0.98749
0.98897
0.98840
0.98044
0.66862
0.11438
0.88150
0.77032
0.66166
0.76153
0.61779
0.76664
0.81609
0.73268
0.98041
0.98323
0.98561
0.97710
0.98564
0.98103
0.98075
0.99300
0.99437
0.98915
0.98476
0.89874
0.93688
0.96101
0.92637
0.94972
0.95901
0.94881
0.94043
0.96410
0.91689
0.97386
0.97760
0.95145
0.97079
0.95557
0.96443
0.94938
0.97250
0.94952
0.98156
0.75761
0.97739
0.97922
0.98421
0.92022
0.93697
0.97230
0.96800
0.95892
0.96921
0.96570
0.95004
0.95103
0.94293
0.62678
0.83036
0.80972
0.94593
0.88351
0.74692
0.89814
0.98903
0.96122
0.98941
0.99391
0.98965
0.98959
0.97518
0.99209
0.97172
0.78362
0.98609
0.94395
0.82511
0.97663
0.94207
0.97288
0.98790
0.99520
0.99579
0.99231
0.96780
0.98423
0.98349
0.99251
0.99236
0.99505
0.98749
0.99073
0.95735
0.99129
0.97093
0.85193
0.92623
0.95840
0.73380
0.95212
0.93228
0.96514
0.92577
0.95827
0.97766
0.96244
0.94927
0.86395
0.96039
0.76136
0.95541
0.91629
0.95675
0.93135
0.98709
0.98503
0.99380
0.99833
0.98510
0.97674
0.97130
0.99811
0.98752
0.98242
0.96664
0.95680
0.97233
0.97657
0.95720
0.68611
0.96427
0.96824
0.97032
0.94514
0.86623
0.45001
0.62067
0.70718
0.81782
0.91445
0.70743
0.92859
0.91542
0.74875
0.81978
0.94854
0.55117
0.94380
0.98080
0.95617
0.97747
0.97957
0.93453
0.91010
0.88506
0.90152
0.87086
0.82454
0.93218
0.95893
0.77228
0.72048
0.86234
0.85297
0.90707
0.91787
0.71612
0.90596
0.89832
0.95491
0.82516
0.95574
0.96257
0.96500
0.95822
0.98084
0.99696
0.99388
0.84456
0.97812
0.97837
0.97307
0.97405
0.99604
0.82725
0.96269
0.92535
0.93988
0.92198
0.93675
0.96001
0.95432
0.96756
0.94367
0.94031
0.97098
0.96325
0.94975
0.97228
0.95265
0.37828
0.97517
0.95974
0.94112
0.02325
0.00867
0.03110
0.01665
0.01669
0.00593
0.00476
0.16765
0.13196
0.01113
0.02934
0.07064
0.01898
0.16739
0.01446
0.30306
0.07583
0.02561
0.18636
0.01500
0.00409
0.00130
0.00048
0.11568
0.01975
0.01010
0.00082
0.00883
0.00145
0.00927
0.01519
0.01075
0.00133
0.00044
0.03029
0.00055
0.00284
0.00526
0.00244
0.00073
0.06862
0.01268
0.02640
0.00187
0.00264
0.00131
0.03655
0.00141
0.00811
0.00175
0.00386
0.00417
0.00702
0.02018
0.29913
0.00204
0.16726
0.00991
0.26356
0.01116
0.06217
0.09726
0.23427
0.02163
0.00661
0.00045
0.00075
0.00095
0.00156
0.01655
0.00258
0.00037
0.05942
0.28929
0.17721
0.06476
0.07455
0.11944
0.01143
0.03287
0.00551
0.25725
0.07791
0.04739
0.05476
0.03450
0.06587
0.19454
0.25481
0.04593
0.27285
0.27579
0.02423
0.01878
0.21807
0.45191
0.32213
0.01024
0.02514
0.00096
0.00607
0.00605
0.00091
0.00208
0.00205
0.00481
0.00336
0.44035
0.01816
0.00422
0.02677
0.00994
0.01961
0.07034
0.00613
0.01133
0.00892
0.03274
0.00893
0.11683
0.01812
0.32430
0.30107
0.11342
0.04399
0.02614
0.11192
0.02918
0.03545
0.00126
0.00298
0.00216
0.00370
0.00107
0.00333
0.00125
0.00072
0.00127
0.01681
0.02259
0.04404
0.01178
0.00586
0.48871
0.04924
0.10423
0.01344
0.01324
0.01238
0.34735
0.16470
0.06321
0.22779
0.10448
0.01719
0.00931
0.00758
0.00482
0.00262
0.00129
0.04454
0.00070
0.00140
0.04759
0.00191
0.00166
0.00090
0.00473
0.66071
0.24889
0.02931
0.01183
0.01357
0.01477
0.08566
0.01763
0.00385
0.01512
0.06908
0.00880
0.03653
0.04416
0.01981
0.02782
0.00295
0.01035
0.00983
0.00218
0.19149
0.11859
0.04995
0.01307
0.03671
0.08080
0.02348
0.08127
0.05327
0.18616
0.00134
0.00090
0.00105
0.00176
0.00301
0.00653
0.00436
0.00122
0.00397
0.04353
0.01107
0.00398
0.00124
0.00132
0.02296
0.00507
0.00552
0.00215
0.07800
0.00170
0.09162
0.01105
0.09561
0.00250
0.00335
0.09190
0.01155
0.00244
0.01858
0.03240
0.14175
0.01735
0.02946
0.01482
0.03172
0.29888
0.04707
0.05005
0.07997
0.26769
0.04888
0.08007
0.66732
0.05859
0.02357
0.03502
0.25582
0.12686
0.02026
0.22750
0.02037
0.01453
0.01745
0.01258
0.01968
0.04792
0.02876
0.09289
0.01418
0.03364
0.05020
0.31114
0.10562
0.05014
0.00720
0.08017
0.09041
0.01055
0.00981
0.05598
0.02181
0.01652
0.05078
0.06921
0.04322
0.02045
0.07208
0.07820
0.09975
0.10394
0.00166
0.00061
0.01481
0.00582
0.00160
0.00256
0.03012
0.00203
0.02117
0.00522
0.00338
0.00410
0.00814
0.00038
0.00161
0.00068
0.00208
0.00249
0.00093
0.00136
0.01041
0.00076
0.00052
0.00182
0.01407
0.00258
0.00530
0.00696
0.00348
0.00100
0.27124
0.03641
0.03800
0.01493
0.04088
0.06861
0.05237
0.25870
0.00618
0.00563
0.02720
0.02827
0.06095
0.01487
0.02453
0.11439
0.02303
0.00403
0.05738
0.08650
0.05179
0.07030
0.02302
0.09581
0.00770
0.07673
0.04262
0.05909
0.01863
0.02659
0.01269
0.01242
0.00403
0.02784
0.00183
0.00621
0.00074
0.00961
0.00177
0.00295
0.00878
0.00253
0.02592
0.00405
0.00770
0.04897
0.02006
0.22797
0.00178
0.00117
0.01128
0.00704
0.29893
0.00323
0.01719
0.14391
0.03941
0.01855
0.05653
0.02667
0.00687
0.47442
0.11974
0.43987
0.07302
0.06886
0.00523
0.02531
0.00281
0.00575
0.27015
0.65257
0.69379
0.32946
0.53068
0.15302
0.51417
0.39215
0.02933
0.37821
0.06803
0.00071
0.00406
0.00148
0.00476
0.00272
0.00571
0.00067
0.00961
0.10324
0.00663
0.01108
0.00552
0.01896
0.02180
0.01914
0.07915
0.07269
0.23425
0.02281
0.04699
0.10742
0.00964
0.02925
0.06831
0.04286
0.00784
0.07424
0.16638
0.09534
0.15857
0.00781
0.08860
0.00124
0.19327
0.00144
0.00931
0.00233
0.00582
0.00377
0.00316
0.26016
0.00732
0.05337
0.00207
0.00094
0.00459
0.03817
0.04017
0.01680
0.37190
0.02242
0.20378
0.21298
0.36894
0.33352
0.27494
0.03000
0.00851
0.07612
0.06004
0.01442
0.14705
0.04185
0.01489
0.05647
0.00418
0.00603
0.01635
0.02351
0.03920
0.00782
0.00446
0.09577
0.00427
0.01003
0.00238
0.00461
0.00120
0.00157
0.00251
0.03209
0.00191
0.00183
0.00397
0.01801
0.00235
0.00141
0.00260
0.00633
0.03542
0.03325
0.00231
0.03032
0.08439
0.00992
0.07581
0.00876
0.00861
0.00346
0.05758
0.07043
0.00168
0.00165
0.00476
0.06865
0.01327
0.01691
0.00729
0.06452
0.00156
0.00203
0.00215
0.01396
0.02482
0.00584
0.00561
0.00176
0.00277
0.02760
0.01067
0.00473
0.00205
0.03435
0.02859
0.01394
0.01846
0.04868
0.07373
0.10388
0.12238
0.01894
0.05572
0.00840
0.07439
0.01328
0.13798
0.05315
0.05874
0.03553
0.00809
0.12754
0.05734
0.01089
0.00979
0.00344
0.13133
0.00709
0.08689
0.07897
0.03848
0.07315
0.09593
0.05255
0.51332
0.28762
0.05439
0.33100
0.00142
0.00305
0.00508
0.00307
0.00398
0.75276
0.00194
0.01243
0.00982
0.00280
0.00813
0.02641
0.00082
0.01625
0.00791
0.00498
0.04930
0.00196
0.00216
0.00162
0.00551
0.05183
0.00218
0.24369
0.00238
0.03721
0.02520
0.00713
0.23813
0.00802
0.00607
0.03351
0.18251
0.22960
0.08336
0.15180
0.31310
0.31365
0.00496
0.02941
0.31820
0.10529
0.04277
0.16944
0.01952
0.23967
0.02948
0.02483
0.03788
0.00667
0.05701
0.10528
0.09516
0.11691
0.44390
0.52210
0.10902
0.03698
0.11698
0.08557
0.03110
0.25941
0.05447
0.02382
0.00677
0.00697
0.38233
0.03162
0.03378
0.03919
0.02246
0.82750
0.02738
0.05673
0.01095
0.00427
0.00491
0.02012
0.06963
0.01795
0.01471
0.28145
0.02982
0.08776
0.00873
0.29315
0.00635
0.01681
0.00626
0.00750
0.00088
0.00087
0.01115
0.00148
0.00430
0.04354
0.00240
0.00281
0.00701
0.00260
0.02413
0.02389
0.05236
0.01780
0.02674
0.01467
0.00400
0.20143
0.07044
0.00838
0.00232
0.00274
0.00239
0.00670
0.03477
0.00909
0.00638
0.00371
0.00131
0.00265
0.00973
0.13461
0.03607
0.00163
0.03173
0.05374
0.00603
0.03445
0.02627
0.02573
0.01310
0.03908
0.02809
0.18378
0.01621
0.06843
0.03840
0.06794
0.05334
0.02520
0.00251
0.00384
0.04548
0.01827
0.06207
0.00316
0.02446
0.00774
0.05001
0.01491
0.00972
0.00556
0.00213
0.01035
0.06394
0.07006
0.00188
0.02879
0.01866
0.00760
0.00630
0.00117
0.00182
0.00824
0.02019
0.00184
0.01062
0.00185
0.02079
0.03962
0.26315
0.03679
0.01354
0.03513
0.01644
0.05259
0.24461
0.04578
0.08522
0.09407
0.26969
0.07066
0.03263
0.11313
0.05070
0.13636
0.28008
0.06647
0.15007
0.06787
0.37214
0.19557
0.22501
0.18920
0.11024
0.09050
0.30608
0.09175
0.01600
0.17353
0.03575
0.03306
0.40075
0.27300
0.01062
0.05280
0.29169
0.05409
0.01389
0.00215
0.02008
0.16820
0.01309
0.04118
0.04662
0.05944
0.22933
0.15082
0.00259
0.52113
0.00411
0.01313
0.01302
0.00386
0.01133
0.03906
0.01592
0.00987
0.01982
0.00726
0.76398
0.05137
0.03987
0.00723
0.81413
0.05532
0.40075
0.00969
0.03198
0.00372
0.07329
0.02404
0.05422
0.02289
0.00909
0.20027
0.39776
0.01939
0.06654
0.08744
0.30758
0.56970
0.38733
0.40007
0.31847
0.34417
0.28019
0.47267
0.24019
0.43134
0.00846
0.00442
0.04959
0.01508
0.04899
0.02007
0.03488
0.01550
0.03222
0.00381
0.02159
0.06175
0.02860
0.00624
0.05989
0.00484
0.04859
0.02883
0.07718
0.00553
0.01307
0.04141
0.01895
0.01094
0.03194
0.00949
0.33924
0.05680
0.01973
0.05903
0.00779
0.06037
0.07621
0.16320
0.00825
0.58257
0.01533
0.00096
0.00497
0.00327
0.10700
0.07589
0.02044
0.18531
0.03931
0.01762
0.18490
0.06155
0.07062
0.03965
0.00247
0.00642
0.00165
0.00060
0.00230
0.00341
0.00441
0.02303
0.00254
0.00198
0.17589
0.02009
0.38480
0.00633
0.07561
0.29951
0.03855
0.03407
0.05798
0.11691
0.06068
0.00392
0.03144
0.86252
0.06528
0.00767
0.01581
0.01042
0.01890
0.00548
0.00157
0.00202
0.00309
0.00879
0.03454
0.00727
0.01509
0.00355
0.00211
0.00486
0.00253
0.01863
0.01376
0.00607
0.16310
0.01882
0.01483
0.02204
0.34482
0.02123
0.02648
0.00139
0.00281
0.00571
0.00075
0.00511
0.01352
0.00134
0.00116
0.00187
0.00700
0.12708
0.04702
0.01161
0.00864
0.03758
0.00728
0.00430
0.00475
0.01086
0.00315
0.00685
0.00525
0.00106
0.02109
0.01318
0.03227
0.11250
0.00386
0.00147
0.02596
0.01482
0.00169
0.00601
0.00200
0.00110
0.02156
0.00896
0.00971
0.04560
0.02345
0.03291
0.01716
0.04651
0.03290
0.06269
0.01412
0.09926
0.17377
0.02783
0.12140
0.01075
0.03820
0.03404
0.20036
0.06854
0.04219
0.34632
0.06397
0.18316
0.01237
0.07455
0.03899
0.05210
0.01904
0.01845
0.02463
0.00527
0.05586
0.26105
0.06669
0.00916
0.00894
0.04543
0.19709
0.22158
0.02227
0.03668
0.02253
0.00565
0.04267
0.01723
0.00564
0.00755
0.01943
0.32951
0.01286
0.12121
0.04338
0.00465
0.01075
0.00374
0.00107
0.00063
0.00323
0.00078
0.00047
0.00517
0.09425
0.12751
0.73545
0.29225
0.00538
0.10843
0.03715
0.02426
0.04105
0.02825
0.00522
0.00334
0.08828
0.00509
0.00177
0.00369
0.00085
0.00121
0.01178
0.00120
0.03329
0.03139
0.01151
0.00545
0.00531
0.00577
0.00346
0.17880
0.00517
0.00212
0.13840
0.00951
0.00623
0.06073
0.00271
0.01210
0.00250
0.00400
0.00318
0.01049
0.01046
0.00891
0.01790
0.02829
0.11500
0.17319
0.01225
0.02156
0.02268
0.00531
0.02595
0.58289
0.07949
0.32756
0.02819
0.33852
0.01699
0.03553
0.03669
0.17807
0.02104
0.02211
0.05080
0.00238
0.00535
0.03995
0.04215
0.01555
0.01172
0.24591
0.03187
0.00819
0.00560
0.24378
0.08166
0.21549
0.23610
0.03390
0.03581
0.16737
0.25432
0.08735
0.19390
0.03294
0.04899
0.10053
0.02522
0.00987
0.01293
0.01974
0.00608
0.01855
0.04629
0.02119
0.00248
0.00413
0.01520
0.03022
0.00995
0.01153
0.00689
0.00586
0.01461
0.00442
0.00180
0.00306
0.00252
0.00459
0.00161
0.00180
0.00190
0.00533
0.00394
0.00292
0.03348
0.00481
0.00158
0.00367
0.00719
0.04814
0.01225
0.00493
0.00961
0.08020
0.04385
0.00833
0.04400
0.07719
0.03339
0.02037
0.01610
0.08028
0.00935
0.03296
0.05811
0.04904
0.06035
0.03181
0.04626
0.02267
0.25964
0.01051
0.09355
0.00255
0.01938
0.00549
0.02360
0.02998
0.01779
0.04619
0.42880
0.01335
0.13958
0.00304
0.00574
0.00998
0.02150
0.01479
0.00566
0.15745
0.00284
0.00653
0.00137
0.09902
0.02018
0.00584
0.02342
0.01722
0.05042
0.00673
0.02646
0.01222
0.79810
0.02444
0.00960
0.00961
0.06852
0.00451
0.00787
0.01512
0.01257
0.01361
0.04281
0.01663
0.03643
0.01860
0.00759
0.05080
0.04959
0.04448
0.01044
0.00267
0.01281
0.01008
0.19424
0.03114
0.08438
0.01477
0.00969
0.14170
0.00637
0.03166
0.02476
0.09570
0.03004
0.00485
0.01352
0.00984
0.18300
0.01662
0.01422
0.00241
0.12573
0.00368
0.01702
0.00478
0.01564
0.12414
0.00426
0.02490
0.02760
0.20351
0.00248
0.33416
0.01049
0.06698
0.09626
0.04460
0.02390
0.01566
0.05509
0.01551
0.04895
0.08193
0.06113
0.27367
0.60447
0.07460
0.03670
0.02337
0.00835
0.01037
0.19225
0.00063
0.00443
0.01570
0.00223
0.00793
0.00219
0.02724
0.00581
0.05125
0.00385
0.00098
0.00568
0.00304
0.00224
0.02632
0.00070
0.01193
0.00088
0.00101
0.00100
0.00179
0.00232
0.02719
0.00513
0.00275
0.00279
0.00207
0.00100
0.02481
0.00217
0.00626
0.00481
0.01986
0.03984
0.00934
0.05755
0.02560
0.02671
0.00945
0.04598
0.03383
0.17095
0.13669
0.05101
0.04864
0.46651
0.04378
0.22123
0.00828
0.01499
0.00363
0.02174
0.16172
0.03223
0.10251
0.02308
0.03099
0.05071
0.55681
0.10821
0.30641
0.25473
0.58391
0.61970
0.63060
0.27459
0.33548
0.09751
0.02502
0.06297
0.01366
0.00142
0.00194
0.00292
0.00237
0.00158
0.00245
0.00188
0.00078
0.03862
0.04771
0.04174
0.09268
0.00454
0.02631
0.00879
0.40045
0.12926
0.03626
0.03208
0.01913
0.03991
0.23234
0.00516
0.00682
0.03498
0.00972
0.02259
0.01449
0.01602
0.00832
0.00549
0.01275
0.02617
0.01132
0.04225
0.02751
0.17683
0.00483
0.04154
0.87243
0.00762
0.00156
0.03666
0.03653
0.48800
0.15322
0.02716
0.18166
0.01552
0.00652
0.00332
0.00235
0.00136
0.00708
0.00659
0.01297
0.12903
0.02651
0.05123
0.03406
0.00126
0.00537
0.04245
0.01696
0.00152
0.00326
0.00202
0.05739
0.02246
0.00729
0.00428
0.00156
0.00356
0.00261
0.00969
0.00228
0.00136
0.02892
0.00049
0.01281
0.06489
0.15145
0.10309
0.30335
0.00464
0.03146
0.01689
0.35555
0.05314
0.26546
0.03982
0.02912
0.36571
0.01214
0.40307
0.01941
0.00526
0.01306
0.01814
0.02477
0.00253
0.00363
0.00242
0.00086
0.00458
0.00694
0.00123
0.00163
0.00727
0.65966
0.00393
0.58316
0.02673
0.09004
0.05040
0.28993
0.01463
0.01840
0.02231
0.11390
0.05046
0.05863
0.17889
0.07838
0.24379
0.04257
0.09333
0.38271
0.15836
0.70951
0.48402
0.22956
0.02167
0.03896
0.01673
0.58184
0.04114
0.02234
0.36250
0.00983
0.01377
0.16836
0.00703
0.01442
0.07437
0.00193
0.02808
0.01165
0.01313
0.01753
0.12698
0.06323
0.01339
0.00617
0.02584
0.25350
0.23218
0.02072
0.01148
0.00463
0.00178
0.00081
0.86179
0.00159
0.00868
0.07933
0.01842
0.00218
0.04507
0.12833
0.00662
0.18910
0.01271
0.08665
0.00253
0.01460
0.00844
0.00282
0.00436
0.01493
0.18543
0.00830
0.02810
0.01646
0.80372
0.10073
0.09119
0.00526
0.18980
