0.78972
0.79426
0.82002
0.76109
0.81738
0.80953
0.72696
0.81440
0.81077
0.80039
0.81647
0.78468
0.81398
0.82768
0.82705
0.78695
0.78917
0.81017
0.83055
0.81248
0.82147
0.77669
0.81138
0.80906
0.82149
0.83581
0.83287
0.83461
0.82903
0.82655
0.79800
0.80994
0.77494
0.82025
0.81548
0.79990
0.81094
0.79241
0.78932
0.81265
0.81297
0.80012
0.82072
0.78466
0.81103
0.81277
0.83366
0.82034
0.81944
0.82686
0.79463
0.82581
0.79995
0.81200
0.84628
0.83705
0.82830
0.82351
0.83593
0.83310
0.79717
0.84023
0.83325
0.80269
0.80932
0.80500
0.80757
0.81847
0.79913
0.79990
0.80653
0.79833
0.80967
0.78445
0.80482
0.79949
0.78749
0.73979
0.82097
0.77726
0.80436
0.81091
0.80973
0.80806
0.82347
0.82809
0.82055
0.82601
0.80317
0.81363
0.81297
0.79701
0.81915
0.82480
0.80880
0.78906
0.76085
0.81820
0.82730
0.80907
0.82849
0.81636
0.81727
0.80418
0.82751
0.82390
0.80393
0.81674
0.80723
0.79115
0.83322
0.81499
0.81641
0.79374
0.79939
0.81243
0.83151
0.81258
0.80851
0.75744
0.77242
0.81539
0.78670
0.77000
0.82584
0.82074
0.83492
0.82996
0.85297
0.82369
0.80436
0.80333
0.81688
0.80947
0.80420
0.81522
0.80356
0.80383
0.80625
0.81187
0.80292
0.80770
0.80877
0.82128
0.79936
0.75400
0.80594
0.81479
0.79922
0.78186
0.84345
0.81530
0.77370
0.81710
0.83478
0.79874
0.80178
0.80630
0.80592
0.79449
0.78617
0.79418
0.80756
0.79443
0.80307
0.80579
0.82729
0.80674
0.76931
0.78786
0.74036
0.77837
0.75088
0.80934
0.79764
0.78951
0.79350
0.72396
0.81829
0.81996
0.81999
0.80272
0.80846
0.79951
0.80064
0.80077
0.80772
0.81388
0.81834
0.80020
0.80126
0.73755
0.81735
0.82621
0.82291
0.79856
0.77605
0.80059
0.80283
0.76310
0.79313
0.81131
0.75502
0.78268
0.80498
0.81606
0.80324
0.83101
0.84548
0.78920
0.80168
0.81391
0.80352
0.81875
0.80320
0.81246
0.84297
0.80760
0.79776
0.81472
0.82604
0.83240
0.82443
0.80534
0.79940
0.82388
0.83677
0.83167
0.81952
0.77807
0.80288
0.79632
0.80119
0.80814
0.80130
0.79972
0.80753
0.82688
0.82537
0.83465
0.82265
0.80284
0.80518
0.83616
0.77193
0.80169
0.80684
0.80207
0.78428
0.81430
0.73576
0.75667
0.81834
0.77248
0.75233
0.71195
0.79079
0.83372
0.80041
0.78089
0.80867
0.80129
0.79022
0.79630
0.79539
0.80832
0.77950
0.80648
0.78756
0.80419
0.80984
0.80388
0.77478
0.81507
0.77561
0.82325
0.79768
0.79457
0.82711
0.81514
0.82643
0.84115
0.79314
0.82073
0.84244
0.81856
0.79671
0.81149
0.80092
0.78492
0.81036
0.82121
0.79062
0.82084
0.81108
0.79593
0.80757
0.80518
0.82185
0.81789
0.81674
0.80794
0.81232
0.84196
0.80519
0.82246
0.79123
0.82064
0.81699
0.83231
0.81681
0.81783
0.81950
0.77890
0.82304
0.76980
0.80604
0.80731
0.76649
0.76330
0.82820
0.81081
0.83712
0.72714
0.80455
0.81793
0.81740
0.81063
0.80005
0.80726
0.81945
0.78012
0.80154
0.78970
0.76668
0.79870
0.79791
0.78900
0.84541
0.79479
0.84431
0.83073
0.78605
0.82709
0.82509
0.83054
0.83473
0.80843
0.81898
0.82595
0.83088
0.81889
0.81996
0.82595
0.81709
0.86014
0.83614
0.82167
0.79946
0.80837
0.78513
0.76242
0.80396
0.80197
0.84237
0.78957
0.84205
0.83604
0.82518
0.82993
0.83968
0.83088
0.82584
0.82618
0.80411
0.83131
0.83033
0.82223
0.81645
0.78235
0.81779
0.82437
0.80899
0.79281
0.78574
0.82712
0.78096
0.83161
0.82434
0.82973
0.82752
0.82887
0.82794
0.79861
0.80753
0.79771
0.81269
0.82274
0.79295
0.75224
0.77885
0.79050
0.74532
0.74693
0.78661
0.82651
0.78627
0.79556
0.80802
0.84301
0.83221
0.81402
0.81193
0.81210
0.79920
0.81523
0.70947
0.78594
0.83796
0.81612
0.82457
0.81771
0.81149
0.81665
0.80277
0.80405
0.81991
0.79189
0.81408
0.82507
0.82705
0.82693
0.81476
0.81426
0.82935
0.81271
0.83397
0.83286
0.79240
0.80098
0.77833
0.79453
0.79282
0.79472
0.78143
0.81054
0.80804
0.78857
0.80009
0.79505
0.81678
0.81791
0.80158
0.81552
0.81863
0.79943
0.76721
0.83996
0.77937
0.81889
0.83407
0.82542
0.81146
0.80846
0.82339
0.81176
0.83447
0.81609
0.81104
0.80963
0.82004
0.83922
0.83318
0.79299
0.80318
0.80569
0.81980
0.81802
0.75708
0.81785
0.82230
0.76498
0.79671
0.79617
0.81010
0.79456
0.81953
0.78324
0.75535
0.80225
0.81218
0.78925
0.83372
0.74379
0.81261
0.81246
0.77762
0.82081
0.81229
0.81686
0.81703
0.83781
0.82652
0.81337
0.80933
0.78007
0.81013
0.82887
0.81890
0.81898
0.82019
0.82227
0.79732
0.79216
0.77887
0.78840
0.80894
0.80894
0.82114
0.78302
0.78822
0.80593
0.81091
0.79504
0.80061
0.72489
0.70600
0.82357
0.80397
0.83508
0.78478
0.84559
0.80460
0.79552
0.77389
0.80265
0.82457
0.79273
0.75265
0.78458
0.78087
0.80815
0.80427
0.84180
0.82289
0.72291
0.79910
0.81356
0.79918
0.82687
0.83727
0.80881
0.81473
0.83689
0.82142
0.82773
0.85227
0.83047
0.81607
0.81195
0.83213
0.82690
0.82126
0.80506
0.80167
0.81148
0.83860
0.79967
0.81505
0.83228
0.82110
0.81696
0.81687
0.83176
0.83131
0.78247
0.80234
0.84408
0.81966
0.72533
0.80979
0.79683
0.82296
0.78519
0.78846
0.77903
0.81917
0.85968
0.81433
0.81103
0.80979
0.81995
0.77943
0.76191
0.80625
0.75555
0.82035
0.78368
0.81041
0.74591
0.81028
0.76834
0.80241
0.82671
0.82928
0.79370
0.78817
0.74509
0.78966
0.79740
0.74235
0.80496
0.79801
0.76211
0.77500
0.72621
0.78963
0.77947
0.76734
0.75430
0.79626
0.83364
0.80557
0.80679
0.83002
0.78309
0.79276
0.76000
0.77936
0.79947
0.76504
0.74995
0.80659
0.82523
0.80341
0.79187
0.82395
0.82301
0.83203
0.82454
0.81968
0.81386
0.82846
0.82368
0.82332
0.81370
0.76527
0.81071
0.81440
0.81787
0.81529
0.80896
0.81160
0.78091
0.81511
0.80010
0.80809
0.80690
0.83117
0.81947
0.80476
0.78941
0.81024
0.81312
0.81993
0.81936
0.83301
0.82517
0.79842
0.82344
0.81305
0.84298
0.81750
0.81577
0.83061
0.82324
0.82171
0.80570
0.83553
0.84525
0.81997
0.81563
0.83720
0.81111
0.78896
0.82500
0.81290
0.81756
0.80718
0.79951
0.81492
0.81692
0.81418
0.82341
0.79873
0.80878
0.83526
0.80262
0.82745
0.76915
0.81927
0.76402
0.80114
0.80598
0.79324
0.75097
0.81445
0.80521
0.81184
0.80471
0.82304
0.81825
0.74181
0.80785
0.82370
0.81443
0.81603
0.81983
0.80917
0.80411
0.80971
0.81398
0.82167
0.78728
0.82340
0.80461
0.81212
0.80786
0.79538
0.81494
0.80392
0.81988
0.82835
0.83839
0.81105
0.81458
0.82371
0.78847
0.80429
0.80128
0.78084
0.76254
0.81571
0.78229
0.82816
0.80295
0.83687
0.82541
0.83453
0.83831
0.82661
0.81956
0.83008
0.83254
0.82957
0.82633
0.79288
0.83031
0.80054
0.81081
0.80993
0.80650
0.80790
0.81359
0.80596
0.84120
0.80621
0.79494
0.77971
0.78440
0.78518
0.79163
0.78069
0.74768
0.75972
0.79222
0.83202
0.84870
0.87869
0.83574
0.81513
0.84600
0.85135
0.79584
0.80889
0.79128
0.69670
0.78411
0.81307
0.75711
0.79904
0.81293
0.77333
0.82940
0.80469
0.85768
0.80774
0.73827
0.80333
0.79994
0.75073
0.76384
0.75844
0.82194
0.81511
0.77883
0.81837
0.80611
0.79267
0.80782
0.80121
0.80781
0.80419
0.79787
0.81055
0.81137
0.77770
0.81908
0.79957
0.80380
0.80936
0.81203
0.81621
0.79062
0.80832
0.80602
0.79848
0.81626
0.79861
0.81191
0.81386
0.79410
0.78741
0.80315
0.78638
0.77101
0.84224
0.84945
0.85798
0.84316
0.82208
0.82645
0.83700
0.81314
0.80774
0.82801
0.83757
0.82351
0.81524
0.83638
0.79664
0.82731
0.84856
0.83060
0.84671
0.80795
0.82097
0.79151
0.80744
0.80592
0.82267
0.82141
0.82834
0.81580
0.79696
0.81240
0.80196
0.78542
0.79374
0.79670
0.80252
0.79743
0.81336
0.80434
0.79174
0.81810
0.81795
0.80185
0.80164
0.80120
0.79195
0.79825
0.81931
0.79250
0.79575
0.81095
0.78332
0.79736
0.77336
0.75564
0.78256
0.78437
0.73156
0.77693
0.78988
0.75531
0.81593
0.82875
0.82749
0.83628
0.83307
0.81255
0.80503
0.83294
0.83356
0.80722
0.80368
0.81178
0.82580
0.83082
0.81173
0.78356
0.81698
0.83245
0.82997
0.81138
0.82281
0.80168
0.75373
0.83105
0.76946
0.75602
0.76260
0.73978
0.75913
0.76973
0.81549
0.81362
0.82230
0.80826
0.81768
0.81271
0.83235
0.82054
0.80625
0.80186
0.79078
0.81930
0.81017
0.81557
0.79667
0.79400
0.78060
0.81244
0.81979
0.82755
0.80418
0.79681
0.81448
0.80518
0.79726
0.79142
0.78786
0.80482
0.82668
0.80918
0.84885
0.78275
0.80909
0.80478
0.82253
0.82203
0.80612
0.78954
0.80650
0.79086
0.80625
0.81140
0.81896
0.74030
0.82530
0.79922
0.81292
0.81055
0.79852
0.79868
0.79102
0.77936
0.74537
0.81391
0.79162
0.77740
0.81801
0.76987
0.82298
0.83502
0.76719
0.82679
0.81799
0.77179
0.75151
0.74890
0.80763
0.76176
0.80511
0.79820
0.80456
0.80727
0.81276
0.80447
0.80667
0.81725
0.80521
0.78157
0.82874
0.79994
0.76275
0.73083
0.79286
0.81947
0.78600
0.82562
0.77456
0.80999
0.81117
0.76905
0.80717
0.80067
0.82055
0.81543
0.80709
0.78444
0.81963
0.80007
0.80591
0.81202
0.80252
0.79825
0.81925
0.79660
0.81200
0.80114
0.80872
0.80798
0.81095
0.80808
0.81759
0.78756
0.80528
0.82462
0.82124
0.81744
0.79578
0.82095
0.81977
0.75008
0.79688
0.79399
0.79489
0.75013
0.74511
0.81299
0.79708
0.80063
0.79049
0.81662
0.78729
0.80902
0.80048
0.82288
0.80360
0.76399
0.78220
0.78534
0.79029
0.79840
0.78094
0.80618
0.82537
0.80342
0.83364
0.82940
0.83311
0.84286
0.79912
0.79239
0.82063
0.82023
0.81485
0.83239
0.82844
0.81776
0.80504
0.79599
0.80770
0.82865
0.81109
0.78593
0.75498
0.78589
0.74746
0.75142
0.77085
0.74612
0.82040
0.82958
0.79285
0.79955
0.79932
0.80174
0.81087
0.81638
0.82008
0.79995
0.80600
0.80501
0.80113
0.81436
0.80590
0.79798
0.79566
0.80309
0.80845
0.81226
0.79076
0.83143
0.79080
0.78238
0.81702
0.76813
0.76255
0.78026
0.79792
0.76992
0.77046
0.75232
0.78809
0.81604
0.80974
0.81840
0.82190
0.77526
0.79155
0.80034
0.81607
0.81162
0.83192
0.79714
0.76932
0.72797
0.75223
0.74875
0.79794
0.77727
0.80087
0.80191
0.79424
0.80992
0.81435
0.80387
0.80426
0.81374
0.82690
0.82189
0.84887
0.79921
0.81788
0.81451
0.81559
0.80924
0.84085
0.81577
0.82457
0.85887
0.83901
0.84008
0.81380
0.80444
0.79820
0.78197
0.81186
0.80073
0.80077
0.81214
0.77591
0.81435
0.83851
0.81709
0.77977
0.77900
0.80241
0.80660
0.81293
0.79985
0.81348
0.80163
0.81226
0.80340
0.81578
0.81429
0.81781
0.82538
0.81339
0.81767
0.80954
0.80360
0.82507
0.81266
0.79723
0.74942
0.78804
0.80050
0.78594
0.80944
0.80946
0.76021
0.80338
0.81930
0.81605
0.80926
0.77287
0.77129
0.80608
0.78857
0.78975
0.80808
0.81263
0.78764
0.79303
0.79517
0.78573
0.85916
0.80235
0.76823
0.81271
0.73940
0.79549
0.75848
0.81833
0.79337
0.77896
0.81180
0.77178
0.80462
0.80747
0.75462
0.81312
0.74783
0.79865
0.79484
0.79571
0.80727
0.81803
0.75281
0.79482
0.78643
0.79754
0.78696
0.80383
0.83804
0.80804
0.80509
0.79999
0.81919
0.83110
0.80727
0.80348
0.80337
0.80508
0.82594
0.79546
0.78719
0.82434
0.82021
0.79499
0.79941
0.81907
0.80849
0.81365
0.83037
0.82229
0.79973
0.78206
0.81963
0.78290
0.82524
0.81841
0.82045
0.79232
0.83486
0.69513
0.82374
0.81307
0.79224
0.79652
0.79573
0.79001
0.83236
0.81686
0.75169
0.82393
0.79547
0.81693
0.79252
0.80931
0.82951
0.82073
0.76920
0.78341
0.81169
0.77873
0.82949
0.80773
0.79081
0.77796
0.76795
0.59325
0.73667
0.73687
0.73137
0.78927
0.70161
0.77213
0.74787
0.78726
0.81007
0.78292
0.79066
0.80556
0.82923
0.77647
0.81145
0.81172
0.80295
0.81432
0.79981
0.84154
0.83287
0.81754
0.81964
0.79509
0.80125
0.79044
0.80889
0.82005
0.84192
0.79544
0.75321
0.79323
0.76457
0.80090
0.82075
0.80470
0.78081
0.78618
0.80395
0.75255
0.81690
0.80037
0.81341
0.77076
0.85206
0.76252
0.80973
0.76355
0.79778
0.76710
0.80960
0.80572
0.81723
0.75597
0.79430
0.81486
0.78109
0.80781
0.79425
0.82869
0.80576
0.80655
0.80703
0.80680
0.81783
0.81640
0.78757
0.81587
0.77434
0.79345
0.80139
0.79393
0.79571
0.80803
0.80648
0.78858
0.82578
0.83204
0.81300
0.83167
0.83310
0.79885
0.80918
0.82255
0.80755
0.81998
0.82360
0.80509
0.82498
0.81839
0.84610
0.83433
0.82597
0.83484
0.82059
0.82589
0.82230
0.80477
0.83978
0.81179
0.81562
0.82047
0.81701
0.76976
0.83011
0.81856
0.85238
0.79635
0.79999
0.76797
0.83194
0.81711
0.82176
0.81603
0.82197
0.81839
0.80513
0.81193
0.80436
0.80056
0.78766
0.81157
0.82357
0.82189
0.81827
0.76163
0.82355
0.81404
0.83024
0.81648
0.83516
0.77659
0.79196
0.84021
0.75380
0.80481
0.81255
0.83138
0.84439
0.72215
0.82275
0.82871
0.77057
0.77920
0.79667
0.83262
0.79104
0.76935
0.79887
0.80767
0.80601
0.79949
0.80646
0.80387
0.77808
0.81165
0.71616
0.78051
0.75208
0.80409
0.83918
0.80086
0.84650
0.79678
0.81457
0.81625
0.83885
0.77424
0.83727
0.78881
0.81834
0.79277
0.80433
0.82744
0.79193
0.83756
0.80129
0.82084
0.80894
0.79694
0.79169
0.80134
0.83470
0.81326
0.79080
0.78887
0.82638
0.74843
0.81811
0.79731
0.82247
0.78831
0.82758
0.79465
0.80796
0.79477
0.68666
0.80727
0.76161
0.77325
0.22000
0.17000
0.37000
0.24000
0.22000
0.27000
0.22000
0.43000
0.54000
0.33000
0.42000
0.40000
0.43000
0.25000
0.24000
0.42000
0.42000
0.10000
0.42000
0.27000
0.18000
0.09000
0.09000
0.27000
0.26000
0.05000
0.08000
0.15000
0.08000
0.26000
0.09000
0.07000
0.15000
0.15000
0.07000
0.06000
0.30000
0.08000
0.15000
0.06000
0.40000
0.56000
0.17000
0.05000
0.07000
0.19000
0.08000
0.07000
0.13000
0.15000
0.18000
0.06000
0.32000
0.38000
0.37000
0.11000
0.22000
0.17000
0.48000
0.05000
0.34000
0.19000
0.48000
0.18000
0.40000
0.12000
0.10000
0.11000
0.10000
0.26000
0.06000
0.13000
0.59000
0.56000
0.46000
0.51000
0.32000
0.47000
0.37000
0.23000
0.31000
0.42000
0.16000
0.14000
0.28000
0.21000
0.10000
0.34000
0.05000
0.10000
0.21000
0.19000
0.51000
0.52000
0.23000
0.01000
0.01000
0.31000
0.16000
0.06000
0.11000
0.16000
0.12000
0.19000
0.08000
0.06000
0.09000
0.43000
0.40000
0.38000
0.19000
0.26000
0.20000
0.32000
0.41000
0.22000
0.36000
0.47000
0.51000
0.16000
0.22000
0.23000
0.42000
0.23000
0.23000
0.28000
0.26000
0.22000
0.16000
0.16000
0.04000
0.37000
0.12000
0.05000
0.07000
0.10000
0.11000
0.06000
0.12000
0.46000
0.28000
0.46000
0.54000
0.60000
0.46000
0.43000
0.47000
0.44000
0.36000
0.46000
0.19000
0.53000
0.33000
0.29000
0.44000
0.13000
0.07000
0.09000
0.08000
0.20000
0.42000
0.07000
0.10000
0.32000
0.28000
0.12000
0.17000
0.32000
0.45000
0.27000
0.43000
0.22000
0.28000
0.36000
0.49000
0.29000
0.36000
0.35000
0.24000
0.24000
0.34000
0.35000
0.33000
0.49000
0.54000
0.26000
0.50000
0.40000
0.48000
0.28000
0.46000
0.33000
0.22000
0.14000
0.19000
0.17000
0.31000
0.35000
0.14000
0.07000
0.10000
0.03000
0.13000
0.19000
0.07000
0.06000
0.05000
0.02000
0.12000
0.13000
0.09000
0.11000
0.10000
0.08000
0.04000
0.09000
0.12000
0.07000
0.13000
0.08000
0.41000
0.08000
0.16000
0.50000
0.13000
0.20000
0.33000
0.29000
0.35000
0.39000
0.38000
0.43000
0.28000
0.37000
0.21000
0.40000
0.11000
0.29000
0.19000
0.23000
0.40000
0.26000
0.23000
0.45000
0.41000
0.27000
0.08000
0.44000
0.25000
0.38000
0.22000
0.21000
0.28000
0.10000
0.21000
0.13000
0.08000
0.25000
0.09000
0.12000
0.15000
0.07000
0.08000
0.14000
0.06000
0.09000
0.09000
0.07000
0.24000
0.34000
0.07000
0.16000
0.25000
0.13000
0.15000
0.15000
0.08000
0.06000
0.15000
0.13000
0.06000
0.13000
0.12000
0.06000
0.03000
0.11000
0.05000
0.06000
0.10000
0.07000
0.02000
0.06000
0.08000
0.05000
0.12000
0.04000
0.06000
0.10000
0.42000
0.10000
0.07000
0.19000
0.13000
0.04000
0.32000
0.15000
0.06000
0.12000
0.60000
0.25000
0.49000
0.31000
0.41000
0.11000
0.43000
0.60000
0.18000
0.22000
0.43000
0.27000
0.33000
0.26000
0.34000
0.23000
0.26000
0.24000
0.23000
0.49000
0.26000
0.10000
0.26000
0.25000
0.46000
0.04000
0.14000
0.03000
0.21000
0.27000
0.07000
0.02000
0.08000
0.06000
0.10000
0.08000
0.13000
0.06000
0.08000
0.07000
0.06000
0.14000
0.07000
0.08000
0.06000
0.13000
0.13000
0.10000
0.12000
0.07000
0.10000
0.41000
0.24000
0.12000
0.16000
0.42000
0.31000
0.41000
0.13000
0.14000
0.03000
0.48000
0.33000
0.32000
0.05000
0.36000
0.12000
0.31000
0.13000
0.28000
0.32000
0.26000
0.21000
0.14000
0.06000
0.18000
0.05000
0.06000
0.09000
0.39000
0.30000
0.07000
0.11000
0.18000
0.06000
0.03000
0.12000
0.07000
0.12000
0.06000
0.14000
0.27000
0.12000
0.36000
0.16000
0.19000
0.40000
0.39000
0.32000
0.12000
0.36000
0.15000
0.10000
0.28000
0.23000
0.42000
0.24000
0.41000
0.54000
0.13000
0.28000
0.17000
0.24000
0.13000
0.58000
0.19000
0.42000
0.20000
0.39000
0.48000
0.09000
0.23000
0.20000
0.07000
0.07000
0.04000
0.05000
0.06000
0.09000
0.04000
0.02000
0.24000
0.03000
0.42000
0.01000
0.05000
0.02000
0.20000
0.10000
0.23000
0.28000
0.37000
0.31000
0.39000
0.49000
0.47000
0.16000
0.39000
0.33000
0.18000
0.05000
0.05000
0.03000
0.02000
0.06000
0.05000
0.04000
0.09000
0.06000
0.04000
0.13000
0.05000
0.04000
0.12000
0.04000
0.07000
0.07000
0.06000
0.08000
0.12000
0.01000
0.08000
0.05000
0.03000
0.03000
0.07000
0.14000
0.04000
0.06000
0.03000
0.01000
0.05000
0.02000
0.03000
0.02000
0.03000
0.07000
0.03000
0.04000
0.03000
0.09000
0.12000
0.05000
0.03000
0.05000
0.04000
0.04000
0.03000
0.02000
0.29000
0.19000
0.22000
0.34000
0.40000
0.35000
0.39000
0.46000
0.36000
0.41000
0.54000
0.53000
0.28000
0.16000
0.48000
0.23000
0.18000
0.31000
0.55000
0.03000
0.02000
0.03000
0.07000
0.03000
0.04000
0.05000
0.06000
0.05000
0.02000
0.09000
0.13000
0.22000
0.22000
0.04000
0.13000
0.05000
0.12000
0.12000
0.05000
0.15000
0.03000
0.08000
0.08000
0.08000
0.58000
0.10000
0.17000
0.02000
0.07000
0.02000
0.04000
0.03000
0.03000
0.05000
0.05000
0.01000
0.04000
0.05000
0.03000
0.03000
0.34000
0.09000
0.32000
0.03000
0.25000
0.16000
0.09000
0.27000
0.22000
0.05000
0.38000
0.46000
0.49000
0.19000
0.56000
0.34000
0.24000
0.56000
0.18000
0.33000
0.09000
0.33000
0.37000
0.32000
0.45000
0.38000
0.32000
0.22000
0.40000
0.29000
0.18000
0.37000
0.21000
0.41000
0.37000
0.54000
0.09000
0.25000
0.25000
0.36000
0.48000
0.30000
0.42000
0.27000
0.47000
0.63000
0.25000
0.44000
0.55000
0.28000
0.45000
0.20000
0.18000
0.14000
0.25000
0.16000
0.18000
0.45000
0.14000
0.17000
0.27000
0.14000
0.11000
0.17000
0.23000
0.29000
0.14000
0.36000
0.14000
0.05000
0.11000
0.01000
0.06000
0.05000
0.02000
0.05000
0.08000
0.07000
0.07000
0.48000
0.51000
0.49000
0.36000
0.41000
0.49000
0.35000
0.57000
0.48000
0.51000
0.10000
0.07000
0.03000
0.04000
0.03000
0.05000
0.04000
0.04000
0.04000
0.02000
0.14000
0.14000
0.32000
0.27000
0.49000
0.33000
0.22000
0.24000
0.50000
0.39000
0.45000
0.63000
0.28000
0.09000
0.53000
0.35000
0.29000
0.32000
0.31000
0.34000
0.42000
0.53000
0.52000
0.57000
0.54000
0.43000
0.57000
0.25000
0.52000
0.56000
0.21000
0.08000
0.18000
0.11000
0.17000
0.04000
0.21000
0.36000
0.10000
0.11000
0.10000
0.07000
0.06000
0.20000
0.21000
0.16000
0.12000
0.03000
0.03000
0.10000
0.38000
0.22000
0.13000
0.21000
0.30000
0.23000
0.32000
0.19000
0.15000
0.21000
0.06000
0.18000
0.20000
0.09000
0.33000
0.10000
0.09000
0.07000
0.39000
0.17000
0.22000
0.38000
0.29000
0.14000
0.07000
0.30000
0.20000
0.23000
0.17000
0.33000
0.30000
0.40000
0.52000
0.29000
0.25000
0.41000
0.17000
0.31000
0.41000
0.13000
0.15000
0.11000
0.11000
0.43000
0.25000
0.28000
0.07000
0.32000
0.07000
0.34000
0.11000
0.10000
0.10000
0.08000
0.09000
0.10000
0.13000
0.09000
0.05000
0.08000
0.49000
0.19000
0.09000
0.17000
0.57000
0.46000
0.27000
0.20000
0.26000
0.17000
0.14000
0.19000
0.21000
0.06000
0.10000
0.34000
0.13000
0.10000
0.26000
0.16000
0.06000
0.08000
0.07000
0.05000
0.02000
0.07000
0.03000
0.06000
0.09000
0.06000
0.45000
0.34000
0.19000
0.43000
0.29000
0.21000
0.35000
0.42000
0.44000
0.18000
0.38000
0.35000
0.22000
0.11000
0.15000
0.16000
0.18000
0.10000
0.17000
0.11000
0.10000
0.16000
0.09000
0.05000
0.09000
0.09000
0.27000
0.16000
0.22000
0.04000
0.06000
0.06000
0.03000
0.08000
0.04000
0.15000
0.05000
0.10000
0.04000
0.05000
0.39000
0.19000
0.44000
0.27000
0.41000
0.19000
0.19000
0.19000
0.31000
0.33000
0.14000
0.05000
0.12000
0.07000
0.11000
0.06000
0.08000
0.01000
0.07000
0.04000
0.26000
0.13000
0.32000
0.19000
0.12000
0.12000
0.30000
0.22000
0.31000
0.22000
0.58000
0.52000
0.60000
0.68000
0.31000
0.29000
0.35000
0.50000
0.32000
0.58000
0.15000
0.09000
0.12000
0.04000
0.05000
0.06000
0.07000
0.05000
0.14000
0.09000
0.10000
0.51000
0.37000
0.23000
0.55000
0.50000
0.30000
0.30000
0.18000
0.46000
0.24000
0.16000
0.14000
0.30000
0.14000
0.09000
0.10000
0.15000
0.05000
0.05000
0.31000
0.27000
0.25000
0.32000
0.40000
0.41000
0.22000
0.28000
0.28000
0.29000
0.07000
0.15000
0.07000
0.12000
0.13000
0.08000
0.15000
0.46000
0.12000
0.03000
0.15000
0.22000
0.22000
0.34000
0.42000
0.20000
0.54000
0.18000
0.35000
0.36000
0.34000
0.32000
0.47000
0.20000
0.62000
0.62000
0.37000
0.53000
0.63000
0.38000
0.21000
0.47000
0.36000
0.42000
0.40000
0.41000
0.13000
0.27000
0.37000
0.34000
0.32000
0.29000
0.26000
0.07000
0.26000
0.35000
0.48000
0.29000
0.23000
0.40000
0.48000
0.18000
0.37000
0.39000
0.20000
0.37000
0.31000
0.31000
0.28000
0.19000
0.44000
0.36000
0.20000
0.29000
0.19000
0.62000
0.26000
0.17000
0.51000
0.04000
0.02000
0.06000
0.16000
0.06000
0.05000
0.22000
0.03000
0.03000
0.19000
0.26000
0.23000
0.22000
0.21000
0.43000
0.22000
0.39000
0.39000
0.38000
0.05000
0.08000
0.04000
0.05000
0.02000
0.13000
0.08000
0.05000
0.05000
0.08000
0.14000
0.45000
0.48000
0.29000
0.40000
0.33000
0.41000
0.40000
0.44000
0.29000
0.36000
0.06000
0.05000
0.01000
0.04000
0.05000
0.04000
0.04000
0.08000
0.06000
0.05000
0.33000
0.36000
0.27000
0.51000
0.23000
0.49000
0.39000
0.38000
0.31000
0.39000
0.46000
0.48000
0.57000
0.41000
0.37000
0.31000
0.18000
0.17000
0.30000
0.24000
0.34000
0.16000
0.32000
0.21000
0.25000
0.10000
0.08000
0.21000
0.11000
0.23000
0.36000
0.24000
0.40000
0.09000
0.28000
0.09000
0.13000
0.20000
0.14000
0.06000
0.15000
0.17000
0.48000
0.08000
0.30000
0.45000
0.34000
0.07000
0.15000
0.35000
0.38000
0.41000
0.60000
0.39000
0.34000
0.57000
0.36000
0.41000
0.27000
0.49000
0.52000
0.48000
0.23000
0.33000
0.05000
0.16000
0.16000
0.10000
0.05000
0.06000
0.06000
0.08000
0.02000
0.02000
0.06000
0.13000
0.14000
0.02000
0.04000
0.04000
0.03000
0.04000
0.41000
0.42000
0.35000
0.55000
0.24000
0.54000
0.65000
0.52000
0.25000
0.44000
0.46000
0.52000
0.46000
0.46000
0.53000
0.51000
0.40000
0.51000
0.41000
0.47000
0.45000
0.43000
0.21000
0.53000
0.35000
0.41000
0.40000
0.33000
0.38000
0.33000
0.08000
0.08000
0.04000
0.02000
0.05000
0.04000
0.02000
0.04000
0.05000
0.07000
0.46000
0.26000
0.48000
0.52000
0.45000
0.49000
0.46000
0.51000
0.22000
0.49000
0.34000
0.35000
0.37000
0.27000
0.41000
0.44000
0.47000
0.18000
0.34000
0.24000
0.62000
0.54000
0.25000
0.32000
0.55000
0.69000
0.38000
0.34000
0.43000
0.39000
0.36000
0.31000
0.49000
0.36000
0.49000
0.40000
0.40000
0.22000
0.14000
0.30000
0.35000
0.38000
0.20000
0.26000
0.20000
0.41000
0.23000
0.47000
0.32000
0.34000
0.23000
0.31000
0.13000
0.40000
0.28000
0.25000
0.24000
0.27000
0.31000
0.25000
0.57000
0.34000
0.46000
0.62000
0.23000
0.45000
0.58000
0.33000
0.35000
0.40000
0.16000
0.31000
0.53000
0.22000
0.36000
0.48000
0.34000
0.41000
0.27000
0.50000
0.11000
0.09000
0.10000
0.08000
0.07000
0.04000
0.03000
0.04000
0.02000
0.03000
0.08000
0.07000
0.03000
0.06000
0.03000
0.07000
0.06000
0.08000
0.05000
0.13000
0.09000
0.08000
0.26000
0.13000
0.08000
0.11000
0.09000
0.06000
0.12000
0.04000
0.30000
0.47000
0.20000
0.37000
0.35000
0.52000
0.43000
0.40000
0.29000
0.23000
0.32000
0.49000
0.25000
0.38000
0.33000
0.70000
0.13000
0.43000
0.39000
0.41000
0.22000
0.11000
0.14000
0.06000
0.06000
0.09000
0.04000
0.05000
0.21000
0.09000
0.28000
0.27000
0.15000
0.30000
0.16000
0.28000
0.36000
0.21000
0.07000
0.11000
0.03000
0.12000
0.04000
0.06000
0.06000
0.07000
0.08000
0.09000
0.05000
0.02000
0.26000
0.52000
0.13000
0.30000
0.17000
0.38000
0.53000
0.34000
0.10000
0.33000
0.36000
0.35000
0.45000
0.38000
0.27000
0.26000
0.40000
0.46000
0.39000
0.30000
0.23000
0.48000
0.44000
0.24000
0.08000
0.45000
0.43000
0.45000
0.43000
0.52000
0.68000
0.49000
0.34000
0.33000
0.32000
0.56000
0.29000
0.39000
0.51000
0.45000
0.40000
0.27000
0.52000
0.39000
0.48000
0.33000
0.39000
0.58000
0.36000
0.25000
0.11000
0.11000
0.07000
0.32000
0.05000
0.05000
0.03000
0.07000
0.07000
0.08000
0.03000
0.09000
0.09000
0.06000
0.03000
0.09000
0.06000
0.04000
0.05000
0.14000
0.28000
0.26000
0.25000
0.25000
0.17000
0.21000
0.06000
0.24000
0.30000
0.10000
0.22000
0.22000
0.15000
0.17000
0.16000
0.03000
0.10000
0.15000
0.09000
0.24000
0.46000
0.16000
0.03000
0.06000
0.13000
0.10000
0.27000
0.07000
0.10000
0.13000
0.61000
0.30000
0.60000
0.40000
0.49000
0.10000
0.55000
0.46000
0.49000
0.32000
0.15000
0.07000
0.06000
0.06000
0.09000
0.25000
0.15000
0.33000
0.13000
0.10000
0.43000
0.42000
0.24000
0.34000
0.42000
0.42000
0.42000
0.35000
0.26000
0.46000
0.11000
0.17000
0.41000
0.09000
0.19000
0.32000
0.21000
0.20000
0.27000
0.34000
0.15000
0.36000
0.14000
0.18000
0.15000
0.15000
0.08000
0.24000
0.25000
0.14000
0.08000
0.10000
0.08000
0.59000
0.05000
0.14000
0.18000
0.06000
0.15000
0.13000
0.22000
0.16000
0.39000
0.22000
0.49000
0.20000
0.17000
0.30000
0.38000
0.29000
0.22000
0.44000
0.37000
0.24000
0.20000
0.50000
0.34000
0.33000
0.12000
0.47000
