1.55590
1.08590
2.02085
0.73905
1.44609
1.17430
0.84724
1.60588
1.48472
0.59708
2.36125
2.57908
1.81663
1.45385
1.64694
2.26939
1.69817
1.51661
1.55964
2.62103
5.84316
7.28043
6.68292
2.69411
7.63340
8.06202
6.13457
4.17006
7.23182
3.62732
8.28427
8.37752
7.26764
8.08086
7.70201
6.23234
5.63593
3.29105
2.43928
6.30972
3.10147
3.88988
7.95439
9.30087
6.87378
8.49939
7.79679
8.02671
4.09809
8.47987
5.44846
8.58883
3.16602
3.49279
3.09592
4.97913
3.21854
4.89491
2.96247
6.16188
3.19134
4.88401
6.04685
7.40111
5.05083
8.00987
9.34105
6.01752
7.16883
7.61383
8.50389
6.16220
1.83025
3.14638
1.85929
1.69147
1.84389
2.55218
2.80053
1.95188
1.69208
1.61193
2.36414
2.79257
3.69404
2.64077
2.54588
2.85869
3.96226
2.37376
1.82684
2.40180
3.85774
3.61477
3.43524
1.16784
2.62195
7.72489
9.03119
7.73631
10.80612
8.46781
7.60412
6.80766
7.37214
7.68815
7.36349
1.47113
3.57356
1.54200
1.30620
2.57424
2.27128
3.14216
2.61142
1.88447
2.96635
2.65925
4.26308
2.36499
1.88921
1.99888
2.27637
3.35224
3.25953
3.77212
2.57623
3.22777
3.51332
8.37944
7.58606
3.48609
7.83587
7.40046
8.93223
6.80013
7.74931
6.63657
7.61913
1.96875
1.39477
2.11517
2.04958
1.46428
1.96700
1.87498
1.77600
2.69433
1.17919
1.58728
2.05193
2.30336
2.39811
2.74281
2.61211
2.75489
6.16395
6.19825
7.19758
9.98655
2.56441
7.92085
7.76248
1.59922
4.84713
8.20108
5.82599
5.92445
1.32771
1.60753
0.04284
1.63400
1.58910
1.17089
1.36782
0.99306
0.91312
0.36154
3.36180
3.78042
2.98744
2.17120
2.18612
3.24989
3.53726
3.04881
3.25479
2.93525
2.09623
1.48028
3.97863
3.00793
2.62473
1.60190
2.48882
2.63749
2.37161
2.24720
4.74048
6.25406
6.22856
6.46435
4.64611
6.94505
4.79288
6.57349
7.24595
5.86087
6.38530
4.11709
6.92196
5.78986
7.71776
7.61670
4.43647
6.38984
5.38098
5.19900
2.98689
5.18786
3.70496
5.69622
5.72341
3.76568
3.77438
5.99312
2.83201
2.06003
2.03222
1.95821
2.56850
2.23653
2.12298
2.62121
2.02701
4.52740
1.56157
2.42503
2.75638
2.05578
3.19215
2.64072
1.94769
2.01534
2.55722
2.11169
0.92709
1.65918
0.95609
2.01275
1.15146
1.02481
0.35196
1.84966
0.57998
0.91376
1.21093
1.59457
0.44923
0.72634
1.76721
1.13322
1.74978
2.26124
1.82490
2.71346
1.79587
2.12308
1.29893
1.40413
3.52239
1.42292
2.26250
2.67118
1.11363
2.23754
1.71701
1.54970
7.43794
6.94212
6.86113
6.71479
6.54223
6.65703
7.24204
6.73622
7.27212
6.00783
7.67405
6.84498
7.01458
6.86682
7.26131
6.11150
7.70939
6.58558
5.62526
5.96654
3.83995
7.15934
5.83938
5.85735
3.87054
8.75478
2.34751
2.70847
7.53733
4.98929
2.40501
2.69690
3.13883
1.80882
1.49150
1.50755
1.46721
2.30483
2.67784
1.71962
3.14401
3.04573
2.62418
2.40008
2.40232
2.73596
2.44484
2.67413
2.15814
3.74970
2.71871
1.71060
3.21715
3.80710
2.80344
2.50190
1.83711
2.74303
3.23599
3.21860
6.91382
7.98595
6.99814
6.80230
7.23571
6.69852
5.51569
6.31951
6.08337
5.21955
5.36206
6.55318
7.33122
4.78614
6.33572
8.60217
5.95571
2.75595
5.48565
5.99870
0.94970
2.35412
2.16423
2.47200
2.49850
2.41463
2.22569
3.25151
2.71639
3.22972
4.91275
2.15409
3.32634
3.40589
6.42182
3.78093
5.54829
2.70448
5.84382
4.51305
1.06453
2.19632
1.63864
2.94158
2.27900
1.87174
2.12932
2.12473
1.42110
1.73426
2.68599
8.78817
4.83717
10.03067
6.14739
7.92444
7.57305
7.48208
6.33864
9.04292
2.40272
3.25730
1.52474
1.14155
1.21301
1.68505
1.12588
4.04459
2.21725
2.94550
1.96550
2.14177
2.54954
1.67704
2.34648
2.32725
2.21332
3.45958
1.73492
1.83041
2.67495
5.74798
2.98383
4.35639
3.84243
6.20453
2.13891
3.31619
3.03403
3.16934
8.02349
6.18912
2.99874
5.17858
7.22594
6.16711
6.73247
7.69711
3.72439
5.53232
2.63433
2.96544
2.13261
3.18000
2.41701
2.56072
2.20601
2.92042
3.04644
2.77012
2.27567
3.56687
2.11165
2.88207
2.85575
3.34309
2.84297
3.14640
2.91590
3.02088
0.38827
8.10418
7.61331
10.57943
8.29281
5.94865
7.69486
7.26320
6.45874
6.20170
7.84683
7.97562
6.84405
6.15387
6.76473
7.69028
7.47190
8.14290
7.26603
4.70847
4.64833
2.59600
3.21293
6.64238
5.55089
3.13383
6.24732
4.03714
7.00749
5.53434
3.67632
3.00127
5.60726
3.84305
6.18803
1.54049
2.39310
4.49151
3.63145
8.43572
7.59461
8.63892
7.27663
8.67448
5.16922
6.36070
5.41146
5.87194
6.44209
2.60660
1.23818
3.28458
2.85828
2.15227
2.62492
4.75609
3.27077
2.71801
1.81692
2.62223
2.47301
3.66857
2.25094
3.01631
2.12053
2.53051
3.16467
4.25158
5.01056
2.79356
4.48338
7.43245
7.26430
7.60070
2.50697
5.69555
2.24818
4.67492
0.74525
0.38160
0.78067
1.44357
1.58618
0.83597
2.00164
1.39909
0.28338
1.08264
7.46557
6.93031
6.68900
6.45418
6.95649
7.41780
6.99116
7.66125
8.40551
7.69493
7.36786
7.01979
7.65859
7.84246
8.41894
8.55321
8.55705
7.88475
8.01223
8.37851
9.66342
4.71790
6.68324
2.10207
9.50488
7.29863
8.23681
6.89676
3.23995
6.85939
3.34505
2.91458
2.27162
2.64569
1.29180
3.15677
3.02841
2.75275
3.43153
1.76534
2.75290
1.63125
3.12074
1.95235
1.27683
1.83141
1.93390
2.39173
2.16697
1.47030
1.09597
1.13151
0.27420
1.54507
0.21824
1.01971
1.11970
1.95584
1.32702
1.10044
1.09277
1.90081
1.34236
2.05322
0.97254
0.97266
1.49017
1.41882
0.99050
1.01586
1.39629
1.90764
0.23292
1.05188
1.15124
1.81102
1.51419
0.63250
1.94712
1.37613
0.97889
1.09098
1.62930
2.01250
2.24017
1.22825
0.83022
2.11386
1.50246
1.87472
6.58896
7.37968
8.11520
7.85401
7.38200
10.03740
8.91807
7.99730
8.37993
7.86116
1.86931
2.00507
1.36912
0.74517
1.72631
0.88498
1.48699
1.52093
2.25013
1.94619
7.75388
7.64015
8.09214
9.14484
9.80040
6.59860
7.19643
6.92724
9.25580
5.90725
4.52607
3.37166
2.77453
8.18370
3.57165
3.39660
5.56359
2.50088
2.65089
2.71824
4.02530
2.52046
3.31061
2.84452
3.32902
2.29537
2.14510
2.73450
2.95384
3.10485
2.59949
3.29165
2.69314
3.86945
3.14569
2.45558
2.44566
3.50780
3.72910
2.76475
1.02930
1.42881
2.04050
1.24119
1.69767
0.94985
2.30813
1.97806
1.40421
1.50959
7.95149
8.79302
6.97730
8.19516
3.19701
5.48122
4.39643
7.66753
8.46275
6.30391
2.22439
2.64335
1.31844
1.92053
2.40505
3.10077
2.86579
3.17783
2.90858
2.01564
1.82843
3.11007
2.22345
2.33002
2.46939
2.04882
1.93330
2.22383
3.01544
1.66981
2.53885
2.71210
2.54335
2.34425
2.13929
1.81689
2.13178
2.09748
2.23007
3.39061
4.48294
3.81253
2.76411
2.99033
4.51650
3.13339
2.75806
2.57225
3.45299
4.46327
0.85170
2.90273
0.79274
1.63483
1.89897
3.02461
2.56089
1.34739
1.63700
1.66742
2.10896
1.16626
0.93715
0.98060
2.67873
2.12868
2.50198
1.82984
1.20406
1.16370
1.95164
2.47915
2.14496
2.83487
3.29354
2.92974
2.43860
1.79980
2.98738
1.32552
0.39616
2.01269
2.13815
2.35149
1.99384
2.14353
1.61451
2.30845
2.84196
2.30690
1.95461
2.15562
1.44612
2.21835
1.05360
0.91429
1.46588
1.34504
1.54253
1.42240
3.73110
3.54922
5.02682
3.59149
3.25807
2.99096
3.99275
4.35316
4.28925
2.11551
1.53253
1.84666
3.14028
2.24911
2.58221
3.17566
2.29541
2.70208
2.75701
0.07478
0.96626
3.07302
2.39050
1.15191
2.07096
1.63564
1.25928
1.85298
2.41587
1.96684
7.74324
4.38120
5.90383
4.50014
5.70020
0.86306
5.08281
8.61883
7.21930
8.47917
1.27836
2.28628
2.12060
3.79775
1.79202
1.19754
2.74077
2.48676
2.80956
1.33124
5.09062
6.17935
5.61378
8.11917
6.74300
6.25059
6.78998
6.49177
7.70869
7.10921
1.56072
2.49342
1.86880
1.73297
1.45914
2.19662
1.53513
2.83849
1.93158
3.72405
2.15179
2.19665
2.46970
3.21476
3.14303
2.21255
2.08387
2.85848
2.23101
3.42156
5.74630
5.80068
6.55603
6.97983
5.98399
5.94813
5.60954
5.82321
4.97901
5.01936
5.21683
3.69724
3.42986
5.20447
3.92218
4.21907
3.11934
2.95778
3.06421
3.69021
2.60082
7.25163
5.80613
1.62663
6.49582
4.99324
0.94763
8.21422
7.42927
6.38893
2.53075
2.03912
1.99819
1.66932
0.85061
1.85266
1.23093
1.79341
1.50468
0.81568
7.02456
8.05061
4.71815
5.17194
6.70860
9.09955
5.47303
4.39186
6.48599
7.57500
3.29455
3.09997
2.59297
2.00396
3.14768
1.79312
3.59613
3.86645
3.70137
2.90283
2.65238
3.09015
3.59304
2.95056
2.04893
2.13018
2.96982
2.87499
3.12841
1.85174
2.28343
2.10475
1.95163
3.50615
2.41452
1.49886
2.21676
1.96901
2.26912
2.15922
1.54919
1.60967
2.41261
1.68934
3.14648
3.10877
3.72530
2.96732
2.72350
3.04638
1.64929
2.11753
0.73299
2.01832
1.41586
2.67435
2.03205
0.73571
1.81450
2.27686
1.69189
1.48587
2.19283
1.93779
1.54523
0.82154
2.10505
1.40178
7.30464
6.36859
7.31080
8.17219
5.30503
6.58809
6.47424
7.72992
8.71251
9.19612
0.53239
0.90383
0.96959
1.30585
0.91031
0.47904
-0.25548
1.57619
0.00864
0.43279
6.96746
5.97526
8.01892
5.62597
5.76169
5.91208
7.04714
6.48620
6.95337
5.56216
1.65695
3.53738
3.13612
3.77728
4.78181
4.40311
3.32905
3.00202
3.30812
2.55069
1.96289
8.41424
8.29656
8.82062
7.49744
7.03684
7.50888
6.99547
7.91632
9.15290
7.90314
2.27242
1.45888
1.77042
2.10194
1.24998
2.21476
2.55216
1.67530
2.53731
1.77674
1.29213
3.07089
1.00672
1.21170
2.71283
0.84251
1.68304
1.11101
0.10388
1.58865
0.92222
0.28537
2.67674
1.29497
1.29111
1.32141
1.41196
1.74986
0.99644
1.32436
1.13408
1.54783
1.70785
2.96353
1.23944
2.16340
2.60765
2.66769
2.73575
1.82662
1.76373
1.73419
2.00121
1.50356
1.79243
1.64525
1.77120
1.32896
1.43985
1.71338
1.85151
2.11643
2.74557
3.48539
2.35430
3.17852
3.19819
3.45326
2.53742
2.74878
1.96274
3.77571
3.35642
5.34959
8.03536
4.19430
6.33508
8.48700
7.35704
6.37839
7.80994
5.72288
5.25695
5.04178
6.08445
5.13652
4.86291
5.53354
6.94454
5.06617
5.60566
6.47296
1.49024
1.26176
0.10656
1.33643
1.47633
1.22708
0.85471
1.24025
1.84234
1.14522
1.39060
1.19330
0.92745
1.94597
1.54154
1.88251
2.60525
2.15206
2.22771
2.16360
2.19999
3.83417
2.21181
3.51797
4.27055
3.98843
4.05032
3.27628
3.89951
3.26578
7.30553
6.25454
6.22655
6.90424
6.99944
7.86038
9.45499
7.81777
7.84188
8.02955
2.71228
1.28980
2.80828
3.35195
2.73821
3.06573
2.87532
1.27819
3.41977
3.24171
2.38927
2.27437
3.49642
4.41884
3.68796
2.77308
3.59811
3.37807
3.50942
4.55363
3.48971
3.57290
3.12702
2.51357
3.02333
3.11527
2.14824
1.98674
2.83399
3.21926
2.56591
2.14837
3.07741
3.35115
2.23741
2.23777
3.37919
2.00165
3.33386
2.69222
3.92302
3.14726
2.04381
2.31733
2.07929
3.24127
2.01818
3.51682
3.70619
2.91146
2.62622
3.17239
0.37001
3.52274
3.24284
2.03897
1.82468
1.81131
2.52964
2.60939
2.35255
2.29172
0.94932
0.50050
1.66033
0.89071
1.05657
1.47141
0.75787
2.11322
1.47802
0.54707
0.61388
1.65730
0.52550
1.37304
0.74865
1.53906
0.95770
0.76643
7.18356
7.77012
7.17341
7.78524
6.43298
6.78360
6.29291
7.37995
9.26227
6.77058
7.40684
7.99741
7.08578
7.50076
9.14320
7.91141
7.34476
6.19125
7.22334
7.14322
5.58788
7.48784
2.56960
5.81232
3.77915
4.42361
5.86769
5.37062
3.64121
7.17086
1.68549
1.32098
1.60361
0.93867
0.77300
1.05228
1.70766
1.07915
1.34466
0.39728
1.96374
2.38771
1.34824
2.55191
2.28700
2.15693
2.05054
2.08060
2.27059
2.96858
3.19896
2.36039
2.41019
2.69802
2.67025
2.92234
3.10293
2.90787
1.00812
0.37683
1.14329
0.94888
1.25429
1.14206
1.21719
1.33501
1.28103
1.23098
2.26135
2.77136
5.56006
6.65493
6.26281
5.67384
6.04259
6.27205
6.13261
6.21414
7.14978
9.39028
2.28152
1.97337
1.92805
2.04593
2.06816
2.25599
1.87633
1.73353
2.20026
2.36297
1.41638
1.74487
2.83478
2.07622
2.02976
1.10380
2.18771
2.54779
3.50050
2.12750
1.67482
2.18491
2.44570
1.33872
2.14271
2.20263
1.99476
1.12376
2.01028
2.16235
1.06121
1.32735
0.45077
0.63757
0.24647
0.71245
0.97530
0.98547
0.04348
0.69525
2.14181
2.96752
3.76667
4.20286
3.21234
2.29034
2.54224
3.20767
3.22685
3.84882
6.80295
4.58503
5.76313
2.25742
6.10176
7.65632
8.22576
6.63369
9.58465
9.33507
7.52950
6.17975
7.78950
8.89704
8.22214
8.52438
8.18228
8.03924
9.28787
6.37850
2.81011
1.96630
2.04820
2.01342
2.75673
2.84451
1.79382
3.07704
2.22942
2.99895
2.74802
3.12570
1.80539
1.52331
2.84783
2.73852
2.62254
3.44947
2.83889
3.74963
4.53781
8.86924
9.66220
7.80804
6.73436
7.78052
9.34732
8.99475
9.77608
7.23776
1.09302
1.21237
1.21181
1.13106
0.66104
1.07210
1.04449
2.10180
0.90469
1.47252
0.63690
1.45588
0.65986
1.17741
0.98135
1.23872
1.27011
1.66833
1.68504
1.31496
2.17697
2.78607
2.11084
1.38512
1.12588
2.83786
2.43823
1.24444
1.62386
2.46428
1.66299
2.76412
2.89554
1.60139
3.01747
2.11256
0.85985
1.42683
1.84422
2.71581
1.87310
2.47626
2.16730
3.38380
3.76884
4.15984
2.08785
3.50121
5.22513
3.10400
8.76878
6.47780
8.08750
7.67199
8.27514
4.61708
8.38376
3.81067
7.19931
6.17021
3.16880
3.19981
2.42229
2.08414
2.39721
3.00599
1.77347
2.33994
2.29248
3.40308
2.60529
2.65220
2.90875
2.53157
3.48901
4.03629
1.39962
3.07581
2.62207
3.36378
-1.48637
-2.66600
-2.37700
-3.22900
-2.82700
-3.78000
-0.19600
0.33100
-2.52500
-2.72200
-1.90000
0.19700
-0.81100
-2.66800
-1.13300
0.31900
-0.95500
-1.00700
-1.59700
-1.19100
-1.02600
0.37200
-3.55900
0.52600
-1.12600
0.52000
-1.57700
-2.03000
-2.83700
-1.54600
0.50700
-1.19600
-1.21200
-4.03100
-1.34900
-3.87800
-2.70500
-0.72700
-2.38400
-4.78700
-1.95500
1.13900
-0.53700
-0.81400
-3.00500
-1.98800
-0.89900
-2.46700
-1.68100
-1.93600
-2.65200
-1.55500
-0.15400
0.28700
-0.49300
-3.68200
-0.29700
-1.40800
-0.06600
-0.92500
-0.52500
0.77100
0.69600
-0.60600
-0.22600
-2.22100
-2.72600
-3.43300
-2.24800
-1.36900
-1.60200
-3.18300
1.10800
-1.15400
-1.32300
-0.98700
-1.44300
-0.44900
0.97100
-0.19400
-1.77900
-1.80900
-0.59700
-0.88500
1.31700
1.59000
-0.93400
0.74300
0.44300
-1.44500
-1.65900
-0.30100
1.17900
0.47500
-0.26000
0.78000
0.50200
-2.65200
0.14800
-3.84100
-0.07100
-1.65300
-2.58900
-2.12800
-3.13400
-0.20800
-2.93900
-1.77700
-2.61900
-1.74000
-2.39600
-1.61300
-2.65200
0.08100
-3.50100
-2.79400
-1.33100
1.58900
0.08200
-0.38800
-2.49500
1.45900
1.17400
-0.72900
-1.76400
-1.94000
-1.38300
-1.95600
-1.58600
-1.17300
-1.08800
-2.31600
-1.69900
-3.21500
0.06600
-2.12600
-2.77900
-2.95000
-0.82500
-1.38100
-2.60500
-0.78500
-1.30100
-1.79700
0.13400
-0.72600
-1.64200
-2.02500
-1.47900
0.24900
0.45900
-0.49400
-2.13000
-1.88400
-2.16100
-2.76100
-1.39600
-1.91500
-1.79700
-0.18000
-0.26200
-3.29300
-3.69400
-2.06700
-2.57700
-0.48400
-2.29600
-1.97300
-1.00800
1.17100
-2.03600
-1.53500
-0.54900
-1.34400
-0.48500
-1.37000
-0.95700
-0.75000
1.25700
-1.02300
0.39600
-1.49500
-1.97800
-0.49800
-1.86500
-1.29600
-0.13800
-0.59600
1.24300
-1.81700
0.91100
-1.30100
-1.75000
1.16800
-1.35200
-1.90800
-1.73300
-0.00500
-3.78800
-2.57900
-5.28000
-3.34100
-3.70000
-3.76600
-3.40600
-3.02100
-1.00500
-1.18300
0.30000
-1.06100
-2.00200
-3.31900
-2.65700
-2.04700
-1.29200
-3.60000
-1.44600
-3.35500
2.12200
-1.83000
-1.16300
-3.31800
-1.24500
0.11000
-2.05000
-1.65300
0.14500
-0.56100
0.38500
-1.23600
-1.77400
-2.67400
-2.30000
0.50700
-1.45400
-1.90400
0.84600
-0.01500
-1.05300
-2.00500
-1.41500
-1.56800
-1.09300
-0.16000
-1.46200
-0.23800
-1.42400
-0.65700
-0.05800
0.30600
-0.08800
-0.74600
-1.02300
-0.32800
-0.43400
0.63000
-0.13300
0.44000
-0.00300
-0.84600
-1.21800
-1.21500
-0.65400
0.34100
1.01600
-1.39600
-1.19000
0.29100
-1.07500
-1.47000
0.19500
-0.07900
0.33400
-0.85100
-0.11600
0.04900
-1.75300
-0.51500
-3.67900
-3.31400
-2.59700
-2.66400
-4.99500
-2.86000
-2.41800
-2.92400
0.00600
-3.70200
-1.33300
-0.02300
-0.62600
-1.98200
-0.30100
-3.17100
-1.00100
-2.04200
-3.15200
-3.09700
-0.41700
-2.98900
-2.77500
-0.64600
-1.02200
-1.22400
-1.40300
-1.03000
-1.61800
-2.99200
1.48900
-0.89700
0.65300
-3.30100
-2.31000
-0.86600
-2.25400
-2.69500
-3.08100
-2.62700
0.28700
-2.12600
-0.31100
-2.85300
-3.17700
0.63854
-2.25000
-3.53600
-1.72300
1.03800
0.02300
-0.03200
0.23300
1.22400
0.16800
0.04800
1.72000
-0.17300
-0.18900
0.13300
-2.35100
-1.01900
-1.32900
-2.33500
-2.69300
-2.32700
-2.98200
-4.05400
-4.58200
-2.60400
-2.11800
-2.44000
-0.64700
-2.00100
-1.46700
-0.93000
-1.11700
0.94900
-2.49100
-3.35600
-2.90400
-4.11800
0.27000
-2.95900
-3.40000
-0.08800
-3.18000
-1.14700
-2.20400
-0.45500
-0.87800
1.40700
-0.92900
-0.60900
-0.21800
-0.33000
-2.05900
0.14300
-1.98900
-1.20900
0.53800
-0.10300
-0.09400
1.07400
-0.23700
-0.44500
1.23600
0.29900
0.13100
-0.56700
-0.93200
-1.51800
-2.17300
-2.92400
-0.38800
-3.23800
-2.65700
-2.82200
-0.18100
-1.55500
-0.82000
-1.27500
-2.95200
-1.68200
-2.30600
-0.62500
-2.62300
-1.66900
0.43542
-2.37600
-0.56800
-0.21700
-1.72000
-1.76500
-1.50100
0.58600
-1.02600
-1.94300
-1.42900
0.27600
-0.38800
1.52800
1.40800
-1.84300
1.16200
-2.73900
-1.17800
0.08400
-0.94800
0.40000
-1.57600
0.14100
-2.34500
-0.33500
-2.83600
-2.64700
-0.54400
0.45400
-2.77000
-0.22100
0.88069
-1.38300
0.56000
1.21800
0.03900
-0.19000
0.34506
-1.16000
-1.11300
0.59800
-1.97200
-2.16200
-1.64500
-3.17500
-2.66700
-1.77500
-3.93100
-4.34900
-3.35100
-0.30900
-2.00500
-2.52000
-3.48900
-0.37600
-2.57500
-4.48900
-2.20600
-5.73400
-4.72000
-2.15900
-0.77400
-1.32300
-2.24100
-1.46000
-2.94800
-0.04500
-2.44600
-2.82600
-4.69300
-2.02200
-0.12500
0.21400
-1.99300
-0.22500
-0.22700
-2.28800
2.00600
-2.19200
-1.53200
-0.76700
-0.32800
0.84800
-2.03000
-2.61300
-2.21000
-0.58000
-1.50300
-1.33800
-1.82800
1.02800
-3.68800
-0.83800
-2.66900
-2.03000
-2.34300
-2.37100
-2.50800
-2.88700
-3.29300
0.63000
-1.36600
-3.15800
-0.27900
-2.55300
-0.95800
-2.89700
-2.87400
-2.70800
-0.64300
-0.63300
-0.42400
-2.80800
-0.12100
-1.49200
-1.25900
-1.77500
-0.18900
-2.51200
0.21000
-0.71100
-2.62900
-0.24600
0.49400
-1.64600
-1.88900
-2.91500
-1.58600
-2.57700
-1.51400
-2.03500
-1.15500
-0.75100
-0.72700
-1.83300
-0.79900
0.90900
-0.99700
0.42000
-1.32600
-2.54200
-2.74100
-3.70000
-3.41900
-3.28800
-2.05300
-0.97300
-1.64400
-2.45900
-3.28100
-1.32800
-3.57400
-1.52500
-2.43200
-3.79000
-1.19000
-5.91400
-4.39200
-2.92900
-0.62700
2.20600
-3.58000
1.15800
-1.58500
-0.78600
-1.85200
-2.25700
1.16400
-1.15000
-1.61000
-0.17400
1.19000
1.50800
-0.80500
0.27700
1.24300
0.66400
-0.90100
-1.18300
0.97294
-0.59400
-0.01800
0.91700
-2.35300
-0.70400
-1.10000
-2.37200
-0.81100
-2.32100
-0.74400
-0.18100
-1.60800
-0.36500
-1.54200
-1.36700
-0.46700
-0.51100
-0.11600
-1.32600
0.43000
-2.38900
-1.35100
-2.25500
-1.42600
-1.38300
-1.74700
-0.36400
-0.09100
-1.07100
-0.64200
0.09400
-2.59800
-2.13200
-0.91700
-0.63400
-1.30100
-1.03000
-0.19800
-1.32700
-0.88200
-0.61800
-0.80100
-0.01300
-0.05100
2.41400
-0.79900
0.26000
-0.68300
-0.05700
-4.00200
-3.43400
-2.60400
-3.89000
-2.11100
-1.97100
-2.97900
-2.76600
-3.13000
-4.61600
0.00200
-1.70200
-1.37500
-2.59100
-1.98400
-1.62200
-1.32700
-0.16900
-1.99500
0.28100
-1.59600
-3.13600
-2.66400
-1.89700
0.17300
-1.75500
-0.81100
-3.32000
-3.11000
-3.03000
-0.92300
0.88000
-1.07900
-0.84700
-1.29400
-0.40800
-0.52400
-1.34900
-0.90900
-1.32400
-0.33400
1.54500
0.25600
2.78200
-1.11000
1.84500
-0.69500
1.02100
1.00200
-0.48800
0.95600
-0.48000
-0.02500
-1.56500
-1.21700
-1.71500
-0.82800
1.54100
-1.71900
-2.01100
-0.72500
-0.54000
-1.12200
1.01400
-0.10500
1.82100
-0.76100
-0.25900
-1.01600
-1.44800
-1.44200
-2.52700
-1.72800
1.16300
-2.06700
-0.74600
0.02900
-2.54700
-0.35300
-0.89900
-0.64300
-0.57200
-2.02700
-1.37100
0.31900
1.85700
1.40100
0.16400
-0.77000
-0.74300
-0.31500
0.93900
-0.98400
-0.53700
1.14300
0.06000
-0.96100
-0.50500
-0.69000
-2.06900
0.00800
1.16700
-0.02100
0.44400
0.36900
-0.13600
-0.25500
1.16900
0.01700
0.97100
0.20500
-0.33100
-0.16200
1.24800
-1.37800
-0.83900
1.21000
0.41400
0.21800
-1.11700
-1.00000
1.04800
-1.37200
-0.10100
-0.90700
0.59000
-0.59100
0.07800
-1.78600
-0.91100
-1.92800
-1.03800
0.55000
-1.30500
1.11800
-1.13800
-0.91200
-0.80500
-1.80800
-1.85100
0.53400
-2.99600
-0.60900
-1.51500
1.11387
-2.37000
0.56400
-0.95200
-1.82700
-1.70800
0.03500
-0.56300
-1.78800
-0.04400
-0.24500
1.09100
0.67873
-0.94400
-1.41400
-1.92800
0.38155
0.99600
1.32300
1.25500
1.45600
0.05100
0.62800
1.02200
0.16800
0.28900
-1.74400
-1.92200
-0.50700
-0.73700
-0.57800
-0.79600
-2.34600
-2.07800
-1.19900
-1.25400
0.26800
0.04900
-0.68600
-1.41300
-1.06700
-1.11400
-0.41100
-1.07400
0.69300
-1.31600
-0.98400
1.43200
-0.58000
0.04000
0.00600
0.06300
0.43900
-0.20900
-0.67300
0.13400
-1.28500
-1.29100
0.17400
0.27600
-1.65600
0.42400
-1.83400
-1.96500
-0.52000
-2.14900
-1.45300
-0.64100
-2.45300
-1.72400
0.96100
-2.02500
0.36847
-2.25800
0.44500
-2.06800
-3.19100
-4.67500
-3.51400
-1.22200
-3.26500
-3.41200
-3.14100
-0.66500
-2.84900
-3.54700
0.48200
-1.07000
-1.88500
-1.17100
-1.06700
-1.01400
-0.83300
-1.39800
0.29000
-0.38000
-1.06700
-1.47100
-1.43000
-2.74600
-0.16300
-0.28100
0.67600
-1.76400
-0.46000
-0.70800
-1.87300
-4.04900
-1.98200
-2.01500
-1.20000
-1.60500
-2.51900
-2.84500
-3.37600
-2.48100
-1.50400
-0.10800
0.51300
-1.94300
2.28100
-0.83200
-0.09400
-0.42300
1.80700
-0.36900
0.18800
-1.41400
-1.91800
-2.97600
-3.28200
-0.46200
-2.76300
-2.56600
-2.86100
-3.52800
-0.95000
1.45800
0.21300
0.09300
-0.18300
-0.65100
0.01600
-1.84000
-1.98400
-1.78600
-2.10000
-0.92100
-0.71000
-3.19900
-0.74700
-1.36900
1.11200
1.64100
-1.02100
-1.65800
0.05000
0.62900
-1.64100
-0.36400
-0.33800
-1.17100
0.68100
-0.39400
-0.29200
0.72200
-0.76500
-0.38600
0.14000
3.67400
0.29300
0.25800
-0.06500
0.36700
1.34900
0.65600
0.61200
-1.57700
-2.41600
-2.51400
-0.89100
-3.01500
-2.04900
-3.04900
-0.39800
-0.04600
-0.94500
-3.64700
-2.63300
0.33500
-3.62100
-2.71100
-2.08300
-3.22600
-0.62500
1.30300
0.41200
-0.20400
-1.54000
-1.47000
0.40400
-1.44300
-0.66400
-1.18800
-1.59300
-1.66300
-0.19500
-0.61600
-0.32300
0.03700
-1.09700
-1.00200
-1.31000
1.16100
0.43500
-2.75500
-0.83100
-1.85300
-3.44300
-2.69900
-3.18800
-3.10000
-3.24400
-0.33600
-0.50800
-1.30200
-1.68300
0.44000
-1.61300
-1.96700
-2.19200
-0.99800
-1.39700
-1.27000
-2.14900
-4.19800
0.03700
-1.61000
-2.86100
-2.47400
-3.23700
-2.56000
-2.24400
-3.98300
-1.65300
-0.57300
-1.95000
-2.43200
0.03300
-2.73600
-2.00000
-1.53600
-0.60200
-1.20800
-1.26200
-3.60100
-2.45000
-1.93200
-1.75700
-2.72200
-3.22500
-3.02200
-3.17400
-2.17400
-3.30100
-1.19300
0.21300
-0.03400
-0.68900
1.93200
-1.25500
-0.61800
-0.33000
-0.20200
0.43400
-0.81400
-0.95800
-0.84300
-1.51900
-1.40900
-1.74100
-0.45000
-2.35700
-0.67400
-0.43900
-1.55200
-1.50300
-0.71500
-0.39700
-1.34500
-0.28100
-0.14600
0.48100
-0.52200
-1.70200
-0.13000
-1.78300
-2.34900
-0.40500
-0.94500
-1.73000
-0.33200
1.08500
0.65600
-0.45900
-1.20900
-1.41700
-0.65800
0.10600
0.32300
-1.52000
-1.50000
-2.37500
-0.41300
-1.21200
-1.35600
-1.80600
-1.85100
-0.69400
-0.84800
-1.43400
1.58000
-0.07300
0.27700
-1.79200
-0.26700
-0.89100
-0.97000
-2.29000
-2.55400
-0.82800
-0.63200
-2.98200
-2.12800
-3.10200
-0.42900
-2.30600
-1.63800
-1.84800
-2.31500
-3.16400
-4.40300
-2.67400
0.16800
-1.74600
-2.60200
-1.98500
-1.94200
-1.04000
-0.91400
-0.34000
0.29400
-0.99200
-1.10200
-0.40700
-0.88300
-1.33800
-2.09400
-1.72600
-0.96100
0.22300
-1.66100
-2.69200
1.21200
-1.93300
-2.45000
0.73300
-1.04600
-1.30100
-1.13400
1.63900
0.40500
-1.02400
-1.41700
2.66800
0.17400
-0.06000
-4.18600
-2.22500
-3.14100
-2.20200
-1.69600
-1.03000
-0.07700
-3.02400
-1.70500
-3.31200
0.17000
-0.63300
-0.76800
0.91100
0.77800
-0.93000
-0.67500
0.47000
-0.16100
1.23600
0.25100
-0.26400
-1.62900
-0.18300
-0.85500
-0.62300
-0.77500
-0.13500
0.78600
-0.48900
0.12700
0.87200
-0.42500
-0.58800
1.37900
0.89300
0.25000
-1.23000
-0.23000
0.06600
-3.44800
-0.09900
-0.63000
-2.95600
-2.89300
-0.91800
0.07800
-2.36800
-4.04300
-2.92900
-0.35800
-0.56700
-2.85300
-3.86800
-2.36600
-0.83300
-3.97800
-2.83400
-1.09000
-0.89300
-1.79300
-4.41100
-2.76200
-4.15100
0.29500
-2.72800
-2.73300
-4.33700
-0.77200
-2.40100
-1.79700
-1.10000
-1.89700
-0.41700
-0.66100
-1.98300
-0.71000
-1.11300
-2.52200
0.53000
0.55700
-0.79000
-0.64100
1.08000
-0.01400
0.06200
-0.46600
-0.14100
-0.39900
-0.76800
-2.94700
-3.19300
-0.96900
-2.95900
-2.75800
-3.36300
-3.57600
-2.22600
0.01600
-2.24100
-1.90300
-2.70700
-2.97100
-4.08300
-1.30600
-3.06600
-2.58400
-4.55100
-3.62700
-2.95600
-1.90000
-2.34800
-1.02300
-2.92600
-2.83100
-2.79500
-3.06100
-2.00700
-0.64100
-3.00400
0.88300
-1.16000
-0.05200
1.32700
0.88900
-0.07600
-0.10900
-0.59900
0.15300
-1.07100
-0.14500
-0.34900
0.45800
-0.83900
0.29500
0.59900
-0.01400
-0.04800
-1.76200
-0.79700
-0.30000
0.21000
0.11200
-0.16500
1.23500
-0.46000
-0.17300
0.23300
-0.50100
0.21300
-0.82900
-1.71200
-0.41600
-0.72500
-2.03500
0.22500
-1.67700
-0.65100
-1.57200
-0.50200
-1.67500
-2.72600
-2.37200
-2.26100
-3.40000
-3.25800
-3.01100
-2.40200
-1.43200
-0.62200
-1.17800
-2.24100
-2.45400
-3.58700
-3.61700
-3.13100
-0.54500
-0.88900
-0.42700
-1.24400
-0.39400
-0.67500
0.32500
-2.13900
-3.48700
-0.74800
-2.00300
-0.50900
-2.73800
-0.53700
-1.60100
-2.10400
-2.56300
-0.40700
-0.88400
-2.49200
-0.79400
-3.21300
-2.91200
-2.03700
-0.34500
-0.27800
-0.65100
-0.41300
-1.13700
-1.05600
0.25500
-1.40900
-0.88400
-1.72500
-2.47800
0.37200
-0.01600
-1.82700
-0.18900
-1.05400
-2.32100
-2.63900
-1.02400
2.09700
-1.82600
-3.59200
-2.32900
-0.47500
-0.50400
-2.97800
-1.12500
-1.99600
-0.02400
-0.18100
-2.39500
-3.20000
-2.15000
-3.97700
-3.14400
-2.52200
-3.98500
-4.69400
-0.07700
-3.45000
-2.86400
0.12500
0.64600
-1.52100
0.98717
-1.31700
-1.77000
-1.04900
-0.92200
-0.34200
0.29500
-1.76100
-1.76100
-1.73300
-2.29200
0.69759
-1.71500
-2.14400
-3.03200
-1.28900
0.30700
-1.80100
-0.90800
-2.59300
-2.97900
-2.55100
-0.71400
-3.82200
-4.31600
-2.22200
-1.55100
1.34700
-0.71900
-0.73700
-1.43900
0.54700
-1.32400
-0.75000
-1.49200
-0.39800
-1.04000
0.40900
-1.40800
-0.67900
-1.23600
-1.68300
-1.03000
-0.26300
0.46800
-0.85500
0.50200
1.00000
0.99600
-1.76100
-1.04800
-1.06900
-2.20800
-0.85600
-0.14800
-0.89200
-1.90800
-1.96700
0.41700
-1.28200
0.49600
-0.16400
-2.65900
-1.11600
-2.31500
-3.64200
-1.69300
-1.46700
-0.76000
-1.69800
-1.70300
-2.12400
0.96800
0.32900
-1.96700
-2.09900
-1.46300
-2.72200
-4.00700
0.79706
-0.76400
-2.09600
-0.51600
-2.45100
-2.54300
-1.76500
1.23800
-3.19600
-1.94600
-2.81400
0.08500
-3.58500
-3.61300
-3.18100
-2.54200
-3.20500
-2.06100
0.19400
-3.06000
-2.59400
-3.09800
0.70481
-0.34700
0.07800
-2.30100
0.58100
