0.94323
0.91082
0.92600
0.90085
0.89965
0.95166
0.55887
0.95719
0.87807
0.94220
0.95742
0.97541
0.96568
0.96650
0.87083
0.96529
0.95442
0.81978
0.94684
0.95857
0.95630
0.96156
0.98898
0.95298
0.98504
0.95467
0.99505
0.99221
0.99714
0.94361
0.98491
0.99750
0.97673
0.99510
0.99679
0.99248
0.99107
0.97714
0.98998
0.99590
0.99405
0.99227
0.99877
0.99386
0.99765
0.99793
0.99843
0.99827
0.99687
0.99873
0.99498
0.99706
0.99374
0.98694
0.98739
0.99704
0.99370
0.99804
0.99032
0.99546
0.99112
0.99334
0.97931
0.99783
0.98656
0.98383
0.99763
0.99740
0.99175
0.98778
0.99411
0.99793
0.94746
0.96964
0.96303
0.97137
0.92745
0.94113
0.87800
0.96538
0.95902
0.93193
0.98668
0.98181
0.98997
0.97919
0.98804
0.98284
0.96085
0.99085
0.99191
0.96764
0.99354
0.97949
0.97927
0.96844
0.95109
0.99390
0.99051
0.99658
0.99169
0.99716
0.99834
0.99765
0.98223
0.99857
0.99796
0.96171
0.78393
0.67015
0.83046
0.79570
0.91331
0.47575
0.89497
0.86159
0.90958
0.99044
0.99369
0.94956
0.95215
0.81154
0.93622
0.81125
0.90004
0.92009
0.95232
0.93832
0.92351
0.99554
0.99535
0.99453
0.98636
0.99712
0.99100
0.99379
0.99406
0.99361
0.97512
0.98637
0.98130
0.98375
0.98385
0.98877
0.98783
0.78853
0.98512
0.98270
0.99033
0.90506
0.83432
0.96065
0.95973
0.94335
0.93514
0.92277
0.99345
0.99376
0.99531
0.97904
0.96079
0.99344
0.99746
0.93650
0.97667
0.99497
0.99730
0.98827
0.88896
0.63214
0.75750
0.77666
0.89133
0.93166
0.96296
0.55179
0.91984
0.86667
0.97676
0.99112
0.99271
0.98583
0.98885
0.99126
0.99265
0.98921
0.98869
0.98894
0.96873
0.95515
0.96584
0.93712
0.90330
0.82769
0.95330
0.95847
0.94713
0.96157
0.91321
0.96710
0.98477
0.99009
0.98412
0.98149
0.98617
0.98696
0.98399
0.96631
0.95958
0.96219
0.99567
0.98219
0.99391
0.98530
0.99509
0.97839
0.98276
0.97679
0.96726
0.99824
0.99272
0.99856
0.99843
0.99057
0.99686
0.99782
0.99337
0.97966
0.94272
0.93039
0.93302
0.85749
0.81464
0.88071
0.88123
0.96613
0.76554
0.89809
0.95635
0.88628
0.96014
0.96843
0.95910
0.96735
0.96972
0.97040
0.56396
0.96890
0.47941
0.85206
0.57325
0.57134
0.47748
0.78367
0.70197
0.25591
0.66163
0.79673
0.97413
0.97480
0.97296
0.97306
0.98024
0.98337
0.97093
0.98050
0.98019
0.96500
0.98880
0.98855
0.97642
0.98550
0.98626
0.99302
0.97742
0.99063
0.98793
0.98531
0.96227
0.97256
0.97843
0.97777
0.97466
0.97860
0.97347
0.98314
0.98124
0.96624
0.99621
0.97241
0.98150
0.99186
0.97886
0.99587
0.98771
0.96946
0.99695
0.98902
0.94436
0.99066
0.99320
0.99606
0.99523
0.99229
0.97035
0.94501
0.99111
0.99640
0.97794
0.94202
0.98917
0.97178
0.96088
0.96810
0.97056
0.96994
0.98425
0.97841
0.95789
0.89872
0.96329
0.91643
0.92739
0.70631
0.96205
0.91468
0.85031
0.95948
0.98966
0.98884
0.99095
0.98697
0.98746
0.98510
0.97976
0.97894
0.98666
0.98651
0.97106
0.95181
0.97521
0.96446
0.97384
0.95981
0.98394
0.98138
0.97138
0.95766
0.99408
0.98726
0.98369
0.99404
0.98300
0.99791
0.98705
0.97771
0.99042
0.99707
0.91849
0.87397
0.30920
0.91443
0.93897
0.92020
0.94881
0.88581
0.88001
0.91452
0.99675
0.98518
0.99510
0.98881
0.99859
0.99435
0.99889
0.99105
0.99742
0.99587
0.93774
0.89271
0.80492
0.92540
0.91032
0.93208
0.55672
0.82497
0.83914
0.80916
0.98981
0.99808
0.99159
0.99878
0.98959
0.99670
0.98357
0.99791
0.99164
0.99838
0.95635
0.94903
0.90221
0.86558
0.41977
0.43071
0.83705
0.92415
0.51008
0.91458
0.95737
0.93271
0.82706
0.97471
0.92398
0.94453
0.97346
0.95250
0.95527
0.82061
0.96896
0.99340
0.97961
0.99654
0.99120
0.99809
0.98187
0.99164
0.98677
0.99142
0.99711
0.98545
0.98147
0.97982
0.99262
0.99084
0.99873
0.99824
0.97653
0.97575
0.96813
0.98923
0.95806
0.99241
0.97608
0.95586
0.96878
0.99334
0.99003
0.98780
0.84219
0.95837
0.95544
0.87936
0.95305
0.91491
0.92105
0.95644
0.94550
0.82867
0.75199
0.98232
0.98267
0.98494
0.97825
0.98114
0.98451
0.97610
0.97843
0.94989
0.98855
0.98933
0.97988
0.98964
0.97985
0.94605
0.98849
0.97902
0.98685
0.96384
0.70451
0.69044
0.86851
0.62196
0.59004
0.66603
0.70277
0.46668
0.78325
0.81026
0.57455
0.43615
0.92946
0.77067
0.88447
0.55601
0.79041
0.68099
0.75703
0.96823
0.98633
0.98439
0.99087
0.99260
0.95647
0.98255
0.98068
0.97156
0.97610
0.79669
0.72628
0.97246
0.97655
0.90314
0.96461
0.94822
0.96789
0.92475
0.95874
0.94091
0.96379
0.94338
0.67152
0.95239
0.87986
0.94437
0.92882
0.96692
0.58924
0.60138
0.82550
0.81319
0.78631
0.89907
0.61676
0.81534
0.59673
0.74267
0.88540
0.81173
0.89654
0.89818
0.70854
0.81894
0.60324
0.74707
0.47001
0.46983
0.96208
0.96824
0.98726
0.98734
0.98779
0.98637
0.98631
0.99206
0.94512
0.98543
0.98857
0.99187
0.98228
0.95363
0.99377
0.98962
0.95518
0.98484
0.98646
0.98547
0.99824
0.96962
0.96905
0.97710
0.99599
0.97523
0.99805
0.99699
0.98819
0.99504
0.99325
0.98805
0.92149
0.90710
0.87164
0.94941
0.92436
0.92564
0.95421
0.97880
0.98156
0.94410
0.96605
0.93383
0.97966
0.96450
0.87338
0.94891
0.97062
0.96141
0.95033
0.92394
0.91081
0.44395
0.90852
0.76250
0.88261
0.84438
0.89948
0.82923
0.88425
0.94180
0.93862
0.98016
0.89871
0.97011
0.93760
0.94329
0.67473
0.94852
0.92207
0.59106
0.76640
0.95562
0.86263
0.94164
0.89070
0.49125
0.91095
0.81874
0.24848
0.78108
0.74860
0.87276
0.80821
0.41649
0.92183
0.88227
0.94493
0.92431
0.98583
0.98457
0.99141
0.98692
0.99140
0.98815
0.99156
0.98522
0.98751
0.98019
0.46077
0.98733
0.97349
0.98986
0.98207
0.98972
0.99175
0.98753
0.98257
0.98782
0.99776
0.99510
0.99675
0.99723
0.99728
0.99599
0.98035
0.96412
0.99913
0.99436
0.99669
0.97194
0.98750
0.99854
0.99045
0.99404
0.99876
0.99281
0.99339
0.99333
0.98912
0.98092
0.98048
0.97666
0.98863
0.91189
0.97954
0.98845
0.99099
0.97898
0.98571
0.99319
0.99340
0.99378
0.99410
0.98681
0.99016
0.97916
0.98657
0.99141
0.71642
0.61998
0.88336
0.69248
0.77059
0.37835
0.89589
0.86048
0.58235
0.62260
0.93823
0.99208
0.98686
0.97805
0.97402
0.98338
0.84931
0.99372
0.99257
0.99463
0.99214
0.98348
0.98944
0.98417
0.98533
0.99045
0.97890
0.98622
0.98771
0.97547
0.95227
0.98275
0.98257
0.98619
0.98367
0.97798
0.98831
0.99098
0.98635
0.98983
0.98780
0.94463
0.95646
0.95503
0.96649
0.94521
0.95262
0.94709
0.98055
0.95782
0.99317
0.96457
0.93312
0.97485
0.99450
0.99067
0.92660
0.98334
0.98951
0.99550
0.98130
0.97870
0.97953
0.98615
0.98821
0.98435
0.98647
0.97827
0.97916
0.99191
0.97741
0.98697
0.97534
0.95876
0.97082
0.98316
0.97242
0.95542
0.98161
0.96987
0.92968
0.92656
0.96821
0.98082
0.96999
0.96050
0.98755
0.96922
0.95097
0.96736
0.24702
0.96491
0.97616
0.88567
0.94129
0.94947
0.91199
0.93964
0.96696
0.97503
0.82328
0.76179
0.76722
0.77037
0.41031
0.73086
0.69961
0.77079
0.67628
0.55300
0.99364
0.98643
0.97195
0.98965
0.99274
0.98624
0.99098
0.99111
0.98897
0.99333
0.98009
0.99047
0.98878
0.99343
0.98920
0.98037
0.98750
0.98331
0.98777
0.97809
0.97443
0.97767
0.97755
0.97393
0.98389
0.98268
0.98798
0.97732
0.98914
0.97405
0.98029
0.98472
0.93789
0.97243
0.98923
0.96679
0.98359
0.99058
0.92193
0.98244
0.97781
0.98519
0.98417
0.98232
0.79946
0.93275
0.93356
0.95415
0.97759
0.98343
0.96324
0.95939
0.97828
0.98572
0.97457
0.98233
0.98679
0.97467
0.97280
0.98001
0.96962
0.97899
0.98344
0.97346
0.99205
0.97363
0.98319
0.98413
0.98224
0.98009
0.99317
0.99229
0.98689
0.99050
0.93463
0.95864
0.97911
0.99321
0.98263
0.99162
0.96357
0.97879
0.97652
0.95873
0.91975
0.95255
0.87688
0.92167
0.96048
0.95511
0.99568
0.99054
0.97576
0.99692
0.98692
0.99005
0.99244
0.97736
0.95200
0.98647
0.80312
0.99379
0.96294
0.96744
0.99311
0.91765
0.93018
0.95758
0.99448
0.99120
0.97260
0.83467
0.93976
0.92638
0.88530
0.96692
0.91657
0.89638
0.94643
0.93231
0.99727
0.99841
0.98608
0.98028
0.97533
0.99309
0.97054
0.98456
0.99652
0.99383
0.96726
0.99172
0.99149
0.99020
0.98759
0.98507
0.99167
0.98959
0.98905
0.99287
0.99361
0.98914
0.99393
0.93046
0.98383
0.99370
0.98652
0.99220
0.99416
0.99165
0.93406
0.93886
0.89364
0.88618
0.94459
0.87180
0.93147
0.95359
0.92283
0.94556
0.88871
0.88931
0.95391
0.51275
0.89577
0.88936
0.96508
0.96640
0.95927
0.95681
0.87559
0.97573
0.93211
0.87529
0.78097
0.95344
0.88639
0.93250
0.96326
0.97369
0.86920
0.98030
0.93923
0.67845
0.95701
0.95449
0.97691
0.60260
0.98098
0.99781
0.99579
0.97825
0.99801
0.99435
0.98821
0.99002
0.99073
0.98668
0.93722
0.96309
0.98032
0.53159
0.72792
0.77755
0.84617
0.93917
0.57362
0.78860
0.98162
0.97191
0.95087
0.98885
0.98705
0.98122
0.97623
0.96996
0.99096
0.98111
0.97801
0.99255
0.99093
0.99340
0.98957
0.99296
0.98979
0.99363
0.99219
0.90284
0.97361
0.97688
0.98632
0.84262
0.97864
0.99441
0.98260
0.98873
0.98346
0.99076
0.99010
0.97119
0.92686
0.96029
0.95327
0.71248
0.97804
0.93969
0.95967
0.98029
0.97283
0.95735
0.97513
0.96373
0.96637
0.97736
0.94716
0.70740
0.94817
0.97207
0.95656
0.94049
0.90974
0.93920
0.88727
0.81937
0.75632
0.71563
0.89885
0.60249
0.89498
0.46355
0.92264
0.98715
0.98326
0.99039
0.97267
0.98136
0.98542
0.98848
0.97814
0.98441
0.98774
0.93785
0.39316
0.47968
0.87547
0.90276
0.74552
0.80850
0.87718
0.92680
0.88098
0.98955
0.98442
0.98575
0.98824
0.94122
0.96612
0.94982
0.99174
0.97762
0.98532
0.97997
0.98996
0.99775
0.99332
0.99174
0.99429
0.99843
0.99755
0.97212
0.99002
0.93068
0.96948
0.95718
0.91325
0.88661
0.92070
0.68347
0.83694
0.89416
0.90139
0.93922
0.97584
0.94000
0.96007
0.74722
0.95978
0.94306
0.89859
0.94908
0.95743
0.96766
0.96189
0.96691
0.97371
0.95931
0.96441
0.12709
0.96856
0.95673
0.96365
0.99429
0.99391
0.98991
0.99349
0.99203
0.99217
0.99487
0.98482
0.99437
0.99472
0.96323
0.96428
0.97432
0.97284
0.96709
0.98492
0.98923
0.98183
0.99087
0.98586
0.99255
0.96829
0.98812
0.98412
0.98612
0.99134
0.99037
0.98433
0.99309
0.98709
0.97412
0.93669
0.99081
0.89284
0.96247
0.97924
0.98760
0.95020
0.98484
0.97569
0.99337
0.99376
0.99350
0.98939
0.98490
0.99439
0.99458
0.99415
0.99308
0.99495
0.92872
0.68004
0.90681
0.93415
0.90053
0.96109
0.91503
0.85236
0.90445
0.90957
0.97177
0.87457
0.91221
0.90889
0.91889
0.97008
0.94939
0.95125
0.96355
0.94969
0.95947
0.92783
0.77892
0.89898
0.87128
0.94404
0.87862
0.93295
0.94029
0.91996
0.97659
0.95766
0.98056
0.97733
0.92920
0.95487
0.97538
0.93708
0.96669
0.93557
0.80425
0.76903
0.70483
0.52005
0.89835
0.79024
0.80496
0.77105
0.44310
0.82848
0.97160
0.96694
0.97591
0.97487
0.97779
0.95628
0.95725
0.98249
0.90557
0.97595
0.94510
0.98163
0.95981
0.96689
0.94849
0.98545
0.98268
0.96253
0.97824
0.97745
0.99617
0.98322
0.96396
0.98641
0.97941
0.97084
0.96662
0.89769
0.80236
0.98315
0.97967
0.96276
0.98554
0.80302
0.95281
0.95045
0.92844
0.96311
0.93815
0.90562
0.96287
0.98883
0.55493
0.96600
0.97449
0.98101
0.93564
0.98503
0.99003
0.98387
0.98797
0.98957
0.99188
0.99096
0.98749
0.98897
0.98840
0.98044
0.66862
0.11438
0.88150
0.77032
0.66166
0.76153
0.61779
0.76664
0.81609
0.73268
0.98041
0.98323
0.98561
0.97710
0.98564
0.98103
0.98075
0.99300
0.99437
0.98915
0.98476
0.89874
0.93688
0.96101
0.92637
0.94972
0.95901
0.94881
0.94043
0.96410
0.91689
0.97386
0.97760
0.95145
0.97079
0.95557
0.96443
0.94938
0.97250
0.94952
0.98156
0.75761
0.97739
0.97922
0.98421
0.92022
0.93697
0.97230
0.96800
0.95892
0.96921
0.96570
0.95004
0.95103
0.94293
0.62678
0.83036
0.80972
0.94593
0.88351
0.74692
0.89814
0.98903
0.96122
0.98941
0.99391
0.98965
0.98959
0.97518
0.99209
0.97172
0.78362
0.98609
0.94395
0.82511
0.97663
0.94207
0.97288
0.98790
0.99520
0.99579
0.99231
0.96780
0.98423
0.98349
0.99251
0.99236
0.99505
0.98749
0.99073
0.95735
0.99129
0.97093
0.85193
0.92623
0.95840
0.73380
0.95212
0.93228
0.96514
0.92577
0.95827
0.97766
0.96244
0.94927
0.86395
0.96039
0.76136
0.95541
0.91629
0.95675
0.93135
0.98709
0.98503
0.99380
0.99833
0.98510
0.97674
0.97130
0.99811
0.98752
0.98242
0.96664
0.95680
0.97233
0.97657
0.95720
0.68611
0.96427
0.96824
0.97032
0.94514
0.86623
0.45001
0.62067
0.70718
0.81782
0.91445
0.70743
0.92859
0.91542
0.74875
0.81978
0.94854
0.55117
0.94380
0.98080
0.95617
0.97747
0.97957
0.93453
0.91010
0.88506
0.90152
0.87086
0.82454
0.93218
0.95893
0.77228
0.72048
0.86234
0.85297
0.90707
0.91787
0.71612
0.90596
0.89832
0.95491
0.82516
0.95574
0.96257
0.96500
0.95822
0.98084
0.99696
0.99388
0.84456
0.97812
0.97837
0.97307
0.97405
0.99604
0.82725
0.96269
0.92535
0.93988
0.92198
0.93675
0.96001
0.95432
0.96756
0.94367
0.94031
0.97098
0.96325
0.94975
0.97228
0.95265
0.37828
0.97517
0.95974
0.94112
0.48446
0.04321
0.29770
0.35430
0.20227
0.04438
0.05481
0.77975
0.34784
0.36099
0.25522
0.90187
0.11708
0.87200
0.27300
0.96050
0.85747
0.11180
0.85989
0.09979
0.07199
0.04273
0.03662
0.79294
0.90020
0.70872
0.23811
0.05910
0.11169
0.15130
0.67473
0.77201
0.17978
0.14992
0.83239
0.06599
0.09785
0.02587
0.02945
0.54832
0.63093
0.89339
0.77322
0.52691
0.18002
0.08626
0.81944
0.43902
0.03198
0.17656
0.08516
0.60725
0.03818
0.05538
0.54039
0.08565
0.54250
0.08883
0.75848
0.42178
0.58643
0.20335
0.94659
0.64153
0.27520
0.04689
0.29733
0.05672
0.19179
0.38758
0.12821
0.05878
0.86946
0.88692
0.94473
0.59579
0.77518
0.96535
0.30696
0.79990
0.11087
0.84909
0.11024
0.12964
0.63666
0.71378
0.14084
0.57937
0.09983
0.15659
0.85960
0.14957
0.74105
0.76829
0.47999
0.15426
0.11042
0.07497
0.86575
0.20880
0.27385
0.14629
0.21865
0.17446
0.15186
0.07499
0.46272
0.92668
0.06399
0.03206
0.38865
0.23747
0.08038
0.45776
0.20366
0.19221
0.13004
0.84096
0.12411
0.50077
0.45852
0.27522
0.90148
0.26436
0.23867
0.21025
0.34662
0.16919
0.16165
0.21411
0.35603
0.03420
0.09519
0.16080
0.34244
0.32004
0.22722
0.19518
0.67662
0.31365
0.61120
0.84868
0.03867
0.94459
0.77049
0.71994
0.62193
0.21326
0.31949
0.95281
0.33795
0.69803
0.69100
0.11294
0.35840
0.11649
0.50999
0.24367
0.31262
0.06472
0.72423
0.19147
0.21879
0.23800
0.04879
0.21097
0.12552
0.05268
0.66071
0.58374
0.59229
0.11696
0.10020
0.14681
0.53665
0.12457
0.19774
0.22648
0.21767
0.09201
0.20203
0.13505
0.46675
0.73150
0.12669
0.07931
0.72600
0.06991
0.97562
0.84149
0.83948
0.18486
0.48827
0.09928
0.19484
0.34274
0.25215
0.90888
0.05844
0.03299
0.06535
0.32489
0.08406
0.20496
0.10716
0.29658
0.42318
0.71948
0.06622
0.03088
0.22750
0.10761
0.86377
0.21184
0.63195
0.07938
0.90012
0.05073
0.15119
0.31936
0.64393
0.11967
0.02773
0.21745
0.11569
0.10437
0.10615
0.08140
0.62333
0.17441
0.46064
0.25865
0.58546
0.94109
0.27570
0.35951
0.05227
0.94394
0.29933
0.68923
0.66732
0.36529
0.19207
0.90925
0.94810
0.95265
0.08221
0.97587
0.16432
0.24195
0.44666
0.07751
0.13552
0.60608
0.28704
0.17169
0.03926
0.17075
0.15664
0.68551
0.44565
0.34063
0.18017
0.56532
0.29945
0.08765
0.19303
0.48841
0.21498
0.12449
0.10036
0.49183
0.56712
0.20707
0.62983
0.29749
0.22109
0.45985
0.04182
0.16617
0.10922
0.19805
0.15162
0.02721
0.26334
0.02996
0.11614
0.08459
0.24759
0.35671
0.78104
0.21951
0.49969
0.14343
0.38912
0.40913
0.16224
0.42819
0.55119
0.10723
0.08809
0.37827
0.67817
0.11790
0.05645
0.02859
0.15480
0.05708
0.97379
0.34052
0.91992
0.13627
0.29641
0.48822
0.18476
0.92407
0.04422
0.03248
0.65414
0.23867
0.27769
0.08247
0.49056
0.51602
0.09347
0.10146
0.07507
0.75746
0.22013
0.07885
0.12451
0.69990
0.18461
0.16213
0.53388
0.25013
0.10572
0.08269
0.55538
0.28882
0.03708
0.60321
0.05368
0.17230
0.15378
0.11573
0.28236
0.06208
0.11507
0.05597
0.82727
0.05645
0.46612
0.87775
0.78546
0.86495
0.11304
0.06569
0.18249
0.21543
0.32800
0.04460
0.05321
0.93574
0.52249
0.15825
0.25240
0.18438
0.23626
0.93624
0.25944
0.70859
0.72957
0.18697
0.05621
0.07826
0.08413
0.02758
0.83263
0.65257
0.69379
0.48132
0.53068
0.42544
0.49866
0.44708
0.07574
0.69819
0.20321
0.10721
0.05780
0.27736
0.04565
0.23448
0.24815
0.14259
0.11033
0.84862
0.04065
0.08186
0.04090
0.39094
0.15885
0.49579
0.65686
0.31343
0.63201
0.29203
0.14733
0.60670
0.07896
0.17695
0.61881
0.88132
0.07325
0.60893
0.62943
0.37679
0.14653
0.04595
0.25074
0.12996
0.93675
0.06613
0.04519
0.02450
0.14116
0.04494
0.07824
0.94105
0.14271
0.09429
0.13203
0.18545
0.33748
0.80276
0.30869
0.11691
0.12576
0.10927
0.20146
0.94033
0.09638
0.18788
0.12672
0.29948
0.07583
0.74823
0.15293
0.23428
0.59233
0.27764
0.54557
0.26615
0.20810
0.46224
0.30542
0.16019
0.13363
0.12608
0.13193
0.59467
0.13264
0.15408
0.21032
0.09406
0.03861
0.06477
0.09594
0.72240
0.09637
0.03585
0.56128
0.39112
0.12846
0.27797
0.06923
0.15827
0.22872
0.83208
0.03809
0.22163
0.84085
0.12089
0.90670
0.04225
0.12497
0.09801
0.28622
0.89309
0.06570
0.14719
0.11855
0.66594
0.08591
0.36649
0.08591
0.26012
0.09857
0.21981
0.30728
0.56968
0.34553
0.09347
0.14711
0.05437
0.07709
0.10867
0.04917
0.04463
0.04905
0.19146
0.86631
0.12101
0.15893
0.23277
0.67530
0.94783
0.91303
0.23417
0.09722
0.09164
0.11276
0.10197
0.90231
0.42205
0.76846
0.11415
0.11978
0.93902
0.46121
0.13782
0.04345
0.27499
0.54253
0.05935
0.14302
0.26596
0.78086
0.44518
0.08281
0.49866
0.32650
0.30859
0.10021
0.24417
0.22216
0.08861
0.13693
0.10279
0.13974
0.75276
0.09025
0.59265
0.53172
0.18702
0.36385
0.60083
0.11589
0.64467
0.29020
0.24459
0.72252
0.10693
0.38054
0.18094
0.40547
0.88885
0.15949
0.98138
0.28498
0.93045
0.92390
0.12909
0.98239
0.84315
0.38362
0.24561
0.80758
0.97463
0.30463
0.90151
0.96217
0.64866
0.20062
0.14154
0.97716
0.16843
0.25187
0.94091
0.22058
0.97101
0.24018
0.40981
0.16643
0.21676
0.73383
0.81987
0.93679
0.17959
0.94818
0.52210
0.91116
0.17474
0.90673
0.69949
0.19203
0.92169
0.23640
0.43500
0.07053
0.06098
0.89499
0.72738
0.09142
0.38254
0.14506
0.82750
0.30996
0.68943
0.10606
0.03233
0.05470
0.31443
0.30542
0.27691
0.11371
0.85811
0.26211
0.15715
0.40667
0.53377
0.22192
0.06330
0.03841
0.03045
0.31692
0.05295
0.25814
0.03632
0.45694
0.76523
0.33556
0.07198
0.14688
0.09218
0.18396
0.35750
0.91109
0.14389
0.48083
0.64109
0.17164
0.96859
0.76600
0.90363
0.25005
0.31345
0.27095
0.40716
0.87838
0.51400
0.36228
0.54974
0.72066
0.25601
0.03595
0.08266
0.27114
0.13792
0.11895
0.31318
0.21015
0.14080
0.25806
0.18890
0.14287
0.79694
0.16827
0.22097
0.19981
0.83806
0.13756
0.37153
0.87608
0.14185
0.14264
0.03723
0.29616
0.30601
0.45409
0.03818
0.42453
0.02984
0.42033
0.21224
0.05343
0.12335
0.03980
0.04331
0.13513
0.62003
0.03193
0.43492
0.15303
0.05040
0.17290
0.17486
0.23296
0.70319
0.34602
0.07943
0.55604
0.57083
0.50132
0.84321
0.83504
0.22427
0.11054
0.20788
0.72293
0.54525
0.42658
0.39942
0.40757
0.29490
0.73462
0.65355
0.12150
0.33514
0.61811
0.37385
0.47072
0.13679
0.50806
0.22761
0.63447
0.41612
0.21073
0.37139
0.18728
0.19866
0.51929
0.18536
0.79458
0.42819
0.78476
0.29993
0.63427
0.90396
0.04800
0.19228
0.47464
0.18305
0.07238
0.07917
0.36263
0.30673
0.10635
0.71215
0.21546
0.81326
0.25235
0.65297
0.02887
0.52113
0.06628
0.43265
0.26346
0.55252
0.11848
0.51533
0.25530
0.05025
0.22266
0.16025
0.76398
0.57588
0.31420
0.04229
0.81413
0.73855
0.94776
0.03849
0.34681
0.03733
0.69886
0.08936
0.81447
0.04014
0.05826
0.95144
0.90491
0.04216
0.41640
0.09150
0.78645
0.56970
0.77544
0.34151
0.25000
0.17422
0.23724
0.48939
0.55849
0.38259
0.10925
0.07915
0.12886
0.35257
0.27474
0.17175
0.27792
0.13217
0.14610
0.27112
0.20874
0.88576
0.09702
0.03535
0.20824
0.07120
0.64177
0.11990
0.53608
0.18372
0.19994
0.38932
0.25521
0.68623
0.18138
0.03241
0.95535
0.21155
0.15585
0.11597
0.22627
0.33985
0.13770
0.25752
0.17289
0.58257
0.31665
0.04005
0.07487
0.12527
0.74866
0.20576
0.25207
0.55911
0.37134
0.04777
0.71072
0.14490
0.24867
0.20418
0.14846
0.08486
0.02728
0.07356
0.05370
0.15268
0.29344
0.70249
0.32829
0.05837
0.17889
0.06238
0.86477
0.21841
0.45286
0.21913
0.78357
0.19201
0.74673
0.14809
0.88401
0.04837
0.58091
0.86252
0.18914
0.04224
0.31621
0.10208
0.35771
0.06523
0.03059
0.03097
0.32579
0.69279
0.18943
0.06156
0.17770
0.05829
0.04362
0.25373
0.15654
0.14251
0.16697
0.10247
0.91765
0.06962
0.07381
0.07006
0.53831
0.51017
0.05025
0.58373
0.59134
0.04219
0.07354
0.15108
0.26088
0.06567
0.14775
0.24613
0.07411
0.76794
0.17036
0.53719
0.55971
0.08232
0.07404
0.04426
0.04861
0.04791
0.19270
0.89143
0.09412
0.04743
0.73142
0.67155
0.89370
0.97311
0.53854
0.11995
0.21971
0.13716
0.06537
0.55336
0.38106
0.03222
0.76211
0.14261
0.03767
0.75190
0.27204
0.10721
0.14875
0.57647
0.35911
0.91804
0.07307
0.31376
0.93054
0.10565
0.05807
0.25757
0.70700
0.34753
0.80756
0.43637
0.23605
0.83900
0.81169
0.96117
0.22861
0.52135
0.23956
0.05447
0.17730
0.17034
0.35262
0.23557
0.89710
0.93920
0.29942
0.04845
0.11639
0.41443
0.41748
0.85755
0.32572
0.60877
0.08220
0.04787
0.66955
0.31975
0.08009
0.08779
0.08548
0.89346
0.05803
0.22102
0.87703
0.56030
0.81154
0.16355
0.06055
0.20156
0.05719
0.04579
0.26958
0.52609
0.60979
0.21144
0.73545
0.38310
0.04170
0.80940
0.46804
0.09193
0.15481
0.16447
0.09735
0.06457
0.50842
0.33894
0.10854
0.29759
0.04656
0.05844
0.50313
0.06483
0.14343
0.59373
0.25882
0.05419
0.06352
0.04386
0.04055
0.90734
0.15120
0.02236
0.39403
0.12731
0.09953
0.39231
0.06214
0.13866
0.03952
0.09843
0.29826
0.22166
0.27516
0.07023
0.10405
0.37896
0.70198
0.34469
0.10065
0.22217
0.24717
0.06387
0.15636
0.58289
0.63126
0.90839
0.33976
0.82715
0.32162
0.09174
0.35658
0.84078
0.09543
0.08954
0.87369
0.01692
0.26806
0.06394
0.09589
0.04663
0.05654
0.35412
0.16012
0.07317
0.04350
0.83826
0.04371
0.77652
0.35663
0.17077
0.83411
0.85239
0.27546
0.49266
0.41049
0.84929
0.13704
0.58767
0.12769
0.10704
0.15334
0.10399
0.05047
0.08356
0.25694
0.20168
0.03620
0.13461
0.18025
0.60885
0.05007
0.04690
0.07673
0.05733
0.53442
0.04501
0.03207
0.28502
0.05619
0.09595
0.23028
0.39455
0.19905
0.18551
0.71739
0.13039
0.09938
0.04837
0.19013
0.04955
0.10470
0.16916
0.09310
0.10600
0.15921
0.27572
0.27925
0.19832
0.37675
0.23263
0.30787
0.51382
0.12501
0.19164
0.09877
0.47569
0.67092
0.53668
0.88154
0.40282
0.47119
0.49242
0.95616
0.13039
0.95838
0.06280
0.17742
0.05866
0.72075
0.11946
0.09638
0.14261
0.75513
0.21179
0.34637
0.26967
0.15750
0.18474
0.50963
0.71094
0.12163
0.49008
0.10661
0.42961
0.07074
0.49482
0.07924
0.06773
0.45926
0.83589
0.27124
0.11801
0.12591
0.14902
0.79810
0.33146
0.23716
0.12815
0.12394
0.08042
0.28048
0.06457
0.03934
0.29486
0.07731
0.84851
0.92594
0.17567
0.10259
0.05587
0.93104
0.16405
0.10682
0.03478
0.28064
0.24700
0.69444
0.72262
0.35136
0.24521
0.09550
0.91660
0.04440
0.19913
0.57883
0.90343
0.18108
0.04346
0.09690
0.17039
0.90390
0.08962
0.07688
0.03381
0.95415
0.03837
0.06385
0.05471
0.14482
0.14401
0.06104
0.15957
0.28964
0.86493
0.03879
0.83591
0.06413
0.67376
0.92409
0.06699
0.17794
0.21691
0.13681
0.35477
0.12506
0.86544
0.60378
0.89216
0.60447
0.41721
0.70276
0.74489
0.53463
0.56332
0.75761
0.08420
0.06363
0.72520
0.25505
0.37050
0.33147
0.54846
0.10895
0.57031
0.14010
0.06693
0.43315
0.07548
0.04878
0.79641
0.38871
0.07136
0.09881
0.19769
0.03360
0.04013
0.22175
0.19861
0.07533
0.13502
0.30824
0.07990
0.35579
0.06352
0.43075
0.39154
0.39262
0.07323
0.18706
0.07110
0.81336
0.14463
0.20305
0.09126
0.57536
0.19131
0.88559
0.45544
0.29653
0.54380
0.98619
0.12221
0.94781
0.11874
0.27375
0.08435
0.19188
0.66286
0.20004
0.72010
0.20700
0.14850
0.13397
0.55681
0.17915
0.83118
0.89691
0.58391
0.61970
0.63060
0.76128
0.81050
0.68395
0.22952
0.13728
0.09904
0.01945
0.04125
0.07945
0.03811
0.03431
0.40647
0.70298
0.06148
0.39168
0.57891
0.37714
0.40305
0.07652
0.17085
0.11718
0.89850
0.81208
0.08520
0.17006
0.79351
0.43834
0.79635
0.13826
0.05330
0.82100
0.36614
0.60654
0.19458
0.13106
0.09389
0.04588
0.05042
0.42097
0.05481
0.50243
0.51758
0.54792
0.02175
0.72393
0.87243
0.24810
0.06742
0.16146
0.49704
0.86162
0.67440
0.16303
0.82411
0.28857
0.09394
0.20894
0.17265
0.02895
0.17668
0.05702
0.11313
0.76349
0.14837
0.52252
0.86312
0.11840
0.36266
0.63929
0.56251
0.19302
0.35664
0.14507
0.90788
0.82174
0.26117
0.05944
0.06079
0.17675
0.22306
0.41541
0.35687
0.07154
0.40145
0.12290
0.15620
0.61120
0.70072
0.51344
0.52657
0.12497
0.13371
0.11285
0.65138
0.31124
0.90558
0.54938
0.30825
0.48583
0.09734
0.58382
0.09344
0.07741
0.13533
0.17127
0.23498
0.05317
0.60721
0.30698
0.10627
0.14810
0.37404
0.65577
0.13893
0.15572
0.65966
0.13757
0.58316
0.36884
0.63860
0.09302
0.82067
0.11152
0.33813
0.06774
0.62487
0.08158
0.18006
0.39465
0.75342
0.88864
0.35315
0.54622
0.95221
0.43969
0.70951
0.90887
0.35313
0.29705
0.59532
0.08352
0.58184
0.19158
0.77122
0.95915
0.02019
0.07240
0.19123
0.06901
0.65130
0.91246
0.05187
0.21588
0.37640
0.04121
0.23165
0.76460
0.30636
0.14772
0.04704
0.18053
0.20172
0.90196
0.08978
0.18764
0.05899
0.06435
0.16716
0.86179
0.16768
0.06496
0.94925
0.16114
0.03396
0.91930
0.16250
0.07163
0.67328
0.10262
0.86760
0.08118
0.32945
0.35312
0.05721
0.03686
0.12097
0.91557
0.15347
0.30346
0.11249
0.80372
0.21992
0.94266
0.12406
0.92343
