2.31300
1.49000
-0.78400
2.38900
2.51800
1.06100
0.96700
2.89900
2.83000
0.77700
2.78000
2.76800
2.38900
3.24400
3.08700
3.14400
2.53900
0.68300
1.49800
5.59700
3.21000
1.99500
3.23300
3.60600
4.35600
5.40800
3.02000
4.72700
5.98600
3.61300
3.90000
7.18300
2.54200
3.73800
5.21800
3.34900
3.77900
1.69600
1.67700
3.95900
0.58300
3.01900
5.59000
3.28800
3.42900
4.74800
4.36900
4.67100
2.69700
4.83500
3.72000
4.57700
3.93900
3.72000
3.38400
5.46000
2.84900
4.74000
3.78000
5.21900
6.16600
4.89900
4.98100
4.06900
3.61000
1.96700
5.31400
4.37900
4.37200
1.50000
2.54400
4.08900
1.28900
2.73300
1.04300
3.82300
2.25300
2.48100
2.82000
2.68900
3.53500
2.26600
2.89100
2.22600
3.07500
1.76200
3.04600
2.83800
2.87300
1.33500
0.91500
1.88700
4.21500
3.21200
1.01000
3.28600
3.04300
3.79100
5.22200
3.95800
3.50300
3.71000
5.80200
5.09000
6.36900
4.34000
4.02600
0.79800
2.67800
0.42600
0.99500
3.90800
2.91400
3.02000
3.16700
1.64000
4.38700
1.53800
3.49200
3.08200
3.23300
0.90000
2.06500
2.58500
4.22100
3.88900
2.53800
3.84300
4.64200
5.10900
3.13600
3.60800
2.97500
1.92400
3.31000
2.40300
2.93700
3.05300
2.25200
2.12700
2.25000
2.89700
2.13800
1.55400
2.39300
1.40600
1.58100
3.79200
1.10900
3.02700
0.31600
1.33700
1.60600
3.30600
2.12200
2.85300
4.25300
4.08500
3.33100
3.14800
3.62500
4.18500
3.17500
1.93300
2.65400
4.70700
4.12700
3.85600
2.02400
1.47300
1.81200
0.98500
3.13700
1.99900
2.14100
1.19500
2.67700
-0.22500
1.53200
2.65200
2.84200
0.87600
0.57600
1.23700
0.97100
3.41900
2.02300
3.12000
5.34200
2.90500
3.30800
4.09700
4.03600
2.46300
4.01300
3.93200
4.66000
3.67400
2.14800
2.59200
3.51300
2.76800
2.19000
2.86600
2.06900
3.11600
1.96200
2.51900
1.48100
2.73800
3.04100
0.85100
5.52800
2.45500
1.65500
3.35100
1.67000
1.74300
3.85200
4.92600
4.93900
5.62900
7.15300
6.87800
5.36900
6.31700
5.29400
3.52900
3.32000
1.54500
2.53500
2.22100
2.71600
1.75100
1.47900
2.98000
0.86600
3.00300
2.85700
4.03600
2.44600
4.06100
3.72200
4.65700
3.18200
3.67500
2.44500
3.08300
0.92300
0.24200
0.98200
1.44000
1.50300
4.26200
2.86500
0.51900
0.84100
3.17700
0.97800
1.63000
1.87300
1.08600
1.87300
2.05300
3.39900
0.58700
1.58500
1.80800
1.36100
1.54800
3.84000
1.06800
3.18800
4.41300
2.31200
1.07900
1.72500
2.89100
2.74900
2.56800
2.46500
3.11000
4.45400
4.40700
4.05200
2.58800
3.43900
4.02000
3.50200
1.66600
3.37600
3.89200
1.54800
0.90700
3.93800
2.08500
1.09200
0.84400
3.02900
4.70200
2.30900
1.82600
2.61000
5.47700
1.83900
1.17000
2.50400
2.79600
2.16700
3.82400
5.38600
2.23300
3.27100
2.48200
2.24900
2.71600
3.05500
2.15600
0.56200
3.99500
3.20400
2.13700
2.61500
1.72200
2.71100
3.25200
2.64100
2.66700
2.08500
0.57800
2.88600
2.85600
3.54200
2.23600
1.36200
3.25300
2.62900
2.20500
4.04400
1.03200
4.69800
3.09200
3.96100
3.22900
0.32900
2.44500
1.91700
1.49900
3.32400
4.64500
4.70200
4.07500
3.89000
5.25300
4.85900
3.36600
4.70700
5.08700
1.71800
2.48200
-1.16500
2.61300
3.37500
2.26900
2.30500
3.98200
4.52300
6.67400
4.91900
3.50400
7.35200
5.34700
5.16400
4.72500
7.00500
3.79500
6.81500
5.06800
2.68000
0.72200
1.99800
1.58300
3.70800
1.50100
-0.56500
2.12100
2.00500
2.31500
3.63500
4.26100
4.41800
6.52100
2.53000
5.73200
3.70100
5.29100
5.05900
6.44300
3.47800
3.35700
0.28600
1.18700
0.34600
2.49100
0.97900
2.82700
2.61000
3.73500
4.53300
3.45700
4.41200
2.47600
3.88400
4.20300
2.61300
4.73700
2.04900
1.59600
3.04700
3.51500
3.46700
4.44000
4.14000
6.88900
2.62600
4.63600
4.76500
2.92100
3.71400
3.32500
3.45800
3.82200
3.89100
2.98500
4.65800
4.44200
4.47400
4.01600
1.72000
0.70100
3.25700
3.04900
1.33200
2.00300
0.87000
2.88200
1.76100
2.66700
3.17000
3.69900
3.49500
2.47000
3.59100
3.10500
3.11400
3.71500
3.79500
2.44800
2.17100
4.00700
2.89400
3.77100
3.17400
1.68300
2.56400
3.20300
3.32200
2.51100
3.17300
3.07600
3.47300
3.20200
1.91400
2.01400
2.23100
3.15400
4.06400
6.54400
2.64200
1.59300
4.79900
4.31700
3.87000
3.44600
3.96900
2.95300
6.34900
3.28800
3.80700
2.11600
4.86000
4.25300
4.64500
1.67800
3.21400
3.70400
4.68300
3.17200
4.22900
3.47400
3.26700
4.19500
3.74200
4.57000
3.38900
4.28200
5.06600
0.77400
-0.04800
1.78700
3.93000
1.99900
3.18000
2.74600
3.36400
1.13500
3.27300
3.58900
2.13800
4.02400
0.78700
2.41100
1.74100
2.39800
2.59900
1.82900
2.49600
5.23900
4.46400
5.04900
5.94500
6.18600
3.46000
3.94400
3.64600
4.64800
0.74200
-0.37300
-0.31300
2.67600
3.23800
0.85500
1.93000
2.64700
1.15500
0.49300
3.00100
3.60200
2.81900
2.68300
3.93700
3.56700
2.48000
2.65100
2.57600
2.63300
5.49700
4.13600
4.74900
3.71300
3.88300
4.34400
1.70700
4.01400
1.82200
3.28000
3.38700
3.24100
4.32800
2.69700
6.70600
4.30700
3.27000
3.44500
1.47600
2.89700
4.25500
1.79900
0.95900
3.11600
1.43400
2.23700
1.70300
1.46500
1.93600
0.98100
3.25600
2.80400
5.30800
3.66200
2.14200
0.94800
2.51200
1.58100
2.47000
1.75000
3.05600
2.55600
-0.30000
0.40100
2.28600
0.57300
0.95100
1.23500
1.99500
1.53100
2.21900
0.68900
2.78900
2.43400
0.89700
3.10300
2.39900
2.92700
0.84900
4.17600
2.34400
0.41300
2.62500
1.84200
0.71000
0.65900
1.95600
1.17300
3.52900
1.48000
1.75900
3.24900
1.79500
3.06700
3.49700
-0.56300
0.59700
0.50300
1.28900
1.24400
4.83100
3.55200
4.24700
3.66700
3.46400
2.71600
5.13000
4.03000
3.63600
3.99100
1.14300
3.75500
0.87800
0.63100
1.81800
0.78200
3.38700
1.06500
1.35500
1.31000
4.41900
5.29900
5.96400
4.93600
4.62800
1.29100
3.88300
1.48600
5.26900
4.25400
6.20500
3.98800
4.25600
5.35800
5.80700
5.21000
4.47500
4.16100
4.43800
5.01000
4.07100
3.71700
5.62500
1.95200
5.84000
5.34600
5.84400
3.91100
4.23100
5.20400
2.64000
2.43500
1.96400
3.20300
3.01400
0.87200
2.61300
3.20900
2.85700
2.33500
0.87100
0.04600
2.09400
0.70500
1.81900
-0.58800
0.95000
2.07400
0.63000
1.80700
3.53200
5.82400
2.93100
1.97400
2.85700
3.37600
0.91900
5.50800
1.62100
2.80000
2.27300
1.52700
1.29300
2.45200
2.41300
2.41800
2.15100
3.19400
2.57200
1.34300
0.65700
3.24600
2.63600
2.57600
1.36300
2.58300
3.59100
3.11600
3.74400
2.22200
3.24300
3.33100
1.91200
1.49400
1.93300
0.27700
2.03700
1.30400
2.10200
1.15800
3.80200
5.06700
3.01200
2.87000
4.97700
3.54300
1.09400
3.39100
2.95100
5.60300
0.40400
1.20900
-0.38500
0.90600
0.58800
2.18100
3.11800
2.19800
0.78400
3.33600
0.77900
1.52300
0.81700
0.24000
2.34900
2.03400
2.44000
0.94000
1.24300
0.70600
2.34900
2.71100
1.90000
2.20500
2.09500
3.87000
3.32100
3.35400
2.99900
3.28300
0.01200
2.90400
0.63000
1.87800
1.79200
3.36700
1.93800
3.41700
3.17400
2.83300
1.63000
3.64000
2.32200
2.37800
1.39700
1.86500
0.92200
0.92100
2.15600
0.97400
1.78100
2.47500
3.37700
3.54700
1.69800
1.81300
2.84600
3.03100
1.88300
0.25600
1.89900
3.61100
2.96600
2.23300
3.39600
2.53000
1.55000
1.66600
2.80200
0.66600
1.63500
3.91500
4.23600
1.82300
1.92800
3.78700
0.77800
1.39200
2.83900
1.44600
7.22400
7.39000
3.97400
4.19200
5.25700
0.04300
4.39500
3.58700
2.46000
5.59500
0.79200
3.73500
2.35800
3.97700
2.17000
0.52900
2.36500
3.54000
4.78400
-0.17400
3.06800
5.13700
3.19700
3.74300
3.65900
3.34000
3.92100
2.74900
4.55700
4.20700
1.33200
2.12200
0.71900
0.57600
1.16000
1.67100
0.22200
2.57600
0.48100
2.27300
1.92700
2.08100
0.73600
1.69000
3.09100
1.81900
2.07600
2.82600
2.38000
2.48100
3.72400
4.04900
0.91400
3.22200
1.38300
2.24000
3.40300
2.44200
1.43900
1.73100
6.17100
4.25300
5.16800
5.12700
4.14700
6.87000
3.31400
4.16600
2.55600
6.66600
4.22600
3.00700
2.05400
1.21300
1.95200
1.60300
0.03700
3.08000
3.28800
2.36300
3.32500
0.76900
2.12700
1.94800
1.69700
1.75500
3.72100
2.13600
2.69100
0.78300
4.70800
4.24100
3.09700
3.29100
1.93100
2.06300
2.87700
3.31400
0.82100
3.29600
2.67400
4.07900
3.66600
0.73500
2.12400
1.39000
4.15800
5.15500
4.35300
2.78600
2.72800
4.45800
4.96800
3.19500
2.08400
2.22000
2.30400
3.91000
3.54100
3.06700
1.31100
3.51600
2.77300
2.94600
2.25500
3.06200
3.65700
2.59300
4.76700
2.71500
1.06400
3.19600
2.23700
1.03900
1.09900
3.96400
2.94100
3.37100
2.61700
3.65300
-0.40500
3.23900
1.08300
1.12800
1.90200
2.36700
4.31200
0.42900
2.74200
1.67000
1.55300
1.51200
3.71000
3.07900
2.08100
0.92300
2.66600
0.29000
5.51600
3.30300
3.69300
4.77600
4.58100
4.42200
3.95200
4.16200
4.32000
1.68200
0.31100
-0.05500
0.80900
0.65000
0.96500
-0.30700
0.32100
1.18900
-0.01500
-0.08000
3.21000
2.67700
2.18600
1.65100
2.98200
2.23900
3.54800
3.22000
1.17900
0.45600
2.95200
3.04200
3.35700
2.55000
2.52400
3.79100
3.00200
3.75600
2.91300
0.21000
1.82500
4.62700
5.80900
2.19300
5.45000
2.65300
3.23300
3.66900
5.64100
4.96500
3.94300
2.55200
1.20000
1.68900
1.49100
1.57700
1.40400
3.49900
1.80200
3.26100
1.28900
1.12100
3.47200
1.51700
3.12400
3.91100
0.83600
0.76200
1.90400
0.87800
2.51600
2.95900
2.98700
0.73200
2.11900
1.91400
0.40100
0.93100
1.10600
1.08000
1.47100
2.09400
1.79800
1.60800
2.11100
2.70500
0.57400
0.66900
2.65800
3.54600
1.29500
1.18000
0.59200
3.78000
2.08100
2.35400
4.36500
4.11900
0.63100
3.00600
3.26500
4.24300
4.35200
1.28600
1.93800
1.39300
2.56200
2.05400
1.96200
1.27100
1.51400
1.57400
3.30700
2.98000
3.77500
4.05400
3.09400
3.09600
3.18200
4.70900
4.62500
3.30300
2.55400
3.38800
4.09200
2.85800
2.68000
2.26500
2.61600
4.49900
1.57600
2.69100
1.65500
1.73800
1.31000
1.08800
2.27300
0.79300
2.06900
1.75900
1.13600
3.32100
3.09700
0.92900
0.45700
3.16900
2.40200
1.21900
3.82900
1.08200
2.37000
2.92100
1.22000
2.48400
4.10500
1.10800
4.72300
4.20000
2.89400
2.64800
1.83200
3.09900
3.64500
4.00100
2.70300
2.10500
3.78700
2.57500
4.42200
4.35100
5.51700
4.35300
4.05300
2.65900
1.22100
0.92100
1.14800
3.90300
2.78300
2.88100
1.89200
2.56100
2.59000
2.26500
2.34400
4.03300
2.91900
3.00700
2.77200
3.78300
4.11700
3.41300
4.45300
3.15100
3.57100
4.18800
2.83200
3.36900
1.32200
2.55200
2.83900
1.79000
3.46700
3.57900
0.69000
0.89700
2.85400
1.68300
1.87700
3.40500
2.98800
3.19400
3.53500
4.97900
1.67500
2.05100
2.13900
2.02700
3.08300
2.59300
3.97200
1.69600
2.43800
4.90300
0.60500
0.28400
2.98600
1.55200
2.82400
2.04700
2.53800
2.20600
3.63600
2.91300
1.67900
1.61000
0.84600
2.72300
1.78900
2.59500
2.88000
1.20500
1.71200
2.50800
-0.38600
-0.77600
1.42900
1.05200
0.97200
1.14100
1.15100
1.50700
2.21200
3.63700
3.83200
2.12700
3.52300
0.90900
1.40400
3.17100
2.33200
1.83100
0.62600
2.98100
1.77300
2.11500
2.49100
2.09000
2.40700
2.34100
3.19900
2.67600
3.53800
3.42800
3.44900
2.54400
2.90300
3.67800
1.22000
2.27300
2.68300
1.38900
4.07000
2.46200
2.17700
3.65400
0.24700
1.07500
2.09400
2.58800
2.15900
2.83100
0.39300
0.59800
1.97800
1.72600
5.01100
4.03800
2.64600
4.29600
2.34600
1.54700
3.02500
1.47000
2.46600
2.27600
3.26900
1.79600
3.41700
3.57200
4.00500
0.59900
-0.56400
0.82100
2.19000
2.41000
0.28300
1.26300
1.72700
1.90600
0.34400
0.96100
1.28100
1.88500
3.17900
2.66700
2.90300
3.11800
2.71300
1.78600
0.92000
2.73700
2.65100
1.85800
1.36100
3.34400
1.36000
1.96400
3.03500
2.05700
2.02200
1.23300
5.06900
1.94900
1.12200
3.28900
1.66200
2.04900
1.70600
1.86800
1.92800
3.06000
1.34100
1.36000
-0.03000
3.23000
1.34400
1.40700
2.25500
2.11600
1.57700
2.98200
2.38800
0.50400
0.63900
0.65300
0.02200
1.56000
0.04900
0.84600
2.20300
0.53800
0.88200
1.55500
3.32300
4.02300
5.52900
3.23500
4.22100
0.21800
2.09000
1.95400
3.90100
1.60400
1.22400
1.56600
0.79300
0.33400
2.87700
4.68800
3.82200
2.78700
6.22700
4.48500
4.24100
2.53500
3.89900
3.05800
3.39400
4.45800
4.39400
2.25700
2.02200
5.34500
3.72200
4.48600
3.74100
1.73500
4.71200
3.61100
2.19900
3.23500
5.04000
4.51600
4.10100
2.55400
2.46500
3.87700
2.98800
2.57400
3.02800
3.96700
3.96600
4.49900
5.52800
3.53200
3.12800
3.98200
3.49400
4.82500
3.10600
4.79900
3.67100
3.52800
0.93400
3.12100
1.17200
1.08700
-0.61300
1.32800
1.96600
2.70600
0.66100
1.32900
0.22400
-0.05600
1.68400
1.49600
1.54900
0.66300
2.80500
2.75800
1.72400
4.02400
2.98000
0.79700
1.55900
0.36000
3.79900
3.54600
3.01500
2.88100
3.66900
1.97200
2.11600
2.00700
0.49400
3.72200
0.91500
0.32200
2.03500
1.50300
1.23400
0.77500
1.16900
3.03900
1.47200
2.95200
3.94600
2.37900
4.22100
3.29900
4.08400
4.21400
0.81100
6.15200
2.05400
0.83700
2.17900
4.24700
1.64700
2.05600
1.09700
1.47000
2.72700
2.20700
2.02100
1.68400
3.48800
0.71300
1.98700
1.78200
0.89300
4.28500
3.63900
1.67600
2.28200
5.08000
1.59300
0.42800
2.74800
4.25800
3.37900
-3.17300
-3.01700
-6.80300
-4.27000
-5.15600
-4.91000
-2.95200
-2.75800
-3.40800
-4.70700
-2.29100
-2.53100
-3.79200
-2.76400
-2.88300
-0.75000
-0.77900
-3.00500
-3.92100
-2.19700
-2.93600
-3.46700
-3.13000
-0.63200
-2.31100
0.08700
-2.75600
-3.45400
-2.49200
-4.66700
-2.07800
-2.04900
-0.71000
-4.46600
-2.88700
-4.18300
-3.25500
-3.87300
-5.87400
-5.03800
-6.25900
-2.54500
-1.04400
-2.34500
-3.69500
-3.22600
-2.76400
-2.69200
-4.70500
-4.42900
-5.87000
-2.66500
-4.31900
-2.50000
-2.83200
-4.46800
-3.67800
-3.46800
-3.77700
-1.82600
-1.22000
-2.92600
-0.25400
-2.02000
-3.59800
-4.99100
-3.22700
-2.85600
-3.78200
-2.80800
-2.38200
-4.28700
-1.87200
-2.49800
-3.63600
-2.69800
-2.99400
-1.46900
-2.56500
-1.96700
-2.20600
-3.40300
-2.19200
-3.14000
-0.98300
-2.15400
-2.05600
-1.87900
-0.95300
-4.80100
-3.86000
-1.95500
-1.38600
-4.01800
-2.46600
0.00800
0.78600
-4.95600
-1.98100
-4.52700
-2.47200
-4.87500
-4.85700
-3.49400
-4.78200
-3.64800
-4.15000
-2.16900
-4.07400
-4.60800
-2.55000
-2.51900
-3.53700
0.83200
-4.21600
-5.10700
-3.08400
-3.42200
-4.78200
-0.82000
-2.01200
-1.26000
-0.59300
-3.56500
-3.87100
-3.37800
-2.53400
-3.91700
-1.71400
-2.43700
-1.81900
-3.12600
-3.49500
-4.80400
-2.21200
-3.91500
-4.20800
-4.53300
-1.63300
-3.83700
-3.21800
-3.68600
-4.26500
-4.82300
-3.52200
-2.86400
-3.46600
-3.37100
-5.39400
-0.31400
-1.14000
-3.34400
-4.07400
-4.41100
-3.91600
-4.60700
-1.69100
-3.27300
-3.96500
-3.65500
-2.61100
-4.18800
-4.64800
-4.08100
-4.56100
-2.45300
-2.08900
-3.85900
-1.71400
0.66000
-1.75400
-2.93900
-2.23000
-2.32900
-1.76500
-1.91300
-2.48100
-4.10400
-1.87600
-5.42400
-4.14900
-5.77300
-4.82600
-4.52000
-6.43000
-4.41000
-4.17300
-4.49000
1.59400
-3.48200
-2.81600
-3.13500
-1.92600
-0.66400
-4.76700
-3.42100
-2.43700
-1.01400
-3.30800
-3.56400
-3.75000
-2.47700
-2.31400
-3.83700
-3.55500
-4.87700
-2.64300
-1.10700
-3.93000
-3.77300
-4.27200
-5.28500
-2.08000
-2.70900
-3.29500
-4.74000
-3.57800
-5.45100
-2.04500
-1.90800
-2.75000
-2.36600
-2.09000
-1.65500
-2.81300
-2.53900
-2.96500
-0.20600
-0.40500
-2.95400
-2.49300
-3.05900
-2.86000
-1.98200
-4.29700
-3.63600
-3.15900
-1.30600
-2.91200
-0.98800
-2.60900
-3.70400
-2.68200
-1.05900
-2.59900
-0.92500
-3.21700
-0.97900
-1.74000
-2.65200
-1.94700
-1.33900
-1.27400
-0.42300
0.75700
0.21300
-2.38600
-0.54200
-2.61500
-2.02800
-5.88000
-3.15900
-2.55900
-2.65800
0.27800
-4.59300
-2.61600
-1.75500
-1.71100
-2.73900
-2.34500
-2.74300
-1.56400
-2.96300
-1.90000
-2.77700
-3.00200
-2.49300
-4.09700
-4.79000
-4.91700
-3.99200
-3.91000
-3.60500
-2.96800
-4.63900
-0.38100
-3.92800
-2.77100
-1.63200
-1.56600
-2.67000
-1.56500
-5.13900
-1.32000
-2.53100
-5.70400
-4.58000
-1.62100
-2.70400
-2.35900
-2.44400
-3.41800
-3.41300
-5.18100
-3.62400
-4.83000
-5.36200
-1.24700
-0.59200
-0.19500
-4.71700
-2.50900
-2.47900
-4.14400
-2.73400
-4.98800
-3.76400
-4.03200
-3.71700
-2.65800
-4.00000
-3.23800
-1.88300
-4.98300
-3.76200
-3.22400
-2.69300
-3.36600
-3.49500
-4.84200
-1.89400
-4.19200
-3.76500
-2.17700
-4.39100
-5.28300
-5.57800
-2.55400
-2.68100
-1.75300
-1.41400
-1.39000
-0.99300
-5.44900
-2.74500
-3.95500
-2.91600
-4.71200
-4.09000
-2.60700
-5.47300
-3.32800
-1.35700
-1.39600
0.45300
-3.83600
-5.38300
-2.95500
-4.28100
1.00000
-5.52700
-3.68900
-2.10300
-2.75100
-2.60600
-3.10400
-2.15900
-1.83500
-0.37300
-1.78500
-2.48400
-0.57200
-4.38700
-2.01700
-3.50000
-1.71300
-3.83700
0.28600
-2.26400
-1.54700
-2.63000
-1.93400
-2.72500
-1.56500
-2.09800
-2.89600
-0.86000
-3.74800
-4.31400
-5.24000
-4.74900
-3.92300
-4.98400
-5.31000
-4.14700
-1.98100
-1.52900
-2.78800
-3.11300
-5.26800
-3.56100
-5.53300
-2.46900
-2.66600
-3.39600
-1.81000
-1.76900
-1.80100
-0.90600
-1.36200
-2.27900
-2.38300
-0.83100
-3.55600
-1.98000
-2.98000
0.37300
-3.41500
-1.81000
-2.19000
-3.12900
0.03900
-3.27500
-4.00000
-2.63300
-3.01400
-4.57900
-3.61200
-1.82100
-4.08000
-4.12400
-4.30300
-4.88600
-2.81100
-1.92600
-5.67300
-2.14500
0.69700
-5.34800
-0.80500
-0.72600
-1.99400
-2.49800
-1.82100
-4.95200
-5.10900
-1.77400
-3.88800
-2.54000
-2.69900
-3.85700
-5.71100
-5.36000
-4.43800
-4.53200
-4.58300
-2.89600
-3.62100
-2.82800
-4.02700
-2.58400
-3.68600
-4.29900
-2.73500
-3.78500
-3.71800
-3.29400
-4.17300
-2.84300
-3.13500
-3.46800
-3.55500
-1.94100
-3.62700
-4.03100
-3.27300
-3.17600
-3.01900
-2.64600
-3.33800
-2.18100
-1.82400
-5.14600
-0.59400
-4.46100
-3.54500
-3.43500
-2.21000
-1.20600
-2.75200
-3.51100
-2.51200
-2.17000
-4.22500
-3.29100
-3.46100
-1.09200
-3.80100
-4.64700
-3.65200
-2.06000
-3.04600
-2.37100
-3.22600
-3.64000
-3.27100
-2.95000
-4.33500
-6.20800
-3.04400
-3.52400
-2.49700
-4.69500
-2.86800
-4.08700
-0.37600
-1.41800
-2.64700
-3.13700
-2.44100
-2.56200
-3.15600
-3.47600
-1.71400
-4.44300
-2.11700
-3.56100
-3.51200
-1.20500
0.35400
-4.24900
-3.49200
-4.62300
-3.04600
-4.78300
-4.47800
-4.20800
-5.08000
-2.39700
-3.54500
-3.66300
-0.01100
-2.19400
-1.23600
-1.02100
-4.76900
-2.02600
-3.45100
-3.81300
-1.81800
-1.25400
-3.00700
-4.46700
-2.93100
-3.50600
-3.28400
-1.63900
-3.02200
-2.85700
-3.52500
-4.17200
-2.20000
-2.92600
-4.78100
-2.72500
-3.21400
-2.92200
-5.39100
-0.43700
-4.20500
-2.16300
-3.83200
-6.00600
-0.79700
-3.48600
-2.72900
-3.93700
-1.45300
-1.11200
-4.54000
-1.87000
-0.82200
-2.12300
-5.18600
-4.38800
0.31000
-1.79100
-2.71200
0.49700
-4.44800
-2.17300
-3.42400
-2.93800
-2.48100
-4.73200
-0.80900
-1.79700
-3.89100
-1.32000
-0.79000
-1.32400
-2.07600
-2.96400
-1.57700
-2.15200
-2.90900
-4.06200
-1.73900
-3.85000
-3.42800
-1.32900
-2.59300
-2.25800
-1.79400
-0.58900
-1.51700
-0.98500
-1.45600
-2.10100
-2.99100
-2.78700
-3.07500
-0.81000
0.00400
-2.72600
-2.86700
-2.00700
-3.51100
-2.81400
-3.53100
0.25900
-3.07200
-3.25000
-2.80600
-3.05600
-2.44500
-2.94700
-3.29800
-5.00400
-3.97100
-1.30100
-4.08800
-3.40300
-5.31900
-3.38600
-3.28200
-2.92200
-3.45200
-4.02500
-3.62400
-5.04900
-2.63000
-3.09200
-4.71100
-4.36000
-4.80200
-2.73700
-2.82700
-2.68100
-1.30500
-4.39200
-1.93200
-4.71200
-3.05800
-3.68700
-1.71500
-1.65000
-1.77700
-2.74800
-1.46200
-1.16800
-2.43000
-1.95900
-2.04000
-2.59800
-2.73600
-1.31100
-1.50100
-2.12400
-2.19900
0.76600
-3.15600
-1.87500
-0.81600
-1.44400
-3.21200
-3.09900
-3.91500
-3.93200
-3.01500
-4.56400
-3.28700
-2.12000
-3.63300
-4.92400
-2.65100
-3.32000
-1.95100
-2.51200
-1.97300
-1.84600
-3.35400
-2.49200
-3.53500
-1.97200
-2.18900
-3.63800
-3.86300
-2.27600
-3.51800
-3.49800
-3.60800
-3.15600
-3.00500
-1.64700
-0.24600
-2.90700
-4.44200
-4.05400
-2.03800
-0.24400
-0.99700
-1.03000
-3.25400
-3.20000
-3.50900
-1.01000
-2.24200
-1.53200
-1.02300
-2.71200
-1.34600
-3.12200
-1.96500
-2.18700
-1.20200
0.25300
-0.48500
0.09100
-1.34000
-0.99000
0.62500
-0.96500
-2.76100
-1.00800
-1.63200
-1.66300
-3.86200
-1.03700
-3.52400
-3.75100
-1.58100
-3.79600
-3.81100
-2.46700
-1.73000
-1.55500
-3.78500
-2.91300
-3.75700
-3.39400
-3.18500
-0.00600
-5.49500
-1.91200
-4.02400
-3.20400
-0.29600
-2.84300
-0.95100
-2.13600
-2.08300
-2.85200
-3.32900
-4.23200
0.32800
-4.23500
-2.11700
-4.74600
-0.77100
-3.81100
0.35900
-2.16900
-4.30100
-2.85900
-4.01000
-3.22400
-3.67000
-1.92700
-5.04700
-0.39800
0.07400
-3.48400
-3.97800
-4.15800
-1.54600
-0.12700
-0.81900
-2.23600
-0.69800
-1.75600
-1.86500
-1.95900
-2.57700
-1.20500
-4.23000
-4.01400
-1.49700
-2.21200
-2.51200
-2.80600
-2.48700
-4.17800
-4.07200
-4.90300
-2.59500
-0.50900
-4.48400
-3.86400
-2.05900
-3.25500
-0.92600
-3.93900
-1.64400
-3.43800
-3.02100
-0.52500
-0.36700
-2.47800
-2.82400
-1.29400
-0.89000
-2.92800
-3.38100
-2.92800
-2.36600
-1.79100
-2.63300
-2.38200
-3.83100
-1.66300
-4.73100
-4.73100
-2.08500
-4.36300
-4.16200
-2.21200
-4.95500
-3.47400
-2.38700
-4.11900
-2.02800
-3.33400
-2.85100
-4.29400
-4.32200
-4.25300
-3.58000
-4.57100
-3.53600
-3.41200
-3.14500
-1.72700
-4.43500
-4.11800
-0.65200
-2.17400
-2.73700
-3.88700
-2.71500
-1.42600
-3.27300
-4.81300
-3.48900
-2.16300
-4.56500
-3.30900
-4.84900
-3.62700
-0.33400
-1.79000
-2.65300
-3.58700
-2.00300
-3.19000
-2.22200
-3.49700
-5.11800
-1.61300
-4.30200
-4.93800
-2.33500
-4.57600
-5.03400
-5.69700
-2.40200
-3.35900
-1.74400
-2.86700
-1.69800
-3.67400
-4.68700
-1.62600
-0.56100
-1.74800
-1.95700
-3.17400
-3.93000
-4.50000
-4.55100
-1.26100
-4.71400
-3.81600
-4.41600
-4.12500
-2.41900
-2.87900
-2.19600
-3.06400
-3.61100
-3.71600
-1.15800
-3.72100
-3.31000
-4.00900
-3.00600
-2.57600
-2.47900
-3.98900
-0.43200
-2.47400
-0.40500
-1.03500
-3.96900
-3.73600
-3.61900
-1.52000
-3.42800
-4.83600
-3.66900
-5.23900
-2.16200
-4.77500
-3.42400
-2.38200
-4.04400
-2.45000
-2.23200
-2.66300
-2.39900
-3.16500
-3.65000
-2.02500
-2.11700
-2.44600
-1.78700
-2.49500
-2.16700
-2.33600
-2.83800
-1.82700
-2.42600
-2.42400
-1.19700
-0.35200
-4.39500
-2.22500
-4.84800
-1.09100
-3.93200
-2.35100
-2.94400
-5.33100
-2.14300
-0.23600
-5.40300
-2.70300
-2.91800
-2.82300
-1.63500
-2.25100
-1.46500
-3.91700
-2.47500
-3.53100
-2.72600
-3.44000
-2.47500
-1.62000
-2.89700
-0.98000
-2.53700
-1.22400
-1.33000
-4.06600
-3.55900
-2.73600
-3.51600
-3.30000
-4.21900
-3.93100
-3.49800
-1.55100
-2.52700
-2.18800
-1.83100
0.15800
-2.58500
-1.71300
-2.41800
-3.11300
-1.74900
-2.10900
-1.85100
-3.34400
-3.30900
-2.77600
-3.10200
-3.12000
-3.87900
-3.74100
-3.27000
-5.07200
-5.05700
-2.65900
-1.32000
-3.25800
-1.67000
-3.34200
-2.76500
-2.97100
-3.38100
-3.26200
-1.12900
-3.86400
-4.35000
-2.15500
-2.07200
-4.12000
-4.39500
-3.15900
-1.66300
-2.66300
-2.70900
-3.27300
-3.67400
-2.36100
-3.79800
-0.94100
-5.32300
-3.28600
-3.54600
-3.80200
-3.47900
-2.12100
-3.30600
-2.32600
-2.98700
-0.99900
-4.04400
-2.52000
-2.68500
-2.30300
-2.33100
-3.01100
-2.79600
-3.45000
-2.83200
-1.79700
-3.27600
-2.95300
-1.54900
-1.01600
-1.34000
-0.86000
-2.87900
-4.10700
-3.32100
-2.62200
-4.67000
-4.15900
-2.22700
-0.40000
-2.38100
-2.85500
-3.29600
-2.20500
-0.65300
-1.73300
-1.74100
-2.07200
-4.68400
-0.88500
-2.66000
-0.81400
-2.31300
-4.04700
-3.18100
-4.73700
-2.60300
-3.39000
-2.48500
-3.65300
-3.44900
-3.11400
-4.36100
-4.34200
-5.30400
-4.73200
-0.26400
-5.21700
-4.46900
-4.22400
-4.64600
-2.96300
-3.27600
-2.46900
-4.68100
-5.89500
-4.11500
-5.33500
-4.63100
-2.73700
-5.17400
-3.49300
-4.85600
-2.11100
-1.72000
-2.62400
-0.62500
0.58500
-0.80900
-2.46000
-1.59100
-1.89200
-2.71600
-2.49600
-4.65100
-1.97200
-3.65700
-4.62800
-1.82300
-2.57300
-2.90500
-2.43000
-2.90400
-5.27500
-5.30500
-4.13700
-0.87100
-4.11300
-5.84500
-5.69100
-1.49900
-4.32700
-4.10500
-3.49100
-1.86600
-4.13800
-1.37600
-2.51000
-1.87200
-0.82200
-2.67200
-2.05200
-3.66500
-2.59800
-2.87500
-4.74300
-4.19000
-1.28700
-4.25200
-2.90000
-2.60400
-5.03500
-0.21900
-1.44800
-1.58800
-2.40500
-0.66600
-2.55000
-3.71200
-1.31500
-0.95800
-1.19400
-1.38300
-4.01300
-2.94600
-3.09400
-4.17000
-2.58800
-4.01000
-3.46300
-5.63100
-6.27200
-5.39600
-3.90700
-1.03300
-4.75300
-4.53500
-4.39800
-3.19300
-2.72300
-2.55800
-5.85700
-3.77200
-0.72300
-2.14900
-3.25600
-4.35200
-4.32900
-2.25900
-4.96600
-2.65900
-5.60800
-1.81400
-3.26300
-6.01800
-3.09200
-4.36400
-0.33900
-4.11000
-5.06400
-4.42600
-3.51400
-5.68600
-2.29500
-3.46400
-4.14600
-2.11800
-1.19800
-3.42300
-2.03400
-2.05600
-3.27400
-1.50600
-0.91900
-1.30300
-1.88900
0.24000
-2.59900
-2.81000
-2.98400
-3.21300
-2.32600
-1.48000
-4.78800
-4.04500
-4.56600
-4.92100
-5.53800
-4.22400
-3.90200
-4.88300
-2.73900
-2.48400
-2.89600
-4.93100
-4.37100
-5.07200
-3.55700
-5.92800
-5.05400
-5.35300
-4.29500
-4.98600
-5.57200
-3.05200
-4.96600
-4.60900
-5.34300
-4.57100
-4.77600
-4.58400
-2.75500
-3.85100
-3.03700
-3.09100
-0.84600
1.03700
-1.37100
-0.34200
-1.11900
-2.05300
-1.89100
-3.49100
-2.63400
-2.51100
0.06100
-1.43300
-1.03500
-1.52800
-0.51400
-2.04800
-4.89800
-3.33700
-5.75200
-4.59900
-4.52900
-4.14800
-1.51700
-3.22900
-5.40700
-2.86800
0.07100
-0.56800
-2.22700
-0.73000
-1.44300
-1.22800
-1.94100
-0.69100
-3.31000
-4.20300
-4.85000
-4.43100
-3.14700
-1.32500
-1.83800
-2.63600
-3.06000
-2.59900
-4.55500
-3.55700
-2.52900
-1.46300
-3.03100
-4.16900
-3.24200
-4.20500
-4.14400
-3.33400
-3.02200
-2.58500
-3.25100
-2.12300
-2.95300
-2.87900
-1.11400
-5.05200
-4.56400
-2.20700
-3.76500
-3.01300
-3.54100
-3.27000
-3.41300
-5.40800
-3.45500
-2.56300
-5.77800
-2.55200
-2.99200
-2.67000
-4.30900
-1.98400
0.20600
-2.28400
-2.42400
0.37400
-2.49100
-1.08800
-2.10800
-1.97200
-1.76400
-3.46300
-4.13500
-2.62600
-2.78500
-2.02200
-3.09100
-1.82900
-3.99900
-4.38100
-2.85600
-0.36000
-2.16200
-3.71400
-3.01600
-3.31900
-3.11500
-2.71200
-2.97300
-1.21000
-1.68500
-1.51300
-0.89200
-2.57600
-4.59800
-3.74200
-4.51600
-2.85600
-3.41000
-3.66600
-1.75400
-4.17500
-4.04700
-2.05800
-0.62300
-1.90200
-1.53900
-1.74800
-4.03800
-3.78100
-2.67600
-1.53400
-0.49000
-3.49600
-3.33400
-3.29200
-3.92300
-0.81000
-4.73300
-4.21300
-4.23300
-2.65700
-3.84200
-3.43900
-2.66700
-2.99500
-4.85200
-4.56100
-1.66200
-4.26700
-5.09400
-3.76600
-0.86900
-1.62500
-0.47700
-2.08400
-1.54000
-1.70100
-1.39100
-1.65700
-2.73900
-2.21600
-2.37500
-2.45100
-2.88900
-3.42400
-4.70400
-2.94800
-3.12400
-3.66000
-1.05000
-3.31000
1.22500
-0.86700
-1.81700
-1.68000
-3.76800
-2.99400
-2.89100
-2.34200
-1.83800
0.72900
-3.11000
-3.05100
-1.43500
-4.00800
-1.07500
-3.68800
-4.59200
-2.34200
-4.27600
-4.42200
-5.30000
-4.64700
-1.18300
-5.40700
-2.98300
-2.18400
-0.65600
-1.62700
-4.89900
-2.95400
-3.01700
-4.86900
-2.93100
0.22700
-2.04000
-4.43500
-0.40200
-3.32000
-5.62900
-1.99700
-1.86100
-4.52800
-3.06700
-3.14300
-3.27500
-4.53700
-5.30800
-3.75200
-4.58600
-5.59900
-3.65600
-1.24400
-5.30100
-5.35800
-3.50600
1.14300
-1.12700
-2.15600
-3.74500
-1.09700
