0.94323
0.91082
0.92600
0.90085
0.89965
0.95166
0.55887
0.95719
0.87807
0.94220
0.95742
0.97541
0.96568
0.96650
0.87083
0.96529
0.95442
0.81978
0.94684
0.95857
0.95630
0.96156
0.98898
0.95298
0.98504
0.95467
0.99505
0.99221
0.99714
0.94361
0.98491
0.99750
0.97673
0.99510
0.99679
0.99248
0.99107
0.97714
0.98998
0.99590
0.99405
0.99227
0.99877
0.99386
0.99765
0.99793
0.99843
0.99827
0.99687
0.99873
0.99498
0.99706
0.99374
0.98694
0.98739
0.99704
0.99370
0.99804
0.99032
0.99546
0.99112
0.99334
0.97931
0.99783
0.98656
0.98383
0.99763
0.99740
0.99175
0.98778
0.99411
0.99793
0.94746
0.96964
0.96303
0.97137
0.92745
0.94113
0.87800
0.96538
0.95902
0.93193
0.98668
0.98181
0.98997
0.97919
0.98804
0.98284
0.96085
0.99085
0.99191
0.96764
0.99354
0.97949
0.97927
0.96844
0.95109
0.99390
0.99051
0.99658
0.99169
0.99716
0.99834
0.99765
0.98223
0.99857
0.99796
0.96171
0.78393
0.67015
0.83046
0.79570
0.91331
0.47575
0.89497
0.86159
0.90958
0.99044
0.99369
0.94956
0.95215
0.81154
0.93622
0.81125
0.90004
0.92009
0.95232
0.93832
0.92351
0.99554
0.99535
0.99453
0.98636
0.99712
0.99100
0.99379
0.99406
0.99361
0.97512
0.98637
0.98130
0.98375
0.98385
0.98877
0.98783
0.78853
0.98512
0.98270
0.99033
0.90506
0.83432
0.96065
0.95973
0.94335
0.93514
0.92277
0.99345
0.99376
0.99531
0.97904
0.96079
0.99344
0.99746
0.93650
0.97667
0.99497
0.99730
0.98827
0.88896
0.63214
0.75750
0.77666
0.89133
0.93166
0.96296
0.55179
0.91984
0.86667
0.97676
0.99112
0.99271
0.98583
0.98885
0.99126
0.99265
0.98921
0.98869
0.98894
0.96873
0.95515
0.96584
0.93712
0.90330
0.82769
0.95330
0.95847
0.94713
0.96157
0.91321
0.96710
0.98477
0.99009
0.98412
0.98149
0.98617
0.98696
0.98399
0.96631
0.95958
0.96219
0.99567
0.98219
0.99391
0.98530
0.99509
0.97839
0.98276
0.97679
0.96726
0.99824
0.99272
0.99856
0.99843
0.99057
0.99686
0.99782
0.99337
0.97966
0.94272
0.93039
0.93302
0.85749
0.81464
0.88071
0.88123
0.96613
0.76554
0.89809
0.95635
0.88628
0.96014
0.96843
0.95910
0.96735
0.96972
0.97040
0.56396
0.96890
0.47941
0.85206
0.57325
0.57134
0.47748
0.78367
0.70197
0.25591
0.66163
0.79673
0.97413
0.97480
0.97296
0.97306
0.98024
0.98337
0.97093
0.98050
0.98019
0.96500
0.98880
0.98855
0.97642
0.98550
0.98626
0.99302
0.97742
0.99063
0.98793
0.98531
0.96227
0.97256
0.97843
0.97777
0.97466
0.97860
0.97347
0.98314
0.98124
0.96624
0.99621
0.97241
0.98150
0.99186
0.97886
0.99587
0.98771
0.96946
0.99695
0.98902
0.94436
0.99066
0.99320
0.99606
0.99523
0.99229
0.97035
0.94501
0.99111
0.99640
0.97794
0.94202
0.98917
0.97178
0.96088
0.96810
0.97056
0.96994
0.98425
0.97841
0.95789
0.89872
0.96329
0.91643
0.92739
0.70631
0.96205
0.91468
0.85031
0.95948
0.98966
0.98884
0.99095
0.98697
0.98746
0.98510
0.97976
0.97894
0.98666
0.98651
0.97106
0.95181
0.97521
0.96446
0.97384
0.95981
0.98394
0.98138
0.97138
0.95766
0.99408
0.98726
0.98369
0.99404
0.98300
0.99791
0.98705
0.97771
0.99042
0.99707
0.91849
0.87397
0.30920
0.91443
0.93897
0.92020
0.94881
0.88581
0.88001
0.91452
0.99675
0.98518
0.99510
0.98881
0.99859
0.99435
0.99889
0.99105
0.99742
0.99587
0.93774
0.89271
0.80492
0.92540
0.91032
0.93208
0.55672
0.82497
0.83914
0.80916
0.98981
0.99808
0.99159
0.99878
0.98959
0.99670
0.98357
0.99791
0.99164
0.99838
0.95635
0.94903
0.90221
0.86558
0.41977
0.43071
0.83705
0.92415
0.51008
0.91458
0.95737
0.93271
0.82706
0.97471
0.92398
0.94453
0.97346
0.95250
0.95527
0.82061
0.96896
0.99340
0.97961
0.99654
0.99120
0.99809
0.98187
0.99164
0.98677
0.99142
0.99711
0.98545
0.98147
0.97982
0.99262
0.99084
0.99873
0.99824
0.97653
0.97575
0.96813
0.98923
0.95806
0.99241
0.97608
0.95586
0.96878
0.99334
0.99003
0.98780
0.84219
0.95837
0.95544
0.87936
0.95305
0.91491
0.92105
0.95644
0.94550
0.82867
0.75199
0.98232
0.98267
0.98494
0.97825
0.98114
0.98451
0.97610
0.97843
0.94989
0.98855
0.98933
0.97988
0.98964
0.97985
0.94605
0.98849
0.97902
0.98685
0.96384
0.70451
0.69044
0.86851
0.62196
0.59004
0.66603
0.70277
0.46668
0.78325
0.81026
0.57455
0.43615
0.92946
0.77067
0.88447
0.55601
0.79041
0.68099
0.75703
0.96823
0.98633
0.98439
0.99087
0.99260
0.95647
0.98255
0.98068
0.97156
0.97610
0.79669
0.72628
0.97246
0.97655
0.90314
0.96461
0.94822
0.96789
0.92475
0.95874
0.94091
0.96379
0.94338
0.67152
0.95239
0.87986
0.94437
0.92882
0.96692
0.58924
0.60138
0.82550
0.81319
0.78631
0.89907
0.61676
0.81534
0.59673
0.74267
0.88540
0.81173
0.89654
0.89818
0.70854
0.81894
0.60324
0.74707
0.47001
0.46983
0.96208
0.96824
0.98726
0.98734
0.98779
0.98637
0.98631
0.99206
0.94512
0.98543
0.98857
0.99187
0.98228
0.95363
0.99377
0.98962
0.95518
0.98484
0.98646
0.98547
0.99824
0.96962
0.96905
0.97710
0.99599
0.97523
0.99805
0.99699
0.98819
0.99504
0.99325
0.98805
0.92149
0.90710
0.87164
0.94941
0.92436
0.92564
0.95421
0.97880
0.98156
0.94410
0.96605
0.93383
0.97966
0.96450
0.87338
0.94891
0.97062
0.96141
0.95033
0.92394
0.91081
0.44395
0.90852
0.76250
0.88261
0.84438
0.89948
0.82923
0.88425
0.94180
0.93862
0.98016
0.89871
0.97011
0.93760
0.94329
0.67473
0.94852
0.92207
0.59106
0.76640
0.95562
0.86263
0.94164
0.89070
0.49125
0.91095
0.81874
0.24848
0.78108
0.74860
0.87276
0.80821
0.41649
0.92183
0.88227
0.94493
0.92431
0.98583
0.98457
0.99141
0.98692
0.99140
0.98815
0.99156
0.98522
0.98751
0.98019
0.46077
0.98733
0.97349
0.98986
0.98207
0.98972
0.99175
0.98753
0.98257
0.98782
0.99776
0.99510
0.99675
0.99723
0.99728
0.99599
0.98035
0.96412
0.99913
0.99436
0.99669
0.97194
0.98750
0.99854
0.99045
0.99404
0.99876
0.99281
0.99339
0.99333
0.98912
0.98092
0.98048
0.97666
0.98863
0.91189
0.97954
0.98845
0.99099
0.97898
0.98571
0.99319
0.99340
0.99378
0.99410
0.98681
0.99016
0.97916
0.98657
0.99141
0.71642
0.61998
0.88336
0.69248
0.77059
0.37835
0.89589
0.86048
0.58235
0.62260
0.93823
0.99208
0.98686
0.97805
0.97402
0.98338
0.84931
0.99372
0.99257
0.99463
0.99214
0.98348
0.98944
0.98417
0.98533
0.99045
0.97890
0.98622
0.98771
0.97547
0.95227
0.98275
0.98257
0.98619
0.98367
0.97798
0.98831
0.99098
0.98635
0.98983
0.98780
0.94463
0.95646
0.95503
0.96649
0.94521
0.95262
0.94709
0.98055
0.95782
0.99317
0.96457
0.93312
0.97485
0.99450
0.99067
0.92660
0.98334
0.98951
0.99550
0.98130
0.97870
0.97953
0.98615
0.98821
0.98435
0.98647
0.97827
0.97916
0.99191
0.97741
0.98697
0.97534
0.95876
0.97082
0.98316
0.97242
0.95542
0.98161
0.96987
0.92968
0.92656
0.96821
0.98082
0.96999
0.96050
0.98755
0.96922
0.95097
0.96736
0.24702
0.96491
0.97616
0.88567
0.94129
0.94947
0.91199
0.93964
0.96696
0.97503
0.82328
0.76179
0.76722
0.77037
0.41031
0.73086
0.69961
0.77079
0.67628
0.55300
0.99364
0.98643
0.97195
0.98965
0.99274
0.98624
0.99098
0.99111
0.98897
0.99333
0.98009
0.99047
0.98878
0.99343
0.98920
0.98037
0.98750
0.98331
0.98777
0.97809
0.97443
0.97767
0.97755
0.97393
0.98389
0.98268
0.98798
0.97732
0.98914
0.97405
0.98029
0.98472
0.93789
0.97243
0.98923
0.96679
0.98359
0.99058
0.92193
0.98244
0.97781
0.98519
0.98417
0.98232
0.79946
0.93275
0.93356
0.95415
0.97759
0.98343
0.96324
0.95939
0.97828
0.98572
0.97457
0.98233
0.98679
0.97467
0.97280
0.98001
0.96962
0.97899
0.98344
0.97346
0.99205
0.97363
0.98319
0.98413
0.98224
0.98009
0.99317
0.99229
0.98689
0.99050
0.93463
0.95864
0.97911
0.99321
0.98263
0.99162
0.96357
0.97879
0.97652
0.95873
0.91975
0.95255
0.87688
0.92167
0.96048
0.95511
0.99568
0.99054
0.97576
0.99692
0.98692
0.99005
0.99244
0.97736
0.95200
0.98647
0.80312
0.99379
0.96294
0.96744
0.99311
0.91765
0.93018
0.95758
0.99448
0.99120
0.97260
0.83467
0.93976
0.92638
0.88530
0.96692
0.91657
0.89638
0.94643
0.93231
0.99727
0.99841
0.98608
0.98028
0.97533
0.99309
0.97054
0.98456
0.99652
0.99383
0.96726
0.99172
0.99149
0.99020
0.98759
0.98507
0.99167
0.98959
0.98905
0.99287
0.99361
0.98914
0.99393
0.93046
0.98383
0.99370
0.98652
0.99220
0.99416
0.99165
0.93406
0.93886
0.89364
0.88618
0.94459
0.87180
0.93147
0.95359
0.92283
0.94556
0.88871
0.88931
0.95391
0.51275
0.89577
0.88936
0.96508
0.96640
0.95927
0.95681
0.87559
0.97573
0.93211
0.87529
0.78097
0.95344
0.88639
0.93250
0.96326
0.97369
0.86920
0.98030
0.93923
0.67845
0.95701
0.95449
0.97691
0.60260
0.98098
0.99781
0.99579
0.97825
0.99801
0.99435
0.98821
0.99002
0.99073
0.98668
0.93722
0.96309
0.98032
0.53159
0.72792
0.77755
0.84617
0.93917
0.57362
0.78860
0.98162
0.97191
0.95087
0.98885
0.98705
0.98122
0.97623
0.96996
0.99096
0.98111
0.97801
0.99255
0.99093
0.99340
0.98957
0.99296
0.98979
0.99363
0.99219
0.90284
0.97361
0.97688
0.98632
0.84262
0.97864
0.99441
0.98260
0.98873
0.98346
0.99076
0.99010
0.97119
0.92686
0.96029
0.95327
0.71248
0.97804
0.93969
0.95967
0.98029
0.97283
0.95735
0.97513
0.96373
0.96637
0.97736
0.94716
0.70740
0.94817
0.97207
0.95656
0.94049
0.90974
0.93920
0.88727
0.81937
0.75632
0.71563
0.89885
0.60249
0.89498
0.46355
0.92264
0.98715
0.98326
0.99039
0.97267
0.98136
0.98542
0.98848
0.97814
0.98441
0.98774
0.93785
0.39316
0.47968
0.87547
0.90276
0.74552
0.80850
0.87718
0.92680
0.88098
0.98955
0.98442
0.98575
0.98824
0.94122
0.96612
0.94982
0.99174
0.97762
0.98532
0.97997
0.98996
0.99775
0.99332
0.99174
0.99429
0.99843
0.99755
0.97212
0.99002
0.93068
0.96948
0.95718
0.91325
0.88661
0.92070
0.68347
0.83694
0.89416
0.90139
0.93922
0.97584
0.94000
0.96007
0.74722
0.95978
0.94306
0.89859
0.94908
0.95743
0.96766
0.96189
0.96691
0.97371
0.95931
0.96441
0.12709
0.96856
0.95673
0.96365
0.99429
0.99391
0.98991
0.99349
0.99203
0.99217
0.99487
0.98482
0.99437
0.99472
0.96323
0.96428
0.97432
0.97284
0.96709
0.98492
0.98923
0.98183
0.99087
0.98586
0.99255
0.96829
0.98812
0.98412
0.98612
0.99134
0.99037
0.98433
0.99309
0.98709
0.97412
0.93669
0.99081
0.89284
0.96247
0.97924
0.98760
0.95020
0.98484
0.97569
0.99337
0.99376
0.99350
0.98939
0.98490
0.99439
0.99458
0.99415
0.99308
0.99495
0.92872
0.68004
0.90681
0.93415
0.90053
0.96109
0.91503
0.85236
0.90445
0.90957
0.97177
0.87457
0.91221
0.90889
0.91889
0.97008
0.94939
0.95125
0.96355
0.94969
0.95947
0.92783
0.77892
0.89898
0.87128
0.94404
0.87862
0.93295
0.94029
0.91996
0.97659
0.95766
0.98056
0.97733
0.92920
0.95487
0.97538
0.93708
0.96669
0.93557
0.80425
0.76903
0.70483
0.52005
0.89835
0.79024
0.80496
0.77105
0.44310
0.82848
0.97160
0.96694
0.97591
0.97487
0.97779
0.95628
0.95725
0.98249
0.90557
0.97595
0.94510
0.98163
0.95981
0.96689
0.94849
0.98545
0.98268
0.96253
0.97824
0.97745
0.99617
0.98322
0.96396
0.98641
0.97941
0.97084
0.96662
0.89769
0.80236
0.98315
0.97967
0.96276
0.98554
0.80302
0.95281
0.95045
0.92844
0.96311
0.93815
0.90562
0.96287
0.98883
0.55493
0.96600
0.97449
0.98101
0.93564
0.98503
0.99003
0.98387
0.98797
0.98957
0.99188
0.99096
0.98749
0.98897
0.98840
0.98044
0.66862
0.11438
0.88150
0.77032
0.66166
0.76153
0.61779
0.76664
0.81609
0.73268
0.98041
0.98323
0.98561
0.97710
0.98564
0.98103
0.98075
0.99300
0.99437
0.98915
0.98476
0.89874
0.93688
0.96101
0.92637
0.94972
0.95901
0.94881
0.94043
0.96410
0.91689
0.97386
0.97760
0.95145
0.97079
0.95557
0.96443
0.94938
0.97250
0.94952
0.98156
0.75761
0.97739
0.97922
0.98421
0.92022
0.93697
0.97230
0.96800
0.95892
0.96921
0.96570
0.95004
0.95103
0.94293
0.62678
0.83036
0.80972
0.94593
0.88351
0.74692
0.89814
0.98903
0.96122
0.98941
0.99391
0.98965
0.98959
0.97518
0.99209
0.97172
0.78362
0.98609
0.94395
0.82511
0.97663
0.94207
0.97288
0.98790
0.99520
0.99579
0.99231
0.96780
0.98423
0.98349
0.99251
0.99236
0.99505
0.98749
0.99073
0.95735
0.99129
0.97093
0.85193
0.92623
0.95840
0.73380
0.95212
0.93228
0.96514
0.92577
0.95827
0.97766
0.96244
0.94927
0.86395
0.96039
0.76136
0.95541
0.91629
0.95675
0.93135
0.98709
0.98503
0.99380
0.99833
0.98510
0.97674
0.97130
0.99811
0.98752
0.98242
0.96664
0.95680
0.97233
0.97657
0.95720
0.68611
0.96427
0.96824
0.97032
0.94514
0.86623
0.45001
0.62067
0.70718
0.81782
0.91445
0.70743
0.92859
0.91542
0.74875
0.81978
0.94854
0.55117
0.94380
0.98080
0.95617
0.97747
0.97957
0.93453
0.91010
0.88506
0.90152
0.87086
0.82454
0.93218
0.95893
0.77228
0.72048
0.86234
0.85297
0.90707
0.91787
0.71612
0.90596
0.89832
0.95491
0.82516
0.95574
0.96257
0.96500
0.95822
0.98084
0.99696
0.99388
0.84456
0.97812
0.97837
0.97307
0.97405
0.99604
0.82725
0.96269
0.92535
0.93988
0.92198
0.93675
0.96001
0.95432
0.96756
0.94367
0.94031
0.97098
0.96325
0.94975
0.97228
0.95265
0.37828
0.97517
0.95974
0.94112
0.03000
0.01000
0.03000
0.03000
0.01000
0.01000
0.01000
0.17000
0.21000
0.02000
0.03000
0.10000
0.02000
0.15000
0.05000
0.50000
0.11000
0.03000
0.15000
0.01000
0.00000
0.00000
0.00000
0.15000
0.04000
0.01000
0.00000
0.01000
0.00000
0.01000
0.02000
0.01000
0.00000
0.00000
0.09000
0.00000
0.00000
0.01000
0.00000
0.00000
0.06000
0.03000
0.10000
0.00000
0.00000
0.00000
0.07000
0.00000
0.01000
0.00000
0.00000
0.00000
0.01000
0.02000
0.23000
0.00000
0.13000
0.01000
0.18000
0.01000
0.06000
0.15000
0.39000
0.05000
0.02000
0.00000
0.00000
0.00000
0.00000
0.01000
0.00000
0.00000
0.13000
0.28000
0.25000
0.04000
0.09000
0.26000
0.02000
0.03000
0.01000
0.24000
0.09000
0.05000
0.22000
0.13000
0.09000
0.27000
0.36000
0.04000
0.40000
0.18000
0.05000
0.03000
0.27000
0.38000
0.32000
0.01000
0.04000
0.00000
0.01000
0.01000
0.00000
0.00000
0.00000
0.01000
0.00000
0.48000
0.02000
0.00000
0.04000
0.04000
0.01000
0.09000
0.01000
0.04000
0.01000
0.07000
0.01000
0.15000
0.03000
0.41000
0.40000
0.16000
0.07000
0.02000
0.18000
0.03000
0.06000
0.00000
0.00000
0.00000
0.00000
0.00000
0.01000
0.00000
0.00000
0.00000
0.02000
0.02000
0.08000
0.03000
0.01000
0.59000
0.05000
0.21000
0.02000
0.01000
0.03000
0.60000
0.24000
0.08000
0.33000
0.07000
0.05000
0.01000
0.02000
0.01000
0.00000
0.00000
0.14000
0.00000
0.00000
0.07000
0.00000
0.00000
0.00000
0.00000
0.66071
0.27000
0.05000
0.02000
0.01000
0.02000
0.10000
0.02000
0.01000
0.08000
0.08000
0.01000
0.07000
0.03000
0.02000
0.03000
0.00000
0.01000
0.02000
0.00000
0.42000
0.09000
0.07000
0.03000
0.05000
0.05000
0.04000
0.10000
0.10000
0.39000
0.00000
0.00000
0.00000
0.01000
0.00000
0.01000
0.01000
0.00000
0.02000
0.13000
0.01000
0.00000
0.00000
0.00000
0.07000
0.01000
0.01000
0.00000
0.16000
0.00000
0.12000
0.01000
0.17000
0.00000
0.00000
0.09000
0.01000
0.00000
0.02000
0.02000
0.18000
0.06000
0.04000
0.03000
0.09000
0.50000
0.04000
0.08000
0.09000
0.30000
0.06000
0.10000
0.66732
0.05000
0.04000
0.06000
0.35000
0.26000
0.02000
0.67000
0.02000
0.03000
0.08000
0.02000
0.04000
0.08000
0.04000
0.11000
0.02000
0.06000
0.05000
0.34000
0.14000
0.05000
0.02000
0.12000
0.12000
0.02000
0.02000
0.06000
0.02000
0.02000
0.09000
0.13000
0.02000
0.04000
0.12000
0.06000
0.06000
0.16000
0.00000
0.00000
0.02000
0.01000
0.01000
0.00000
0.03000
0.00000
0.02000
0.01000
0.00000
0.01000
0.01000
0.00000
0.00000
0.00000
0.00000
0.01000
0.00000
0.00000
0.02000
0.00000
0.00000
0.00000
0.04000
0.00000
0.01000
0.01000
0.00000
0.00000
0.69000
0.06000
0.22000
0.01000
0.05000
0.18000
0.04000
0.33000
0.01000
0.00000
0.08000
0.06000
0.05000
0.01000
0.05000
0.25000
0.02000
0.01000
0.05000
0.13000
0.07000
0.08000
0.04000
0.10000
0.02000
0.09000
0.09000
0.10000
0.02000
0.04000
0.02000
0.02000
0.00000
0.05000
0.00000
0.01000
0.01000
0.01000
0.01000
0.01000
0.01000
0.01000
0.08000
0.00000
0.02000
0.12000
0.02000
0.22000
0.00000
0.00000
0.01000
0.05000
0.46000
0.00000
0.01000
0.21000
0.07000
0.04000
0.08000
0.08000
0.01000
0.59000
0.15000
0.47000
0.16000
0.06000
0.00000
0.02000
0.00000
0.01000
0.39000
0.65257
0.69379
0.54000
0.53068
0.21000
0.60000
0.35000
0.03000
0.39000
0.06000
0.00000
0.01000
0.00000
0.01000
0.00000
0.01000
0.00000
0.01000
0.26000
0.01000
0.01000
0.01000
0.08000
0.03000
0.05000
0.17000
0.05000
0.24000
0.03000
0.06000
0.26000
0.01000
0.03000
0.09000
0.10000
0.01000
0.07000
0.22000
0.21000
0.11000
0.00000
0.13000
0.00000
0.51000
0.00000
0.01000
0.00000
0.01000
0.00000
0.00000
0.19000
0.02000
0.04000
0.00000
0.00000
0.01000
0.11000
0.03000
0.01000
0.41000
0.03000
0.18000
0.22000
0.31000
0.34000
0.28000
0.06000
0.01000
0.13000
0.04000
0.02000
0.19000
0.05000
0.06000
0.10000
0.01000
0.02000
0.04000
0.03000
0.03000
0.01000
0.00000
0.09000
0.00000
0.01000
0.01000
0.00000
0.00000
0.00000
0.00000
0.08000
0.00000
0.00000
0.01000
0.02000
0.00000
0.00000
0.00000
0.01000
0.03000
0.14000
0.00000
0.03000
0.08000
0.01000
0.11000
0.01000
0.01000
0.00000
0.07000
0.11000
0.00000
0.00000
0.00000
0.12000
0.02000
0.03000
0.01000
0.06000
0.00000
0.01000
0.01000
0.02000
0.05000
0.01000
0.01000
0.00000
0.00000
0.02000
0.01000
0.00000
0.00000
0.07000
0.05000
0.02000
0.02000
0.03000
0.12000
0.16000
0.18000
0.01000
0.05000
0.01000
0.03000
0.01000
0.22000
0.08000
0.10000
0.05000
0.01000
0.23000
0.09000
0.01000
0.02000
0.00000
0.19000
0.00000
0.06000
0.04000
0.06000
0.05000
0.10000
0.14000
0.53000
0.23000
0.05000
0.36000
0.00000
0.00000
0.00000
0.00000
0.01000
0.75276
0.00000
0.02000
0.01000
0.01000
0.01000
0.05000
0.00000
0.09000
0.01000
0.01000
0.05000
0.00000
0.01000
0.00000
0.01000
0.16000
0.00000
0.55000
0.00000
0.08000
0.03000
0.00000
0.44000
0.03000
0.01000
0.05000
0.39000
0.43000
0.10000
0.24000
0.69000
0.43000
0.01000
0.02000
0.60000
0.10000
0.04000
0.23000
0.02000
0.44000
0.03000
0.04000
0.08000
0.01000
0.11000
0.16000
0.21000
0.09000
0.51000
0.52210
0.23000
0.05000
0.17000
0.11000
0.04000
0.49000
0.08000
0.03000
0.01000
0.01000
0.43000
0.05000
0.03000
0.05000
0.02000
0.82750
0.02000
0.12000
0.02000
0.01000
0.01000
0.02000
0.06000
0.04000
0.01000
0.25000
0.03000
0.06000
0.01000
0.39000
0.01000
0.02000
0.01000
0.01000
0.00000
0.00000
0.01000
0.00000
0.02000
0.12000
0.01000
0.01000
0.01000
0.00000
0.04000
0.03000
0.14000
0.02000
0.06000
0.04000
0.01000
0.16000
0.08000
0.02000
0.00000
0.00000
0.00000
0.01000
0.13000
0.02000
0.01000
0.01000
0.00000
0.00000
0.01000
0.13000
0.02000
0.00000
0.04000
0.07000
0.01000
0.03000
0.03000
0.02000
0.02000
0.08000
0.04000
0.14000
0.01000
0.13000
0.06000
0.08000
0.11000
0.02000
0.02000
0.00000
0.06000
0.03000
0.07000
0.00000
0.05000
0.01000
0.05000
0.02000
0.01000
0.01000
0.00000
0.02000
0.08000
0.19000
0.00000
0.07000
0.02000
0.01000
0.01000
0.00000
0.00000
0.01000
0.03000
0.00000
0.03000
0.00000
0.03000
0.03000
0.26000
0.03000
0.01000
0.07000
0.06000
0.08000
0.31000
0.06000
0.17000
0.14000
0.34000
0.13000
0.02000
0.21000
0.08000
0.17000
0.25000
0.06000
0.22000
0.17000
0.39000
0.21000
0.29000
0.21000
0.11000
0.13000
0.30000
0.07000
0.06000
0.14000
0.06000
0.05000
0.29000
0.50000
0.00000
0.06000
0.44000
0.05000
0.02000
0.00000
0.06000
0.18000
0.03000
0.05000
0.10000
0.13000
0.21000
0.18000
0.01000
0.52113
0.01000
0.03000
0.02000
0.01000
0.03000
0.03000
0.03000
0.01000
0.03000
0.02000
0.76398
0.11000
0.11000
0.01000
0.81413
0.05000
0.52000
0.01000
0.02000
0.01000
0.15000
0.04000
0.10000
0.04000
0.01000
0.35000
0.44000
0.02000
0.12000
0.08000
0.45000
0.56970
0.52000
0.42000
0.34000
0.31000
0.35000
0.54000
0.34000
0.46000
0.01000
0.01000
0.03000
0.03000
0.07000
0.02000
0.06000
0.02000
0.05000
0.01000
0.02000
0.12000
0.05000
0.01000
0.06000
0.00000
0.05000
0.06000
0.15000
0.01000
0.02000
0.12000
0.02000
0.01000
0.11000
0.01000
0.36000
0.09000
0.03000
0.03000
0.01000
0.07000
0.08000
0.08000
0.01000
0.58257
0.02000
0.00000
0.01000
0.00000
0.14000
0.09000
0.02000
0.21000
0.10000
0.01000
0.27000
0.07000
0.10000
0.03000
0.00000
0.00000
0.00000
0.00000
0.00000
0.00000
0.01000
0.04000
0.01000
0.00000
0.11000
0.04000
0.47000
0.01000
0.15000
0.14000
0.09000
0.02000
0.09000
0.16000
0.11000
0.00000
0.06000
0.86252
0.04000
0.00000
0.02000
0.01000
0.03000
0.00000
0.00000
0.00000
0.01000
0.04000
0.03000
0.01000
0.01000
0.00000
0.00000
0.01000
0.01000
0.02000
0.02000
0.01000
0.25000
0.02000
0.01000
0.02000
0.40000
0.02000
0.02000
0.01000
0.01000
0.00000
0.00000
0.01000
0.01000
0.00000
0.00000
0.00000
0.01000
0.22000
0.03000
0.02000
0.02000
0.03000
0.01000
0.01000
0.01000
0.01000
0.00000
0.05000
0.01000
0.00000
0.04000
0.01000
0.13000
0.23000
0.01000
0.00000
0.04000
0.02000
0.00000
0.01000
0.01000
0.00000
0.05000
0.01000
0.01000
0.14000
0.02000
0.04000
0.02000
0.08000
0.06000
0.14000
0.01000
0.08000
0.25000
0.03000
0.14000
0.02000
0.10000
0.06000
0.21000
0.07000
0.04000
0.39000
0.17000
0.33000
0.02000
0.17000
0.04000
0.06000
0.03000
0.02000
0.07000
0.01000
0.11000
0.29000
0.08000
0.01000
0.01000
0.05000
0.32000
0.22000
0.03000
0.03000
0.02000
0.01000
0.04000
0.03000
0.01000
0.01000
0.01000
0.45000
0.01000
0.12000
0.10000
0.01000
0.02000
0.00000
0.00000
0.00000
0.00000
0.00000
0.00000
0.01000
0.15000
0.13000
0.73545
0.26000
0.00000
0.13000
0.06000
0.01000
0.04000
0.03000
0.00000
0.00000
0.08000
0.01000
0.00000
0.00000
0.00000
0.00000
0.01000
0.00000
0.03000
0.04000
0.02000
0.00000
0.02000
0.01000
0.00000
0.26000
0.01000
0.00000
0.13000
0.01000
0.01000
0.09000
0.00000
0.01000
0.00000
0.00000
0.01000
0.01000
0.02000
0.01000
0.01000
0.04000
0.22000
0.20000
0.03000
0.02000
0.02000
0.01000
0.04000
0.58289
0.12000
0.32000
0.03000
0.49000
0.02000
0.05000
0.05000
0.31000
0.03000
0.02000
0.08000
0.00000
0.01000
0.04000
0.04000
0.01000
0.01000
0.21000
0.05000
0.01000
0.01000
0.29000
0.08000
0.42000
0.28000
0.06000
0.08000
0.23000
0.25000
0.07000
0.28000
0.05000
0.03000
0.15000
0.02000
0.02000
0.01000
0.02000
0.01000
0.02000
0.07000
0.02000
0.00000
0.01000
0.01000
0.07000
0.01000
0.01000
0.01000
0.01000
0.03000
0.01000
0.00000
0.00000
0.00000
0.01000
0.00000
0.00000
0.00000
0.01000
0.00000
0.00000
0.04000
0.00000
0.00000
0.00000
0.01000
0.05000
0.01000
0.01000
0.01000
0.06000
0.04000
0.01000
0.07000
0.20000
0.05000
0.04000
0.02000
0.11000
0.01000
0.03000
0.03000
0.05000
0.10000
0.03000
0.03000
0.04000
0.46000
0.01000
0.10000
0.00000
0.03000
0.01000
0.04000
0.04000
0.03000
0.04000
0.50000
0.02000
0.10000
0.01000
0.00000
0.01000
0.04000
0.04000
0.01000
0.11000
0.00000
0.01000
0.00000
0.06000
0.02000
0.00000
0.06000
0.03000
0.04000
0.01000
0.02000
0.03000
0.79810
0.07000
0.02000
0.01000
0.10000
0.01000
0.02000
0.02000
0.01000
0.03000
0.02000
0.03000
0.06000
0.02000
0.01000
0.04000
0.13000
0.04000
0.01000
0.00000
0.02000
0.02000
0.32000
0.03000
0.07000
0.02000
0.01000
0.20000
0.01000
0.04000
0.03000
0.12000
0.10000
0.02000
0.01000
0.02000
0.31000
0.01000
0.01000
0.00000
0.30000
0.01000
0.02000
0.00000
0.03000
0.22000
0.01000
0.02000
0.08000
0.15000
0.01000
0.51000
0.01000
0.05000
0.14000
0.04000
0.02000
0.01000
0.03000
0.02000
0.03000
0.28000
0.11000
0.32000
0.60447
0.05000
0.13000
0.05000
0.01000
0.02000
0.19000
0.00000
0.00000
0.05000
0.00000
0.01000
0.00000
0.04000
0.01000
0.06000
0.00000
0.00000
0.01000
0.00000
0.00000
0.07000
0.00000
0.01000
0.00000
0.00000
0.00000
0.00000
0.00000
0.04000
0.00000
0.00000
0.00000
0.00000
0.00000
0.05000
0.00000
0.02000
0.02000
0.02000
0.10000
0.01000
0.18000
0.03000
0.03000
0.01000
0.07000
0.02000
0.40000
0.18000
0.07000
0.07000
0.79000
0.03000
0.19000
0.01000
0.02000
0.01000
0.03000
0.16000
0.05000
0.15000
0.03000
0.04000
0.03000
0.55681
0.13000
0.38000
0.28000
0.58391
0.61970
0.63060
0.32000
0.32000
0.12000
0.03000
0.05000
0.02000
0.00000
0.00000
0.00000
0.00000
0.00000
0.01000
0.01000
0.00000
0.04000
0.05000
0.04000
0.08000
0.01000
0.03000
0.01000
0.35000
0.23000
0.03000
0.02000
0.04000
0.07000
0.23000
0.01000
0.01000
0.07000
0.01000
0.05000
0.06000
0.04000
0.01000
0.01000
0.01000
0.05000
0.01000
0.08000
0.03000
0.14000
0.00000
0.06000
0.87243
0.03000
0.01000
0.05000
0.03000
0.49000
0.11000
0.02000
0.22000
0.02000
0.01000
0.01000
0.00000
0.00000
0.02000
0.01000
0.01000
0.15000
0.03000
0.07000
0.14000
0.00000
0.00000
0.06000
0.07000
0.00000
0.00000
0.00000
0.22000
0.09000
0.01000
0.01000
0.00000
0.00000
0.00000
0.01000
0.00000
0.00000
0.03000
0.00000
0.04000
0.10000
0.30000
0.10000
0.37000
0.01000
0.02000
0.03000
0.34000
0.11000
0.37000
0.11000
0.03000
0.34000
0.01000
0.35000
0.04000
0.00000
0.02000
0.01000
0.03000
0.00000
0.00000
0.00000
0.00000
0.00000
0.02000
0.00000
0.00000
0.01000
0.65966
0.01000
0.58316
0.04000
0.10000
0.04000
0.35000
0.01000
0.04000
0.01000
0.12000
0.09000
0.10000
0.36000
0.19000
0.33000
0.11000
0.09000
0.50000
0.24000
0.70951
0.54000
0.25000
0.03000
0.04000
0.02000
0.58184
0.03000
0.05000
0.46000
0.02000
0.01000
0.16000
0.01000
0.02000
0.18000
0.01000
0.08000
0.05000
0.01000
0.03000
0.23000
0.08000
0.02000
0.02000
0.04000
0.20000
0.33000
0.04000
0.01000
0.00000
0.00000
0.00000
0.86179
0.00000
0.01000
0.16000
0.01000
0.00000
0.14000
0.16000
0.01000
0.41000
0.01000
0.10000
0.00000
0.01000
0.02000
0.00000
0.00000
0.03000
0.41000
0.01000
0.04000
0.03000
0.80372
0.21000
0.20000
0.01000
0.21000
