1.55590
1.08590
2.02085
0.73905
1.44609
1.17430
0.84724
1.60588
1.48472
0.59708
2.36125
2.57908
1.81663
1.45385
1.64694
2.26939
1.69817
1.51661
1.55964
2.62103
5.84316
7.28043
6.68292
2.69411
7.63340
8.06202
6.13457
4.17006
7.23182
3.62732
8.28427
8.37752
7.26764
8.08086
7.70201
6.23234
5.63593
3.29105
2.43928
6.30972
3.10147
3.88988
7.95439
9.30087
6.87378
8.49939
7.79679
8.02671
4.09809
8.47987
5.44846
8.58883
3.16602
3.49279
3.09592
4.97913
3.21854
4.89491
2.96247
6.16188
3.19134
4.88401
6.04685
7.40111
5.05083
8.00987
9.34105
6.01752
7.16883
7.61383
8.50389
6.16220
1.83025
3.14638
1.85929
1.69147
1.84389
2.55218
2.80053
1.95188
1.69208
1.61193
2.36414
2.79257
3.69404
2.64077
2.54588
2.85869
3.96226
2.37376
1.82684
2.40180
3.85774
3.61477
3.43524
1.16784
2.62195
7.72489
9.03119
7.73631
10.80612
8.46781
7.60412
6.80766
7.37214
7.68815
7.36349
1.47113
3.57356
1.54200
1.30620
2.57424
2.27128
3.14216
2.61142
1.88447
2.96635
2.65925
4.26308
2.36499
1.88921
1.99888
2.27637
3.35224
3.25953
3.77212
2.57623
3.22777
3.51332
8.37944
7.58606
3.48609
7.83587
7.40046
8.93223
6.80013
7.74931
6.63657
7.61913
1.96875
1.39477
2.11517
2.04958
1.46428
1.96700
1.87498
1.77600
2.69433
1.17919
1.58728
2.05193
2.30336
2.39811
2.74281
2.61211
2.75489
6.16395
6.19825
7.19758
9.98655
2.56441
7.92085
7.76248
1.59922
4.84713
8.20108
5.82599
5.92445
1.32771
1.60753
0.04284
1.63400
1.58910
1.17089
1.36782
0.99306
0.91312
0.36154
3.36180
3.78042
2.98744
2.17120
2.18612
3.24989
3.53726
3.04881
3.25479
2.93525
2.09623
1.48028
3.97863
3.00793
2.62473
1.60190
2.48882
2.63749
2.37161
2.24720
4.74048
6.25406
6.22856
6.46435
4.64611
6.94505
4.79288
6.57349
7.24595
5.86087
6.38530
4.11709
6.92196
5.78986
7.71776
7.61670
4.43647
6.38984
5.38098
5.19900
2.98689
5.18786
3.70496
5.69622
5.72341
3.76568
3.77438
5.99312
2.83201
2.06003
2.03222
1.95821
2.56850
2.23653
2.12298
2.62121
2.02701
4.52740
1.56157
2.42503
2.75638
2.05578
3.19215
2.64072
1.94769
2.01534
2.55722
2.11169
0.92709
1.65918
0.95609
2.01275
1.15146
1.02481
0.35196
1.84966
0.57998
0.91376
1.21093
1.59457
0.44923
0.72634
1.76721
1.13322
1.74978
2.26124
1.82490
2.71346
1.79587
2.12308
1.29893
1.40413
3.52239
1.42292
2.26250
2.67118
1.11363
2.23754
1.71701
1.54970
7.43794
6.94212
6.86113
6.71479
6.54223
6.65703
7.24204
6.73622
7.27212
6.00783
7.67405
6.84498
7.01458
6.86682
7.26131
6.11150
7.70939
6.58558
5.62526
5.96654
3.83995
7.15934
5.83938
5.85735
3.87054
8.75478
2.34751
2.70847
7.53733
4.98929
2.40501
2.69690
3.13883
1.80882
1.49150
1.50755
1.46721
2.30483
2.67784
1.71962
3.14401
3.04573
2.62418
2.40008
2.40232
2.73596
2.44484
2.67413
2.15814
3.74970
2.71871
1.71060
3.21715
3.80710
2.80344
2.50190
1.83711
2.74303
3.23599
3.21860
6.91382
7.98595
6.99814
6.80230
7.23571
6.69852
5.51569
6.31951
6.08337
5.21955
5.36206
6.55318
7.33122
4.78614
6.33572
8.60217
5.95571
2.75595
5.48565
5.99870
0.94970
2.35412
2.16423
2.47200
2.49850
2.41463
2.22569
3.25151
2.71639
3.22972
4.91275
2.15409
3.32634
3.40589
6.42182
3.78093
5.54829
2.70448
5.84382
4.51305
1.06453
2.19632
1.63864
2.94158
2.27900
1.87174
2.12932
2.12473
1.42110
1.73426
2.68599
8.78817
4.83717
10.03067
6.14739
7.92444
7.57305
7.48208
6.33864
9.04292
2.40272
3.25730
1.52474
1.14155
1.21301
1.68505
1.12588
4.04459
2.21725
2.94550
1.96550
2.14177
2.54954
1.67704
2.34648
2.32725
2.21332
3.45958
1.73492
1.83041
2.67495
5.74798
2.98383
4.35639
3.84243
6.20453
2.13891
3.31619
3.03403
3.16934
8.02349
6.18912
2.99874
5.17858
7.22594
6.16711
6.73247
7.69711
3.72439
5.53232
2.63433
2.96544
2.13261
3.18000
2.41701
2.56072
2.20601
2.92042
3.04644
2.77012
2.27567
3.56687
2.11165
2.88207
2.85575
3.34309
2.84297
3.14640
2.91590
3.02088
0.38827
8.10418
7.61331
10.57943
8.29281
5.94865
7.69486
7.26320
6.45874
6.20170
7.84683
7.97562
6.84405
6.15387
6.76473
7.69028
7.47190
8.14290
7.26603
4.70847
4.64833
2.59600
3.21293
6.64238
5.55089
3.13383
6.24732
4.03714
7.00749
5.53434
3.67632
3.00127
5.60726
3.84305
6.18803
1.54049
2.39310
4.49151
3.63145
8.43572
7.59461
8.63892
7.27663
8.67448
5.16922
6.36070
5.41146
5.87194
6.44209
2.60660
1.23818
3.28458
2.85828
2.15227
2.62492
4.75609
3.27077
2.71801
1.81692
2.62223
2.47301
3.66857
2.25094
3.01631
2.12053
2.53051
3.16467
4.25158
5.01056
2.79356
4.48338
7.43245
7.26430
7.60070
2.50697
5.69555
2.24818
4.67492
0.74525
0.38160
0.78067
1.44357
1.58618
0.83597
2.00164
1.39909
0.33300
1.08264
7.46557
6.93031
6.68900
6.45418
6.95649
7.41780
6.99116
7.66125
8.40551
7.69493
7.36786
7.01979
7.65859
7.84246
8.41894
8.55321
8.55705
7.88475
8.01223
8.37851
9.66342
4.71790
6.68324
2.10207
9.50488
7.29863
8.23681
6.89676
3.23995
6.85939
3.34505
2.91458
2.27162
2.64569
1.29180
3.15677
3.02841
2.75275
3.43153
1.76534
2.75290
1.63125
3.12074
1.95235
1.27683
1.83141
1.93390
2.39173
2.16697
1.47030
1.09597
1.13151
0.32400
1.54507
0.59400
1.01971
1.11970
1.95584
1.32702
1.10044
1.09277
1.90081
1.34236
2.05322
0.97254
0.97266
1.49017
1.41882
0.99050
1.01586
1.39629
1.90764
0.09200
1.05188
1.15124
1.81102
1.51419
0.63250
1.94712
1.37613
0.97889
1.09098
1.62930
2.01250
2.24017
1.22825
0.83022
2.11386
1.50246
1.87472
6.58896
7.37968
8.11520
7.85401
7.38200
10.03740
8.91807
7.99730
8.37993
7.86116
1.86931
2.00507
1.36912
0.74517
1.72631
0.88498
1.48699
1.52093
2.25013
1.94619
7.75388
7.64015
8.09214
9.14484
9.80040
6.59860
7.19643
6.92724
9.25580
5.90725
4.52607
3.37166
2.77453
8.18370
3.57165
3.39660
5.56359
2.50088
2.65089
2.71824
4.02530
2.52046
3.31061
2.84452
3.32902
2.29537
2.14510
2.73450
2.95384
3.10485
2.59949
3.29165
2.69314
3.86945
3.14569
2.45558
2.44566
3.50780
3.72910
2.76475
1.02930
1.42881
2.04050
1.24119
1.69767
0.94985
2.30813
1.97806
1.40421
1.50959
7.95149
8.79302
6.97730
8.19516
3.19701
5.48122
4.39643
7.66753
8.46275
6.30391
2.22439
2.64335
1.31844
1.92053
2.40505
3.10077
2.86579
3.17783
2.90858
2.01564
1.82843
3.11007
2.22345
2.33002
2.46939
2.04882
1.93330
2.22383
3.01544
1.66981
2.53885
2.71210
2.54335
2.34425
2.13929
1.81689
2.13178
2.09748
2.23007
3.39061
4.48294
3.81253
2.76411
2.99033
4.51650
3.13339
2.75806
2.57225
3.45299
4.46327
0.85170
2.90273
0.79274
1.63483
1.89897
3.02461
2.56089
1.34739
1.63700
1.66742
2.10896
1.16626
0.93715
0.98060
2.67873
2.12868
2.50198
1.82984
1.20406
1.16370
1.95164
2.47915
2.14496
2.83487
3.29354
2.92974
2.43860
1.79980
2.98738
1.32552
0.39616
2.01269
2.13815
2.35149
1.99384
2.14353
1.61451
2.30845
2.84196
2.30690
1.95461
2.15562
1.44612
2.21835
1.05360
0.91429
1.46588
1.34504
1.54253
1.42240
3.73110
3.54922
5.02682
3.59149
3.25807
2.99096
3.99275
4.35316
4.28925
2.11551
1.53253
1.84666
3.14028
2.24911
2.58221
3.17566
2.29541
2.70208
2.75701
0.08000
0.96626
3.07302
2.39050
1.15191
2.07096
1.63564
1.25928
1.85298
2.41587
1.96684
7.74324
4.38120
5.90383
4.50014
5.70020
0.86306
5.08281
8.61883
7.21930
8.47917
1.27836
2.28628
2.12060
3.79775
1.79202
1.19754
2.74077
2.48676
2.80956
1.33124
5.09062
6.17935
5.61378
8.11917
6.74300
6.25059
6.78998
6.49177
7.70869
7.10921
1.56072
2.49342
1.86880
1.73297
1.45914
2.19662
1.53513
2.83849
1.93158
3.72405
2.15179
2.19665
2.46970
3.21476
3.14303
2.21255
2.08387
2.85848
2.23101
3.42156
5.74630
5.80068
6.55603
6.97983
5.98399
5.94813
5.60954
5.82321
4.97901
5.01936
5.21683
3.69724
3.42986
5.20447
3.92218
4.21907
3.11934
2.95778
3.06421
3.69021
2.60082
7.25163
5.80613
1.62663
6.49582
4.99324
0.94763
8.21422
7.42927
6.38893
2.53075
2.03912
1.99819
1.66932
0.85061
1.85266
1.23093
1.79341
1.50468
0.81568
7.02456
8.05061
4.71815
5.17194
6.70860
9.09955
5.47303
4.39186
6.48599
7.57500
3.29455
3.09997
2.59297
2.00396
3.14768
1.79312
3.59613
3.86645
3.70137
2.90283
2.65238
3.09015
3.59304
2.95056
2.04893
2.13018
2.96982
2.87499
3.12841
1.85174
2.28343
2.10475
1.95163
3.50615
2.41452
1.49886
2.21676
1.96901
2.26912
2.15922
1.54919
1.60967
2.41261
1.68934
3.14648
3.10877
3.72530
2.96732
2.72350
3.04638
1.64929
2.11753
0.73299
2.01832
1.41586
2.67435
2.03205
0.73571
1.81450
2.27686
1.69189
1.48587
2.19283
1.93779
1.54523
0.82154
2.10505
1.40178
7.30464
6.36859
7.31080
8.17219
5.30503
6.58809
6.47424
7.72992
8.71251
9.19612
0.53239
0.90383
0.96959
1.30585
0.91031
0.47904
-0.74700
1.57619
-0.04800
0.43279
6.96746
5.97526
8.01892
5.62597
5.76169
5.91208
7.04714
6.48620
6.95337
5.56216
1.65695
3.53738
3.13612
3.77728
4.78181
4.40311
3.32905
3.00202
3.30812
2.55069
1.96289
8.41424
8.29656
8.82062
7.49744
7.03684
7.50888
6.99547
7.91632
9.15290
7.90314
2.27242
1.45888
1.77042
2.10194
1.24998
2.21476
2.55216
1.67530
2.53731
1.77674
1.29213
3.07089
1.00672
1.21170
2.71283
0.84251
1.68304
1.11101
0.11600
1.58865
0.92222
0.53100
2.67674
1.29497
1.29111
1.32141
1.41196
1.74986
0.99644
1.32436
1.13408
1.54783
1.70785
2.96353
1.23944
2.16340
2.60765
2.66769
2.73575
1.82662
1.76373
1.73419
2.00121
1.50356
1.79243
1.64525
1.77120
1.32896
1.43985
1.71338
1.85151
2.11643
2.74557
3.48539
2.35430
3.17852
3.19819
3.45326
2.53742
2.74878
1.96274
3.77571
3.35642
5.34959
8.03536
4.19430
6.33508
8.48700
7.35704
6.37839
7.80994
5.72288
5.25695
5.04178
6.08445
5.13652
4.86291
5.53354
6.94454
5.06617
5.60566
6.47296
1.49024
1.26176
0.31400
1.33643
1.47633
1.22708
0.85471
1.24025
1.84234
1.14522
1.39060
1.19330
0.92745
1.94597
1.54154
1.88251
2.60525
2.15206
2.22771
2.16360
2.19999
3.83417
2.21181
3.51797
4.27055
3.98843
4.05032
3.27628
3.89951
3.26578
7.30553
6.25454
6.22655
6.90424
6.99944
7.86038
9.45499
7.81777
7.84188
8.02955
2.71228
1.28980
2.80828
3.35195
2.73821
3.06573
2.87532
1.27819
3.41977
3.24171
2.38927
2.27437
3.49642
4.41884
3.68796
2.77308
3.59811
3.37807
3.50942
4.55363
3.48971
3.57290
3.12702
2.51357
3.02333
3.11527
2.14824
1.98674
2.83399
3.21926
2.56591
2.14837
3.07741
3.35115
2.23741
2.23777
3.37919
2.00165
3.33386
2.69222
3.92302
3.14726
2.04381
2.31733
2.07929
3.24127
2.01818
3.51682
3.70619
2.91146
2.62622
3.17239
0.37001
3.52274
3.24284
2.03897
1.82468
1.81131
2.52964
2.60939
2.35255
2.29172
0.94932
0.50050
1.66033
0.89071
1.05657
1.47141
0.75787
2.11322
1.47802
0.54707
0.61388
1.65730
0.52550
1.37304
0.74865
1.53906
0.95770
0.76643
7.18356
7.77012
7.17341
7.78524
6.43298
6.78360
6.29291
7.37995
9.26227
6.77058
7.40684
7.99741
7.08578
7.50076
9.14320
7.91141
7.34476
6.19125
7.22334
7.14322
5.58788
7.48784
2.56960
5.81232
3.77915
4.42361
5.86769
5.37062
3.64121
7.17086
1.68549
1.32098
1.60361
0.93867
0.77300
1.05228
1.70766
1.07915
1.34466
0.39728
1.96374
2.38771
1.34824
2.55191
2.28700
2.15693
2.05054
2.08060
2.27059
2.96858
3.19896
2.36039
2.41019
2.69802
2.67025
2.92234
3.10293
2.90787
1.00812
0.37683
1.14329
0.94888
1.25429
1.14206
1.21719
1.33501
1.28103
1.23098
2.26135
2.77136
5.56006
6.65493
6.26281
5.67384
6.04259
6.27205
6.13261
6.21414
7.14978
9.39028
2.28152
1.97337
1.92805
2.04593
2.06816
2.25599
1.87633
1.73353
2.20026
2.36297
1.41638
1.74487
2.83478
2.07622
2.02976
1.10380
2.18771
2.54779
3.50050
2.12750
1.67482
2.18491
2.44570
1.33872
2.14271
2.20263
1.99476
1.12376
2.01028
2.16235
1.06121
1.32735
0.45077
0.63757
0.48200
0.71245
0.97530
0.98547
-0.10100
0.69525
2.14181
2.96752
3.76667
4.20286
3.21234
2.29034
2.54224
3.20767
3.22685
3.84882
6.80295
4.58503
5.76313
2.25742
6.10176
7.65632
8.22576
6.63369
9.58465
9.33507
7.52950
6.17975
7.78950
8.89704
8.22214
8.52438
8.18228
8.03924
9.28787
6.37850
2.81011
1.96630
2.04820
2.01342
2.75673
2.84451
1.79382
3.07704
2.22942
2.99895
2.74802
3.12570
1.80539
1.52331
2.84783
2.73852
2.62254
3.44947
2.83889
3.74963
4.53781
8.86924
9.66220
7.80804
6.73436
7.78052
9.34732
8.99475
9.77608
7.23776
1.09302
1.21237
1.21181
1.13106
0.66104
1.07210
1.04449
2.10180
0.90469
1.47252
0.63690
1.45588
0.65986
1.17741
0.98135
1.23872
1.27011
1.66833
1.68504
1.31496
2.17697
2.78607
2.11084
1.38512
1.12588
2.83786
2.43823
1.24444
1.62386
2.46428
1.66299
2.76412
2.89554
1.60139
3.01747
2.11256
0.85985
1.42683
1.84422
2.71581
1.87310
2.47626
2.16730
3.38380
3.76884
4.15984
2.08785
3.50121
5.22513
3.10400
8.76878
6.47780
8.08750
7.67199
8.27514
4.61708
8.38376
3.81067
7.19931
6.17021
3.16880
3.19981
2.42229
2.08414
2.39721
3.00599
1.77347
2.33994
2.29248
3.40308
2.60529
2.65220
2.90875
2.53157
3.48901
4.03629
1.39962
3.07581
2.62207
3.36378
-1.48637
-2.70731
-3.68690
-4.43169
-3.40206
-4.71879
-2.50488
-1.83144
-4.27432
-4.07196
-2.96084
-0.77916
-2.05699
-2.90452
-2.98686
-0.46609
-1.10502
-2.19769
-3.05365
-2.80171
-3.96448
-3.28610
-4.67352
-1.43235
-2.78521
-2.10172
-4.32532
-3.70702
-4.10142
-3.80839
-2.42950
-3.38924
-2.78874
-5.17230
-1.63692
-4.97036
-3.98835
-2.43248
-3.77367
-5.63734
-3.47989
-1.72688
-0.90567
-3.30979
-4.78996
-3.69321
-1.94030
-3.88748
-2.92106
-3.88555
-4.59359
-3.58945
-3.44227
-1.40994
-1.63500
-4.80292
-1.45680
-2.98188
-1.55707
-2.59136
-1.66990
-1.50824
-1.09463
-0.88906
-3.46312
-4.29244
-4.94414
-4.63540
-3.56334
-2.11515
-4.43476
-5.50031
-1.10949
-2.33522
-3.02610
-2.97706
-2.27005
-1.06956
-1.59394
-0.83147
-3.04608
-3.15949
-1.34678
-1.70840
0.25997
-0.97452
-1.68237
-0.31827
-0.15108
-2.25291
-2.47983
-1.84484
-1.06408
-1.81152
-0.97278
-0.72670
-0.12943
-3.29520
-1.12280
-4.94794
-2.21786
-3.10815
-4.15673
-3.71425
-3.85645
-2.53923
-4.00289
-2.70863
-4.38752
-3.07018
-3.61716
-3.62029
-3.11231
-2.74005
-4.47910
-4.81009
-3.12243
-1.85668
-2.78054
-0.59284
-3.52154
-0.84301
-0.06827
-2.94875
-2.36565
-2.71441
-3.41374
-3.36840
-2.79528
-3.64622
-2.43852
-3.66993
-3.64989
-4.98997
-2.44836
-3.82543
-4.29403
-3.67375
-1.07579
-2.56373
-3.29748
-3.00949
-2.91411
-3.91940
-1.85910
-2.40142
-1.46367
-3.18665
-3.19459
-0.64387
-1.07351
-1.29275
-2.90048
-3.01543
-3.77984
-3.44924
-1.89697
-3.27178
-3.20867
-2.56391
-2.14640
-4.75952
-4.85619
-3.40970
-3.79469
-3.10034
-3.37564
-3.64074
-2.22070
-0.53261
-3.55494
-2.80238
-2.34657
-3.09685
-2.27745
-3.03670
-3.12384
-3.42149
-0.46816
-3.30633
-2.27733
-3.29714
-3.38793
-2.51872
-4.36968
-3.31729
-2.68575
-3.15952
0.12472
-4.11689
-1.26402
-2.66829
-2.35278
-1.18574
-3.53274
-2.43616
-3.98593
-0.07279
-6.47009
-5.84774
-8.03279
-3.73972
-4.88473
-5.73709
-5.08578
-3.59161
-2.08367
-1.56132
-2.31125
-4.28470
-3.69529
-4.56921
-3.02368
-3.90679
-3.14750
-4.81673
-2.24648
-4.30516
-0.37347
-3.80237
-2.26645
-4.43670
-3.47123
-1.97583
-3.22022
-3.36003
-2.41118
-1.63694
-1.04817
-3.31531
-3.14125
-3.95406
-3.54459
0.03171
-3.04789
-3.03767
-1.50029
-0.34194
-1.78671
-2.75599
-1.81017
-3.03699
-2.48928
-1.07315
-2.87861
-0.87753
-3.26310
-0.85731
-1.92571
-1.85440
-1.33342
-2.13024
-2.07398
-1.56749
-1.94780
-0.51124
-1.49635
-1.72668
-1.44903
-2.65456
-3.16479
-2.31693
-1.43573
-0.48944
-0.22831
-2.23251
-2.51584
-0.77207
-2.26256
-2.58179
-1.69521
-1.43350
-0.55233
-1.89327
-1.99454
-1.91763
-2.30586
-1.88403
-6.43728
-4.20070
-5.67949
-4.79034
-5.89183
-6.35361
-4.66856
-6.89542
-2.73261
-5.76416
-2.83294
-0.18552
-2.06283
-3.41616
-2.69233
-4.58107
-2.77209
-2.98737
-3.75406
-4.36288
-2.70690
-4.55448
-4.30959
-3.35783
-1.78364
-3.46521
-4.08169
-2.57261
-2.69968
-4.70693
-0.24836
-2.70266
-0.17011
-3.64726
-3.77350
-1.63738
-3.08789
-3.32056
-3.34093
-3.20484
-0.88575
-3.08746
-2.66424
-4.04311
-4.20592
0.63854
-3.40035
-5.20212
-3.48323
-1.14970
-1.76045
-1.87960
-2.08097
-1.20574
-2.56391
-1.18738
-0.12063
-1.78164
-2.22719
-2.47999
-3.61104
-2.84321
-5.23378
-3.92271
-4.85636
-4.16451
-5.12155
-6.55166
-4.92983
-4.96168
-3.54790
-3.69088
-0.86271
-3.34273
-3.38215
-1.14383
-1.29743
0.05126
-4.05855
-3.95205
-3.23113
-5.93240
-2.31312
-5.24434
-4.42258
-1.24741
-4.56195
-3.39619
-3.74330
-3.06806
-2.73646
-1.39157
-3.01423
-2.07132
-0.60876
-2.73524
-3.46023
-2.82593
-3.50114
-3.44343
-1.70333
-2.09879
-1.71764
-0.33937
-1.18780
-1.54007
-0.54419
-0.84980
-2.00344
-2.27318
-2.74456
-3.72034
-3.36705
-4.89392
-2.62688
-3.97487
-4.14858
-4.12673
-3.06876
-1.56150
-2.83306
-1.53532
-3.73420
-3.21545
-3.88249
-1.90226
-4.04808
-3.60903
0.43542
-2.75085
-1.55153
-1.50550
-2.36669
-2.14727
-2.21372
-1.05868
-2.30834
-2.92229
-2.40368
0.21102
-2.26464
-1.88840
-1.17594
-3.04903
-1.30956
-4.19676
-3.45930
-3.58460
-2.82799
-2.40276
-3.60936
-0.84491
-3.14367
-3.04671
-3.92276
-3.39856
-2.52562
0.15927
-4.01893
-2.86472
0.88069
-2.69063
-0.42791
-0.66420
-0.50824
-1.69678
0.34506
-2.93889
-2.87324
-0.63931
-3.65523
-3.13802
-3.18589
-4.06570
-4.73318
-4.63340
-4.78305
-5.31359
-4.84233
-1.66462
-2.70402
-5.81083
-5.93656
-3.09798
-5.33822
-5.76080
-2.80498
-8.03880
-7.02258
-4.24418
-4.40607
-1.89312
-4.63153
-4.98876
-4.23459
-2.66940
-4.60785
-3.45594
-6.35536
-3.30255
-2.01898
-1.05064
-3.67540
-2.07582
-0.49286
-4.18247
-0.91027
-4.19932
-3.15544
-2.38377
-1.26222
-0.24000
-2.75323
-3.48274
-3.24296
-1.24010
-3.53826
-2.41953
-2.56501
-1.26727
-6.04849
-3.46891
-4.55397
-4.52231
-3.72442
-4.90192
-4.71004
-4.47267
-5.90431
-1.60732
-2.86300
-4.25858
-1.79301
-4.76659
-1.86630
-3.20312
-3.99594
-3.25300
-0.90598
-1.46430
-1.28834
-3.08726
-1.81573
-2.23495
-2.47516
-3.25232
-0.31163
-4.37793
-1.36268
-2.67859
-3.73574
-0.66505
-0.27125
-3.82201
-2.99178
-4.27785
-2.77785
-3.56994
-3.01351
-2.81891
-3.12338
-2.65654
-1.77790
-2.59171
-2.33138
-1.27299
-1.72863
-0.81444
-3.78512
-5.76197
-4.83527
-5.73269
-6.90648
-6.21178
-5.29391
-1.58847
-1.77927
-3.86483
-5.04104
-4.20302
-6.10181
-1.80200
-5.51842
-6.38180
-3.01466
-7.89009
-5.47818
-5.78807
-2.96289
-0.38577
-4.95125
0.25658
-3.83915
-1.61032
-2.48807
-3.17364
0.02139
-1.81974
-2.38244
-1.40056
0.13027
-0.64411
-2.06954
-0.90310
0.08469
-0.84265
-2.01685
-2.30046
0.97294
-1.47239
-1.31198
-0.05797
-3.44526
-0.94615
-2.76186
-2.51181
-2.94609
-2.76341
-1.09466
-1.17969
-2.72313
-1.53899
-2.60522
-1.97816
-0.78843
-1.54600
-0.68797
-2.75585
-1.91444
-3.39283
-2.83104
-4.00846
-3.11187
-3.41108
-3.61809
-1.88773
-2.54198
-2.96437
-2.96793
-1.20791
-4.22303
-2.77945
-2.53969
-2.55599
-3.19729
-2.46281
-2.06304
-3.03169
-2.68015
-1.62153
-2.59103
-1.19653
-2.28419
-0.08753
-3.14681
-1.28088
-2.86856
-1.85489
-5.71761
-5.76728
-5.64889
-7.96445
-3.55187
-2.42727
-5.21038
-6.66619
-6.48077
-6.71537
-1.44325
-3.70942
-1.21390
-3.23951
-3.44383
-3.41983
-2.69651
-0.74347
-4.15125
-2.48368
-3.80603
-4.88531
-3.41764
-3.80961
-0.88999
-2.20439
-2.87887
-4.15602
-4.79395
-3.90062
-2.84924
-0.36648
-2.50008
-2.86882
-2.74424
-2.62878
-3.37298
-3.12186
-2.96523
-3.86684
-2.15522
-2.09800
-1.54030
-0.62138
-3.23697
-0.97684
-2.46834
-1.11195
-1.46793
-2.40707
-3.19968
-3.35193
-2.87971
-4.42293
-3.17311
-3.85333
-2.14153
-2.42704
-3.98660
-4.50623
-2.88246
-1.98941
-3.61266
-1.53443
-2.00414
-1.41382
-2.50305
-2.46051
-3.46634
-3.07330
-3.32660
-3.66222
-4.16069
-3.00722
-4.09089
-3.04470
-2.40603
-3.95358
-2.38229
-1.60441
-1.10139
-2.41852
-2.50041
-2.85935
-0.82960
0.21917
-0.69472
-0.52862
-2.31189
-1.44029
-1.03115
-0.42126
-1.85345
-1.50234
0.32414
-1.33778
-1.57650
-1.64735
-1.56463
-2.76037
-1.40252
-0.90879
-1.51709
-1.37265
-1.35630
-1.72270
-1.27493
-1.36583
-1.14328
-1.54585
-1.73674
-1.75784
-2.61325
-0.45433
-3.28656
-2.72468
-0.71276
-2.02278
-2.15279
-2.98351
-2.34629
-0.75942
-2.30459
-1.20269
-1.63070
-0.52846
-2.30549
-0.39624
-3.67321
-1.99433
-3.00049
-2.50025
-1.71549
-2.21537
-0.80530
-2.92825
-2.51106
-2.04081
-3.08078
-2.69558
0.29937
-3.99807
-2.41844
-1.93918
1.11387
-3.26492
-0.22140
-1.71841
-3.13971
-2.86816
-1.81687
-1.35719
-2.83995
-1.04023
-1.55504
-0.25612
0.67873
-1.70942
-2.39399
-3.24648
0.38155
-0.65299
-0.06920
-0.48758
-1.06669
-1.76141
0.02870
-0.43065
-0.95753
-1.15382
-3.34064
-3.53842
-1.71573
-1.81231
-1.87671
-2.27854
-3.67441
-3.79306
-2.84037
-1.87681
-2.03764
-1.35204
-2.25189
-2.57609
-1.54641
-2.28292
-0.73747
-0.99252
-0.58659
-2.01813
-2.35206
-0.16389
-1.68531
-1.98416
-1.11187
-2.03049
-0.20783
-1.56971
-2.17961
-2.28042
-2.80912
-2.21520
-2.01719
-1.56894
-3.39513
-1.04431
-3.65442
-4.08669
-3.72623
-4.02177
-3.84478
-0.81104
-3.59609
-1.76990
-0.77084
-2.68201
0.36847
-3.05713
-1.33041
-2.52041
-4.80401
-6.97885
-5.87435
-4.90791
-5.83888
-5.14262
-3.67299
-1.81080
-3.51910
-5.71745
-0.93275
-1.39895
-2.80838
-1.82486
-1.60158
-1.97892
-0.79244
-2.35115
-1.07980
-0.68067
-3.98033
-3.98524
-3.40266
-3.83343
-1.71966
-2.52068
-1.95990
-3.74162
-2.57484
-2.76155
-4.03543
-6.42651
-3.16838
-2.87439
-2.91751
-5.02845
-4.47952
-5.77757
-5.51489
-4.09625
-2.99465
-2.19638
-2.06510
-3.20891
-0.30767
-2.65939
-2.36059
-2.30713
-0.90177
-2.23824
-1.93616
-2.09394
-2.72468
-4.79447
-5.21196
-3.12412
-4.90518
-4.68943
-4.76670
-4.68724
-2.93205
-1.88222
-2.01748
-3.35763
-3.97748
-3.18771
-3.09987
-3.53037
-4.02336
-4.08242
-4.06388
-1.52444
-3.36095
-4.05029
-0.89897
-1.90121
-0.43280
-0.46020
-2.19812
-3.68087
-1.64770
-1.80748
-2.68674
-3.15149
-3.31140
-2.75266
-1.61861
-3.14804
-2.86866
-1.37269
-3.28558
-2.10186
-1.64575
-1.26019
-2.86035
-3.06019
-1.48688
-1.33068
-1.77133
-1.90576
-2.34272
-3.02769
-4.04576
-4.81478
-3.08663
-4.50121
-3.54092
-3.66402
-1.10037
-0.26510
-2.03483
-4.64432
-4.31934
-1.05708
-5.57805
-4.15534
-3.57821
-4.79037
-0.49873
-0.62335
-1.59248
-1.52546
-2.31801
-3.08965
-1.95417
-1.85161
-1.91484
-3.66245
-2.87922
-3.33884
-1.89444
-2.89713
-1.89360
-1.56109
-2.63908
-2.60384
-2.71854
-0.78320
-0.49627
-4.34694
-0.84016
-3.26892
-5.02415
-4.16123
-4.12115
-4.69406
-4.56599
-2.32650
-2.32802
-2.67752
-2.74292
-1.17847
-2.42856
-3.70196
-4.01378
-2.98517
-2.60253
-2.86579
-4.21624
-5.83861
-2.57077
-4.27774
-5.16438
-4.95993
-5.98407
-6.03292
-4.42980
-6.41833
-3.24408
-1.91952
-2.69628
-4.02483
-2.38263
-4.39308
-3.76585
-2.92307
-3.21092
-3.18016
-2.09586
-5.77781
-5.59828
-2.61322
-4.56292
-4.10152
-6.31242
-4.34972
-3.95141
-4.13373
-4.54772
-2.72305
-1.75191
-2.35576
-2.29487
-0.49076
-3.22344
-2.83526
-2.53093
-3.21380
-2.48542
-1.35643
-2.33196
-3.05620
-3.21179
-1.49942
-4.05595
-1.30289
-3.58898
-2.70040
-2.78276
-2.74344
-1.95187
-3.09620
-2.38959
-3.41940
-2.91197
-2.06040
-2.29188
-1.75171
-3.04384
-3.08352
-3.55607
-2.69352
-2.04309
-2.29137
-2.94779
-2.65337
-0.26807
0.09102
-1.51245
-2.49416
-2.98907
-2.07348
-0.68896
-0.88183
-3.18714
-2.85681
-3.94268
-1.91698
-3.16538
-2.63901
-3.30471
-3.83102
-3.30781
-3.57392
-3.48800
-3.64670
-2.78150
-2.84462
-3.88644
-3.20614
-3.75171
-3.31208
-4.22656
-4.39925
-2.97076
-2.69394
-4.54201
-3.75209
-4.80500
-2.83127
-3.23520
-3.16834
-3.08303
-4.32573
-4.82665
-6.02487
-4.61183
-1.55333
-3.65020
-4.41875
-3.56286
-3.64561
-2.19595
-3.64802
-2.78103
-0.82149
-3.48154
-3.63250
-2.52238
-1.72835
-3.07818
-2.77768
-4.17765
-2.62886
-1.38451
-3.70569
-3.37169
-1.00297
-3.05655
-3.67733
-0.55855
-3.25711
-3.65756
-2.27944
-1.54272
-1.91524
-2.85390
-2.84195
-0.51672
-2.25890
-1.95519
-4.94840
-4.59627
-5.12379
-2.64361
-2.09259
-4.59630
-2.22500
-5.54213
-2.55195
-6.15946
-1.68346
-2.36994
-2.52248
-3.26715
-2.18534
-2.69045
-2.31602
-1.64250
-2.18362
-0.11357
-1.73870
-1.58459
-3.52949
-1.00469
-2.78814
-2.98179
-2.51121
-2.00704
-1.75380
-2.44033
-3.15405
-2.78443
-2.24588
-3.50381
-0.91743
-2.93474
-2.77723
-3.80479
-3.28964
-3.05603
-4.04542
-2.89053
-2.67115
-4.36306
-4.85350
-3.14788
-1.14545
-4.57911
-4.38790
-4.03922
-0.14132
-3.61464
-4.33408
-4.97277
-4.04082
-1.76715
-4.23133
-4.08931
-3.62873
-1.67017
-3.45519
-5.60764
-4.16392
-5.34940
-2.83254
-4.07465
-3.21266
-5.30769
-1.48498
-4.31769
-2.48763
-3.74571
-2.94715
-1.56874
-1.22474
-2.44914
-2.38240
-2.55667
-3.49197
-0.67571
-1.03244
-2.42736
-2.76852
-0.40822
-2.91563
-2.67820
-2.17344
-2.12168
-2.07009
-2.58490
-4.11616
-5.60087
-2.83296
-4.09282
-4.40966
-5.45742
-3.70743
-4.22923
-1.84679
-5.17677
-5.38396
-5.52290
-5.72400
-6.43950
-2.78866
-4.54512
-5.16514
-5.32982
-6.13429
-6.04768
-4.23602
-4.28168
-3.34912
-4.29635
-3.89986
-4.27217
-3.97688
-4.28876
-3.39977
-4.02438
-2.72402
-3.66301
-2.55619
-0.43666
-2.07276
-2.13967
-2.16673
-2.27945
-2.06400
-3.56395
-0.83061
-1.02310
-0.68658
-2.68402
-1.00208
-0.26714
-1.41640
-0.64839
-3.25121
-3.16516
-2.45438
-1.54091
-2.21237
-2.14756
-0.88763
-1.59600
-2.10709
-1.46974
-1.94337
-1.38715
-2.54299
-2.31259
-1.84528
-1.70039
-2.78016
-0.65343
-2.42131
-1.67567
-3.01224
-2.06344
-3.42784
-5.90733
-5.44538
-5.15197
-6.24681
-6.93645
-5.02336
-3.42805
-5.73208
-2.54315
-1.84886
-3.28062
-3.01208
-3.88944
-3.52305
-3.73547
-0.84065
-1.38638
-1.49160
-3.06459
-2.31192
-1.01419
-0.24212
-3.91420
-4.21892
-1.50123
-2.71722
-0.32940
-4.14376
-0.55654
-2.42645
-4.38321
-3.84760
-1.52726
-2.68653
-3.35570
-2.41977
-4.26654
-4.12586
-3.20514
-1.52766
-3.04507
-2.84953
-2.64947
-2.76110
-2.67102
-2.03556
-3.23417
-2.86792
-4.28302
-3.42599
-2.81158
-3.68802
-3.72597
-3.79499
-3.03237
-3.72954
-4.08958
-2.61885
-2.02179
-2.50119
-4.49618
-3.47030
-1.46422
-2.39930
-3.99168
-3.70126
-4.01056
-0.71846
-0.81970
-4.52446
-5.46251
-5.04716
-6.28794
-5.90966
-4.67600
-5.76070
-6.05163
-3.61135
-4.66257
-3.57550
-1.62832
-1.72485
-3.10272
0.98717
-2.33407
-2.64458
-4.10457
-2.95554
-1.18184
-1.02897
-3.47288
-3.21760
-3.53799
-3.97782
0.69759
-4.40127
-3.45986
-3.81333
-2.67265
-3.02765
-3.93620
-3.31156
-3.58351
-4.55420
-3.81187
-1.33269
-5.03020
-5.71925
-3.43672
-3.46139
-2.88760
-3.29085
-3.66231
-3.50731
-1.05425
-3.29760
-2.99715
-3.54033
-2.84377
-1.84320
-0.68412
-2.36851
-2.24685
-2.25763
-2.23284
-1.81797
-1.87781
-0.13963
-1.70476
-0.29635
-0.75454
0.09319
-2.00629
-2.48154
-2.36516
-3.07284
-2.34746
-1.01121
-0.85402
-3.06613
-2.50640
-1.74205
-2.86797
-0.25713
-2.13860
-4.10362
-3.04425
-4.04440
-5.27258
-3.45075
-3.72858
-2.64691
-3.03868
-2.53984
-3.26149
-0.42672
-0.06108
-4.25156
-3.05901
-3.41431
-4.45334
-5.65429
0.79706
-3.22450
-4.49306
-1.24620
-4.72316
-3.98418
-1.95984
-0.00217
-3.62218
-3.55511
-4.14561
-1.06254
-4.14550
-4.79098
-4.29361
-3.27843
-4.36297
-3.51001
-0.92059
-4.65421
-3.93230
-4.16743
0.70481
-4.16276
-0.65069
-3.72874
-0.36850
