0.78972
0.79426
0.82002
0.76109
0.81738
0.80953
0.72696
0.81440
0.81077
0.80039
0.81647
0.78468
0.81398
0.82768
0.82705
0.78695
0.78917
0.81017
0.83055
0.81248
0.82147
0.77669
0.81138
0.80906
0.82149
0.83581
0.83287
0.83461
0.82903
0.82655
0.79800
0.80994
0.77494
0.82025
0.81548
0.79990
0.81094
0.79241
0.78932
0.81265
0.81297
0.80012
0.82072
0.78466
0.81103
0.81277
0.83366
0.82034
0.81944
0.82686
0.79463
0.82581
0.79995
0.81200
0.84628
0.83705
0.82830
0.82351
0.83593
0.83310
0.79717
0.84023
0.83325
0.80269
0.80932
0.80500
0.80757
0.81847
0.79913
0.79990
0.80653
0.79833
0.80967
0.78445
0.80482
0.79949
0.78749
0.73979
0.82097
0.77726
0.80436
0.81091
0.80973
0.80806
0.82347
0.82809
0.82055
0.82601
0.80317
0.81363
0.81297
0.79701
0.81915
0.82480
0.80880
0.78906
0.76085
0.81820
0.82730
0.80907
0.82849
0.81636
0.81727
0.80418
0.82751
0.82390
0.80393
0.81674
0.80723
0.79115
0.83322
0.81499
0.81641
0.79374
0.79939
0.81243
0.83151
0.81258
0.80851
0.75744
0.77242
0.81539
0.78670
0.77000
0.82584
0.82074
0.83492
0.82996
0.85297
0.82369
0.80436
0.80333
0.81688
0.80947
0.80420
0.81522
0.80356
0.80383
0.80625
0.81187
0.80292
0.80770
0.80877
0.82128
0.79936
0.75400
0.80594
0.81479
0.79922
0.78186
0.84345
0.81530
0.77370
0.81710
0.83478
0.79874
0.80178
0.80630
0.80592
0.79449
0.78617
0.79418
0.80756
0.79443
0.80307
0.80579
0.82729
0.80674
0.76931
0.78786
0.74036
0.77837
0.75088
0.80934
0.79764
0.78951
0.79350
0.72396
0.81829
0.81996
0.81999
0.80272
0.80846
0.79951
0.80064
0.80077
0.80772
0.81388
0.81834
0.80020
0.80126
0.73755
0.81735
0.82621
0.82291
0.79856
0.77605
0.80059
0.80283
0.76310
0.79313
0.81131
0.75502
0.78268
0.80498
0.81606
0.80324
0.83101
0.84548
0.78920
0.80168
0.81391
0.80352
0.81875
0.80320
0.81246
0.84297
0.80760
0.79776
0.81472
0.82604
0.83240
0.82443
0.80534
0.79940
0.82388
0.83677
0.83167
0.81952
0.77807
0.80288
0.79632
0.80119
0.80814
0.80130
0.79972
0.80753
0.82688
0.82537
0.83465
0.82265
0.80284
0.80518
0.83616
0.77193
0.80169
0.80684
0.80207
0.78428
0.81430
0.73576
0.75667
0.81834
0.77248
0.75233
0.71195
0.79079
0.83372
0.80041
0.78089
0.80867
0.80129
0.79022
0.79630
0.79539
0.80832
0.77950
0.80648
0.78756
0.80419
0.80984
0.80388
0.77478
0.81507
0.77561
0.82325
0.79768
0.79457
0.82711
0.81514
0.82643
0.84115
0.79314
0.82073
0.84244
0.81856
0.79671
0.81149
0.80092
0.78492
0.81036
0.82121
0.79062
0.82084
0.81108
0.79593
0.80757
0.80518
0.82185
0.81789
0.81674
0.80794
0.81232
0.84196
0.80519
0.82246
0.79123
0.82064
0.81699
0.83231
0.81681
0.81783
0.81950
0.77890
0.82304
0.76980
0.80604
0.80731
0.76649
0.76330
0.82820
0.81081
0.83712
0.72714
0.80455
0.81793
0.81740
0.81063
0.80005
0.80726
0.81945
0.78012
0.80154
0.78970
0.76668
0.79870
0.79791
0.78900
0.84541
0.79479
0.84431
0.83073
0.78605
0.82709
0.82509
0.83054
0.83473
0.80843
0.81898
0.82595
0.83088
0.81889
0.81996
0.82595
0.81709
0.86014
0.83614
0.82167
0.79946
0.80837
0.78513
0.76242
0.80396
0.80197
0.84237
0.78957
0.84205
0.83604
0.82518
0.82993
0.83968
0.83088
0.82584
0.82618
0.80411
0.83131
0.83033
0.82223
0.81645
0.78235
0.81779
0.82437
0.80899
0.79281
0.78574
0.82712
0.78096
0.83161
0.82434
0.82973
0.82752
0.82887
0.82794
0.79861
0.80753
0.79771
0.81269
0.82274
0.79295
0.75224
0.77885
0.79050
0.74532
0.74693
0.78661
0.82651
0.78627
0.79556
0.80802
0.84301
0.83221
0.81402
0.81193
0.81210
0.79920
0.81523
0.70947
0.78594
0.83796
0.81612
0.82457
0.81771
0.81149
0.81665
0.80277
0.80405
0.81991
0.79189
0.81408
0.82507
0.82705
0.82693
0.81476
0.81426
0.82935
0.81271
0.83397
0.83286
0.79240
0.80098
0.77833
0.79453
0.79282
0.79472
0.78143
0.81054
0.80804
0.78857
0.80009
0.79505
0.81678
0.81791
0.80158
0.81552
0.81863
0.79943
0.76721
0.83996
0.77937
0.81889
0.83407
0.82542
0.81146
0.80846
0.82339
0.81176
0.83447
0.81609
0.81104
0.80963
0.82004
0.83922
0.83318
0.79299
0.80318
0.80569
0.81980
0.81802
0.75708
0.81785
0.82230
0.76498
0.79671
0.79617
0.81010
0.79456
0.81953
0.78324
0.75535
0.80225
0.81218
0.78925
0.83372
0.74379
0.81261
0.81246
0.77762
0.82081
0.81229
0.81686
0.81703
0.83781
0.82652
0.81337
0.80933
0.78007
0.81013
0.82887
0.81890
0.81898
0.82019
0.82227
0.79732
0.79216
0.77887
0.78840
0.80894
0.80894
0.82114
0.78302
0.78822
0.80593
0.81091
0.79504
0.80061
0.72489
0.70600
0.82357
0.80397
0.83508
0.78478
0.84559
0.80460
0.79552
0.77389
0.80265
0.82457
0.79273
0.75265
0.78458
0.78087
0.80815
0.80427
0.84180
0.82289
0.72291
0.79910
0.81356
0.79918
0.82687
0.83727
0.80881
0.81473
0.83689
0.82142
0.82773
0.85227
0.83047
0.81607
0.81195
0.83213
0.82690
0.82126
0.80506
0.80167
0.81148
0.83860
0.79967
0.81505
0.83228
0.82110
0.81696
0.81687
0.83176
0.83131
0.78247
0.80234
0.84408
0.81966
0.72533
0.80979
0.79683
0.82296
0.78519
0.78846
0.77903
0.81917
0.85968
0.81433
0.81103
0.80979
0.81995
0.77943
0.76191
0.80625
0.75555
0.82035
0.78368
0.81041
0.74591
0.81028
0.76834
0.80241
0.82671
0.82928
0.79370
0.78817
0.74509
0.78966
0.79740
0.74235
0.80496
0.79801
0.76211
0.77500
0.72621
0.78963
0.77947
0.76734
0.75430
0.79626
0.83364
0.80557
0.80679
0.83002
0.78309
0.79276
0.76000
0.77936
0.79947
0.76504
0.74995
0.80659
0.82523
0.80341
0.79187
0.82395
0.82301
0.83203
0.82454
0.81968
0.81386
0.82846
0.82368
0.82332
0.81370
0.76527
0.81071
0.81440
0.81787
0.81529
0.80896
0.81160
0.78091
0.81511
0.80010
0.80809
0.80690
0.83117
0.81947
0.80476
0.78941
0.81024
0.81312
0.81993
0.81936
0.83301
0.82517
0.79842
0.82344
0.81305
0.84298
0.81750
0.81577
0.83061
0.82324
0.82171
0.80570
0.83553
0.84525
0.81997
0.81563
0.83720
0.81111
0.78896
0.82500
0.81290
0.81756
0.80718
0.79951
0.81492
0.81692
0.81418
0.82341
0.79873
0.80878
0.83526
0.80262
0.82745
0.76915
0.81927
0.76402
0.80114
0.80598
0.79324
0.75097
0.81445
0.80521
0.81184
0.80471
0.82304
0.81825
0.74181
0.80785
0.82370
0.81443
0.81603
0.81983
0.80917
0.80411
0.80971
0.81398
0.82167
0.78728
0.82340
0.80461
0.81212
0.80786
0.79538
0.81494
0.80392
0.81988
0.82835
0.83839
0.81105
0.81458
0.82371
0.78847
0.80429
0.80128
0.78084
0.76254
0.81571
0.78229
0.82816
0.80295
0.83687
0.82541
0.83453
0.83831
0.82661
0.81956
0.83008
0.83254
0.82957
0.82633
0.79288
0.83031
0.80054
0.81081
0.80993
0.80650
0.80790
0.81359
0.80596
0.84120
0.80621
0.79494
0.77971
0.78440
0.78518
0.79163
0.78069
0.74768
0.75972
0.79222
0.83202
0.84870
0.87869
0.83574
0.81513
0.84600
0.85135
0.79584
0.80889
0.79128
0.69670
0.78411
0.81307
0.75711
0.79904
0.81293
0.77333
0.82940
0.80469
0.85768
0.80774
0.73827
0.80333
0.79994
0.75073
0.76384
0.75844
0.82194
0.81511
0.77883
0.81837
0.80611
0.79267
0.80782
0.80121
0.80781
0.80419
0.79787
0.81055
0.81137
0.77770
0.81908
0.79957
0.80380
0.80936
0.81203
0.81621
0.79062
0.80832
0.80602
0.79848
0.81626
0.79861
0.81191
0.81386
0.79410
0.78741
0.80315
0.78638
0.77101
0.84224
0.84945
0.85798
0.84316
0.82208
0.82645
0.83700
0.81314
0.80774
0.82801
0.83757
0.82351
0.81524
0.83638
0.79664
0.82731
0.84856
0.83060
0.84671
0.80795
0.82097
0.79151
0.80744
0.80592
0.82267
0.82141
0.82834
0.81580
0.79696
0.81240
0.80196
0.78542
0.79374
0.79670
0.80252
0.79743
0.81336
0.80434
0.79174
0.81810
0.81795
0.80185
0.80164
0.80120
0.79195
0.79825
0.81931
0.79250
0.79575
0.81095
0.78332
0.79736
0.77336
0.75564
0.78256
0.78437
0.73156
0.77693
0.78988
0.75531
0.81593
0.82875
0.82749
0.83628
0.83307
0.81255
0.80503
0.83294
0.83356
0.80722
0.80368
0.81178
0.82580
0.83082
0.81173
0.78356
0.81698
0.83245
0.82997
0.81138
0.82281
0.80168
0.75373
0.83105
0.76946
0.75602
0.76260
0.73978
0.75913
0.76973
0.81549
0.81362
0.82230
0.80826
0.81768
0.81271
0.83235
0.82054
0.80625
0.80186
0.79078
0.81930
0.81017
0.81557
0.79667
0.79400
0.78060
0.81244
0.81979
0.82755
0.80418
0.79681
0.81448
0.80518
0.79726
0.79142
0.78786
0.80482
0.82668
0.80918
0.84885
0.78275
0.80909
0.80478
0.82253
0.82203
0.80612
0.78954
0.80650
0.79086
0.80625
0.81140
0.81896
0.74030
0.82530
0.79922
0.81292
0.81055
0.79852
0.79868
0.79102
0.77936
0.74537
0.81391
0.79162
0.77740
0.81801
0.76987
0.82298
0.83502
0.76719
0.82679
0.81799
0.77179
0.75151
0.74890
0.80763
0.76176
0.80511
0.79820
0.80456
0.80727
0.81276
0.80447
0.80667
0.81725
0.80521
0.78157
0.82874
0.79994
0.76275
0.73083
0.79286
0.81947
0.78600
0.82562
0.77456
0.80999
0.81117
0.76905
0.80717
0.80067
0.82055
0.81543
0.80709
0.78444
0.81963
0.80007
0.80591
0.81202
0.80252
0.79825
0.81925
0.79660
0.81200
0.80114
0.80872
0.80798
0.81095
0.80808
0.81759
0.78756
0.80528
0.82462
0.82124
0.81744
0.79578
0.82095
0.81977
0.75008
0.79688
0.79399
0.79489
0.75013
0.74511
0.81299
0.79708
0.80063
0.79049
0.81662
0.78729
0.80902
0.80048
0.82288
0.80360
0.76399
0.78220
0.78534
0.79029
0.79840
0.78094
0.80618
0.82537
0.80342
0.83364
0.82940
0.83311
0.84286
0.79912
0.79239
0.82063
0.82023
0.81485
0.83239
0.82844
0.81776
0.80504
0.79599
0.80770
0.82865
0.81109
0.78593
0.75498
0.78589
0.74746
0.75142
0.77085
0.74612
0.82040
0.82958
0.79285
0.79955
0.79932
0.80174
0.81087
0.81638
0.82008
0.79995
0.80600
0.80501
0.80113
0.81436
0.80590
0.79798
0.79566
0.80309
0.80845
0.81226
0.79076
0.83143
0.79080
0.78238
0.81702
0.76813
0.76255
0.78026
0.79792
0.76992
0.77046
0.75232
0.78809
0.81604
0.80974
0.81840
0.82190
0.77526
0.79155
0.80034
0.81607
0.81162
0.83192
0.79714
0.76932
0.72797
0.75223
0.74875
0.79794
0.77727
0.80087
0.80191
0.79424
0.80992
0.81435
0.80387
0.80426
0.81374
0.82690
0.82189
0.84887
0.79921
0.81788
0.81451
0.81559
0.80924
0.84085
0.81577
0.82457
0.85887
0.83901
0.84008
0.81380
0.80444
0.79820
0.78197
0.81186
0.80073
0.80077
0.81214
0.77591
0.81435
0.83851
0.81709
0.77977
0.77900
0.80241
0.80660
0.81293
0.79985
0.81348
0.80163
0.81226
0.80340
0.81578
0.81429
0.81781
0.82538
0.81339
0.81767
0.80954
0.80360
0.82507
0.81266
0.79723
0.74942
0.78804
0.80050
0.78594
0.80944
0.80946
0.76021
0.80338
0.81930
0.81605
0.80926
0.77287
0.77129
0.80608
0.78857
0.78975
0.80808
0.81263
0.78764
0.79303
0.79517
0.78573
0.85916
0.80235
0.76823
0.81271
0.73940
0.79549
0.75848
0.81833
0.79337
0.77896
0.81180
0.77178
0.80462
0.80747
0.75462
0.81312
0.74783
0.79865
0.79484
0.79571
0.80727
0.81803
0.75281
0.79482
0.78643
0.79754
0.78696
0.80383
0.83804
0.80804
0.80509
0.79999
0.81919
0.83110
0.80727
0.80348
0.80337
0.80508
0.82594
0.79546
0.78719
0.82434
0.82021
0.79499
0.79941
0.81907
0.80849
0.81365
0.83037
0.82229
0.79973
0.78206
0.81963
0.78290
0.82524
0.81841
0.82045
0.79232
0.83486
0.69513
0.82374
0.81307
0.79224
0.79652
0.79573
0.79001
0.83236
0.81686
0.75169
0.82393
0.79547
0.81693
0.79252
0.80931
0.82951
0.82073
0.76920
0.78341
0.81169
0.77873
0.82949
0.80773
0.79081
0.77796
0.76795
0.59325
0.73667
0.73687
0.73137
0.78927
0.70161
0.77213
0.74787
0.78726
0.81007
0.78292
0.79066
0.80556
0.82923
0.77647
0.81145
0.81172
0.80295
0.81432
0.79981
0.84154
0.83287
0.81754
0.81964
0.79509
0.80125
0.79044
0.80889
0.82005
0.84192
0.79544
0.75321
0.79323
0.76457
0.80090
0.82075
0.80470
0.78081
0.78618
0.80395
0.75255
0.81690
0.80037
0.81341
0.77076
0.85206
0.76252
0.80973
0.76355
0.79778
0.76710
0.80960
0.80572
0.81723
0.75597
0.79430
0.81486
0.78109
0.80781
0.79425
0.82869
0.80576
0.80655
0.80703
0.80680
0.81783
0.81640
0.78757
0.81587
0.77434
0.79345
0.80139
0.79393
0.79571
0.80803
0.80648
0.78858
0.82578
0.83204
0.81300
0.83167
0.83310
0.79885
0.80918
0.82255
0.80755
0.81998
0.82360
0.80509
0.82498
0.81839
0.84610
0.83433
0.82597
0.83484
0.82059
0.82589
0.82230
0.80477
0.83978
0.81179
0.81562
0.82047
0.81701
0.76976
0.83011
0.81856
0.85238
0.79635
0.79999
0.76797
0.83194
0.81711
0.82176
0.81603
0.82197
0.81839
0.80513
0.81193
0.80436
0.80056
0.78766
0.81157
0.82357
0.82189
0.81827
0.76163
0.82355
0.81404
0.83024
0.81648
0.83516
0.77659
0.79196
0.84021
0.75380
0.80481
0.81255
0.83138
0.84439
0.72215
0.82275
0.82871
0.77057
0.77920
0.79667
0.83262
0.79104
0.76935
0.79887
0.80767
0.80601
0.79949
0.80646
0.80387
0.77808
0.81165
0.71616
0.78051
0.75208
0.80409
0.83918
0.80086
0.84650
0.79678
0.81457
0.81625
0.83885
0.77424
0.83727
0.78881
0.81834
0.79277
0.80433
0.82744
0.79193
0.83756
0.80129
0.82084
0.80894
0.79694
0.79169
0.80134
0.83470
0.81326
0.79080
0.78887
0.82638
0.74843
0.81811
0.79731
0.82247
0.78831
0.82758
0.79465
0.80796
0.79477
0.68666
0.80727
0.76161
0.77325
0.28784
0.38296
0.25269
0.49431
0.33330
0.25242
0.32970
0.26003
0.58524
0.28702
0.23773
0.24021
0.28916
0.30442
0.49708
0.32728
0.43404
0.22419
0.25864
0.23906
0.22144
0.28059
0.20606
0.24019
0.25018
0.31462
0.33702
0.21114
0.26714
0.20542
0.27334
0.28129
0.23920
0.22191
0.26077
0.24509
0.25727
0.30918
0.21724
0.24972
0.23234
0.30998
0.25595
0.30777
0.21218
0.22497
0.27051
0.28034
0.29575
0.23058
0.22856
0.26125
0.19276
0.24946
0.31356
0.21708
0.21274
0.24688
0.25343
0.25659
0.19480
0.29122
0.29329
0.34536
0.24415
0.23018
0.21845
0.22790
0.22967
0.49764
0.25116
0.20637
0.49735
0.26225
0.32248
0.24549
0.23658
0.27721
0.28923
0.25512
0.34980
0.28872
0.24099
0.20502
0.40037
0.32652
0.25807
0.35453
0.58085
0.24200
0.31337
0.46925
0.25728
0.29106
0.34341
0.25560
0.38224
0.41658
0.31802
0.23441
0.25552
0.25967
0.25242
0.26361
0.26583
0.33852
0.30808
0.31580
0.21899
0.25502
0.45815
0.24464
0.25812
0.74772
0.27641
0.27614
0.25175
0.37792
0.27920
0.35904
0.20014
0.27480
0.23914
0.24990
0.51702
0.29114
0.31699
0.25256
0.54183
0.19420
0.25141
0.21757
0.28999
0.22165
0.30310
0.24674
0.24101
0.26747
0.53251
0.28850
0.29092
0.26690
0.26850
0.24400
0.37946
0.38321
0.38794
0.25808
0.34644
0.25169
0.29575
0.32347
0.53354
0.31460
0.24709
0.31151
0.27950
0.24780
0.25165
0.25197
0.27383
0.25495
0.29366
0.37468
0.21886
0.32140
0.24636
0.27785
0.25343
0.37640
0.27795
0.23455
0.27097
0.19435
0.24173
0.20336
0.24216
0.26911
0.37435
0.22802
0.22622
0.27634
0.24361
0.27074
0.23706
0.21004
0.25836
0.19047
0.38394
0.23847
0.28446
0.25386
0.46019
0.39426
0.23251
0.25929
0.25469
0.32610
0.22458
0.24108
0.22961
0.28138
0.25385
0.26681
0.22108
0.22598
0.23932
0.26472
0.22349
0.25459
0.22610
0.22447
0.37489
0.28925
0.27922
0.21750
0.32721
0.25264
0.20245
0.22384
0.25828
0.23994
0.26624
0.24128
0.21521
0.26398
0.24800
0.21085
0.26656
0.27876
0.49037
0.62070
0.47949
0.25610
0.25652
0.26141
0.28994
0.47716
0.19058
0.28132
0.51619
0.25914
0.26855
0.29343
0.26129
0.30395
0.50877
0.48037
0.23196
0.24586
0.23272
0.24970
0.29617
0.26714
0.46018
0.39712
0.26527
0.23969
0.45832
0.26361
0.28843
0.23566
0.26379
0.24822
0.26278
0.28820
0.24104
0.26608
0.21537
0.20378
0.46531
0.35074
0.29270
0.22576
0.26555
0.28686
0.26841
0.29764
0.22038
0.23483
0.26767
0.23863
0.19584
0.22594
0.24918
0.22096
0.26654
0.25982
0.23964
0.27110
0.23913
0.23118
0.26813
0.25802
0.25806
0.27102
0.25712
0.23488
0.22758
0.23569
0.23159
0.30020
0.56117
0.28376
0.22743
0.19836
0.27787
0.29687
0.32962
0.35074
0.28368
0.32065
0.24746
0.37202
0.24564
0.52525
0.22029
0.25873
0.26228
0.46593
0.40935
0.24392
0.40749
0.35710
0.24244
0.26230
0.26649
0.50038
0.20681
0.23652
0.21605
0.27424
0.20381
0.26037
0.24929
0.22111
0.23471
0.26763
0.35125
0.26114
0.24867
0.24015
0.23797
0.23655
0.24486
0.24802
0.21753
0.23153
0.30868
0.25812
0.51754
0.28290
0.23596
0.28222
0.27128
0.26742
0.23361
0.22830
0.23485
0.24107
0.36445
0.28413
0.31008
0.27719
0.48655
0.28378
0.27878
0.22575
0.22568
0.27714
0.25275
0.28405
0.26745
0.24315
0.26125
0.22314
0.24280
0.23368
0.27614
0.39658
0.37413
0.33702
0.23589
0.22967
0.36735
0.22211
0.24869
0.35202
0.22958
0.29502
0.27304
0.21712
0.30965
0.28069
0.25689
0.23582
0.26582
0.24023
0.20982
0.23203
0.22006
0.26636
0.26074
0.24215
0.33999
0.38752
0.40653
0.31981
0.24984
0.22693
0.26020
0.25661
0.22388
0.26329
0.37915
0.31311
0.24888
0.55162
0.27548
0.23576
0.27276
0.21946
0.29652
0.21425
0.26322
0.19701
0.21354
0.22890
0.26059
0.28024
0.21956
0.22935
0.28507
0.34787
0.30179
0.45664
0.21876
0.26723
0.26498
0.25162
0.26589
0.26297
0.25066
0.33736
0.34996
0.25967
0.23759
0.24146
0.32587
0.26056
0.25653
0.52126
0.26011
0.27723
0.23352
0.25764
0.25832
0.30590
0.21489
0.22665
0.25487
0.27547
0.25343
0.22541
0.27166
0.21328
0.27330
0.21923
0.25102
0.25151
0.20272
0.28028
0.29261
0.42936
0.25979
0.22830
0.23486
0.25596
0.25234
0.32089
0.27116
0.27202
0.26903
0.22926
0.38824
0.23578
0.23892
0.27238
0.25700
0.21880
0.24618
0.22786
0.24680
0.22436
0.24804
0.39772
0.27560
0.30402
0.22906
0.23996
0.26392
0.38591
0.24401
0.22430
0.26681
0.26453
0.24329
0.25642
0.20521
0.25365
0.26207
0.33362
0.29533
0.24842
0.39957
0.23813
0.32754
0.30702
0.27275
0.30643
0.24920
0.22874
0.38304
0.24885
0.43039
0.47815
0.24029
0.26376
0.24617
0.51206
0.26498
0.28878
0.25718
0.25921
0.27865
0.24689
0.35368
0.35849
0.21475
0.24414
0.24325
0.25680
0.64717
0.24617
0.22319
0.46494
0.25137
0.18998
0.24814
0.19044
0.22405
0.53869
0.20903
0.25398
0.27571
0.22533
0.22547
0.26672
0.23333
0.18632
0.24264
0.22627
0.23965
0.22478
0.24779
0.27119
0.32064
0.35028
0.31560
0.26559
0.30496
0.27740
0.36918
0.26872
0.29237
0.27716
0.26212
0.42610
0.33963
0.28210
0.23179
0.26163
0.42519
0.49565
0.20179
0.20512
0.30021
0.23561
0.24039
0.31588
0.33159
0.43336
0.33940
0.30453
0.22253
0.30868
0.38785
0.23673
0.30238
0.36362
0.74416
0.67434
0.40543
0.32008
0.27078
0.55133
0.55117
0.29141
0.25763
0.24156
0.20269
0.23542
0.26595
0.27624
0.25197
0.24161
0.21610
0.69783
0.50776
0.53425
0.38357
0.19834
0.18742
0.27043
0.25615
0.34217
0.22685
0.24827
0.20885
0.25265
0.22346
0.60348
0.25014
0.25098
0.24572
0.22075
0.22132
0.29617
0.24210
0.23848
0.21141
0.25542
0.21564
0.25632
0.25216
0.23156
0.25624
0.40500
0.27606
0.27665
0.25768
0.25349
0.24350
0.65195
0.23418
0.25352
0.26697
0.27832
0.27224
0.25768
0.27817
0.24125
0.25685
0.27603
0.35320
0.32679
0.21703
0.27038
0.25428
0.20431
0.25394
0.25460
0.24744
0.25650
0.22165
0.25902
0.24967
0.26587
0.24541
0.40390
0.23755
0.26274
0.26562
0.22001
0.24834
0.17939
0.26656
0.23207
0.21168
0.20793
0.30458
0.22324
0.25137
0.25648
0.44308
0.23939
0.19843
0.24982
0.20149
0.29958
0.31516
0.27264
0.22258
0.33107
0.19263
0.19825
0.26082
0.24629
0.22564
0.25360
0.24570
0.23884
0.27602
0.25290
0.27384
0.28532
0.24185
0.30010
0.21697
0.35940
0.26679
0.23991
0.29022
0.27961
0.21009
0.27003
0.34882
0.26679
0.26268
0.25096
0.31605
0.32842
0.24019
0.25151
0.32737
0.23147
0.47398
0.27818
0.25084
0.25146
0.28996
0.52100
0.62261
0.24842
0.24028
0.56967
0.26167
0.26834
0.27476
0.25969
0.21591
0.22068
0.25838
0.23093
0.24354
0.25796
0.23806
0.27458
0.23380
0.25485
0.21585
0.26080
0.23315
0.30384
0.26169
0.46072
0.23631
0.26342
0.23738
0.25782
0.27736
0.34115
0.48384
0.26167
0.25930
0.21718
0.43035
0.29264
0.38183
0.25879
0.51558
0.41777
0.38216
0.26627
0.31927
0.21692
0.24002
0.22885
0.22998
0.70387
0.26219
0.23643
0.51144
0.23215
0.40395
0.41306
0.23237
0.20159
0.38740
0.24725
0.28821
0.46022
0.24334
0.49244
0.25638
0.34465
0.24642
0.25060
0.47907
0.25231
0.26820
0.25319
0.34884
0.23689
0.26012
0.30955
0.23302
0.28462
0.22137
0.20565
0.21832
0.24772
0.33455
0.25936
0.68580
0.28089
0.22392
0.29767
0.22863
0.30067
0.22986
0.29700
0.60069
0.43292
0.19988
0.29122
0.23237
0.49353
0.28202
0.25932
0.23923
0.30692
0.22269
0.23278
0.26482
0.29512
0.29150
0.35350
0.24921
0.26500
0.52511
0.25679
0.49380
0.25683
0.25191
0.26727
0.25003
0.21736
0.22367
0.34001
0.23565
0.23567
0.23837
0.23837
0.23630
0.21452
0.34852
0.23520
0.23526
0.24853
0.27974
0.32545
0.25469
0.36026
0.27187
0.28274
0.24278
0.24180
0.25674
0.61593
0.26318
0.17127
0.25092
0.21127
0.31686
0.26180
0.22906
0.21360
0.27038
0.27375
0.25777
0.22771
0.25383
0.22168
0.23498
0.22686
0.21493
0.22311
0.24455
0.23550
0.37397
0.23995
0.23568
0.19296
0.26893
0.32266
0.25166
0.23556
0.25845
0.23732
0.21699
0.40550
0.24007
0.22795
0.23837
0.44929
0.25321
0.23913
0.22728
0.23284
0.22798
0.22174
0.22806
0.21422
0.23805
0.20878
0.24611
0.26474
0.25770
0.24086
0.26770
0.28183
0.25525
0.24248
0.25996
0.23169
0.25235
0.23429
0.26395
0.27338
0.22587
0.22549
0.27879
0.20781
0.26480
0.30783
0.21727
0.21659
0.26245
0.25846
0.23124
0.24383
0.23979
0.25371
0.25558
0.31095
0.74903
0.26279
0.26031
0.39839
0.45712
0.23814
0.31407
0.47561
0.57324
0.24745
0.31563
0.38857
0.25388
0.51875
0.59786
0.32054
0.28479
0.31047
0.35948
0.50487
0.27081
0.22175
0.49715
0.23646
0.58065
0.46347
0.25682
0.24613
0.25477
0.25107
0.25895
0.25217
0.19898
0.24328
0.22777
0.27325
0.21016
0.23286
0.19766
0.28018
0.28274
0.22155
0.24121
0.23499
0.21545
0.22492
0.22897
0.39129
0.20976
0.25894
0.29476
0.64853
0.58248
0.25047
0.38085
0.21422
0.26428
0.25041
0.22714
0.24609
0.42690
0.56907
0.23864
0.18875
0.22419
0.19133
0.20146
0.19159
0.23521
0.25780
0.26881
0.28160
0.55535
0.34563
0.21349
0.40229
0.23504
0.23537
0.25576
0.23831
0.24718
0.21575
0.25463
0.24907
0.25728
0.38736
0.24658
0.25338
0.22957
0.21447
0.27760
0.23029
0.27789
0.26475
0.26300
0.22654
0.30704
0.24665
0.28426
0.50849
0.38644
0.46053
0.23024
0.38218
0.57051
0.23426
0.24869
0.23303
0.24227
0.22963
0.35982
0.21568
0.22281
0.22637
0.19876
0.24088
0.23326
0.25389
0.22425
0.20858
0.23830
0.47491
0.24952
0.26030
0.41317
0.43219
0.32811
0.30688
0.22970
0.45805
0.24780
0.27139
0.36157
0.27362
0.26056
0.22178
0.20887
0.22926
0.26037
0.27071
0.26398
0.20943
0.23790
0.24536
0.22781
0.27112
0.20367
0.24243
0.22612
0.25069
0.21314
0.22470
0.20673
0.28120
0.25943
0.25314
0.21275
0.28780
0.23209
0.30492
0.25321
0.24451
0.24257
0.25524
0.21428
0.22860
0.25274
0.27423
0.24113
0.21992
0.24390
0.23375
0.24336
0.21578
0.25757
0.27812
0.27303
0.26526
0.24886
0.28052
0.25594
0.21664
0.29190
0.25421
0.28307
0.52298
0.25699
0.26507
0.27442
0.27415
0.31287
0.21578
0.39634
0.25947
0.25252
0.20401
0.22835
0.23894
0.44504
0.33533
0.26627
0.20946
0.24234
0.22614
0.21204
0.23929
0.21708
0.24496
0.23397
0.25412
0.24206
0.25695
0.26418
0.26120
0.27242
0.50004
0.26227
0.28228
0.21926
0.19764
0.51869
0.25152
0.19398
0.25043
0.24902
0.25445
0.24809
0.23370
0.20649
0.28012
0.19448
0.28441
0.22549
0.24663
0.21083
0.32637
0.24851
0.21787
0.21841
0.22784
0.27221
0.31562
0.61518
0.27746
0.32272
0.33370
0.23695
0.26268
0.25861
0.29643
0.26025
0.33432
0.55930
0.52417
0.35115
0.23834
0.28404
0.30781
0.62044
0.21516
0.28363
0.23881
0.53419
0.25486
0.27875
0.34959
0.24861
0.32880
0.31451
0.51004
0.27268
0.36469
0.42480
0.28334
0.27669
0.29589
0.30861
0.26853
0.25393
0.26210
0.24068
0.26179
0.21690
0.27036
0.54292
0.24432
0.26082
0.27678
0.23234
0.23252
0.25172
0.23480
0.21641
0.33937
0.20828
0.47069
0.21254
0.26498
0.22855
0.32484
0.28365
0.22071
0.25332
0.28993
0.24330
0.26115
0.25222
0.25673
0.23063
0.21485
0.32265
0.24794
0.22316
0.28039
0.34909
0.21194
0.23984
0.26470
0.57202
0.28276
0.20921
0.22284
0.24838
0.25178
0.34378
0.20697
0.30072
0.24386
0.21708
0.24690
0.29791
0.28043
0.23491
0.27229
0.22673
0.27399
0.27715
0.23253
0.40381
0.20179
0.24353
0.22682
0.24578
0.22287
0.23371
0.27593
0.21658
0.22855
0.24505
0.26735
0.27062
0.25356
0.45820
0.51270
0.34346
0.27982
0.26533
0.34745
0.24841
0.31809
0.25544
0.25694
0.22784
0.20562
0.24293
0.26740
0.21557
0.24646
0.24374
0.24347
0.27817
0.26809
0.36401
0.25550
0.28354
0.25633
0.26686
0.29365
0.28705
0.22813
0.25319
0.32577
0.28312
0.43382
0.24568
0.29091
0.28946
0.26255
0.30022
0.23692
0.40440
0.21558
0.24771
0.24505
0.35384
0.37210
0.23550
0.28183
0.46451
0.25158
0.26690
0.41175
0.23168
0.26869
0.26787
0.27096
0.24905
0.24913
0.25882
0.35996
0.28356
0.24024
0.24525
0.22595
0.22915
0.28158
0.25450
0.26601
0.25515
0.23061
0.28380
0.26509
0.22542
0.24986
0.25795
0.25124
0.26620
0.26887
0.26340
0.41897
0.19480
0.25149
0.19652
0.20999
0.24752
0.22675
0.44034
0.21606
0.22435
0.37713
0.21811
0.20914
0.25703
0.26804
0.25892
0.30438
0.24508
0.33077
0.35231
0.37373
0.23453
0.27091
0.23694
0.30474
0.22964
0.41331
0.51954
0.60559
0.25775
0.55119
0.29696
0.25714
0.24030
0.35505
0.26359
0.23433
0.25582
0.32825
0.23649
0.26682
0.22912
0.26400
0.34425
0.27204
0.23037
0.23620
0.30150
0.27152
0.23714
0.20836
0.24987
0.27166
0.22918
0.30526
0.52466
0.30671
0.26682
0.25375
0.31290
0.36189
0.26133
0.33141
0.47375
0.28048
0.21732
0.22835
0.27447
0.42927
0.27325
0.32308
0.29872
0.23068
0.26342
0.35295
0.33199
0.32528
0.35439
0.33369
0.25282
0.44307
0.21858
0.23683
0.45554
0.39614
0.27496
0.24689
0.34910
0.24224
0.47744
0.41780
0.24432
0.25913
0.25101
0.25940
0.64513
0.26738
0.29170
0.26418
0.24259
0.27727
0.23147
0.45850
0.32057
0.39896
0.28439
0.47808
0.21474
0.28686
0.35990
0.26634
0.25170
0.30953
0.26836
0.26814
0.23309
0.21989
0.67083
0.49059
0.29462
0.23017
0.27776
