1.55590
1.08590
2.02080
0.73910
1.44610
1.17430
0.84720
1.60590
1.48470
0.59710
2.36120
2.57910
1.81660
1.45390
1.64690
2.26940
1.69820
1.51660
1.55960
2.62100
5.84320
7.28040
6.68290
2.69410
7.63340
8.06200
6.13460
4.17010
7.23180
3.62730
8.28430
8.37750
7.26760
8.08090
7.70200
6.23230
5.63590
3.29110
2.43930
6.30970
3.10150
3.88990
7.95440
9.30090
6.87380
8.49940
7.79680
8.02670
4.09810
8.47990
5.44850
8.58880
3.16600
3.49280
3.09590
4.97910
3.21850
4.89490
2.96250
6.16190
3.19130
4.88400
6.04680
7.40110
5.05080
8.00990
9.34110
6.01750
7.16880
7.61380
8.50390
6.16220
1.83030
3.14640
1.85930
1.69150
1.84390
2.55220
2.80050
1.95190
1.69210
1.61190
2.36410
2.79260
3.69400
2.64080
2.54590
2.85870
3.96230
2.37380
1.82680
2.40180
3.85770
3.61480
3.43520
1.16780
2.62190
7.72490
9.03120
7.73630
10.80610
8.46780
7.60410
6.80770
7.37210
7.68820
7.36350
1.47110
3.57360
1.54200
1.30620
2.57420
2.27130
3.14220
2.61140
1.88450
2.96630
2.65930
4.26310
2.36500
1.88920
1.99890
2.27640
3.35220
3.25950
3.77210
2.57620
3.22780
3.51330
8.37940
7.58610
3.48610
7.83590
7.40050
8.93220
6.80010
7.74930
6.63660
7.61910
1.96880
1.39480
2.11520
2.04960
1.46430
1.96700
1.87500
1.77600
2.69430
1.17920
1.58730
2.05190
2.30340
2.39810
2.74280
2.61210
2.75490
6.16390
6.19830
7.19760
9.98650
2.56440
7.92080
7.76250
1.59920
4.84710
8.20110
5.82600
5.92450
1.32770
1.60750
0.04280
1.63400
1.58910
1.17090
1.36780
0.99310
0.91310
0.36150
3.36180
3.78040
2.98740
2.17120
2.18610
3.24990
3.53730
3.04880
3.25480
2.93520
2.09620
1.48030
3.97860
3.00790
2.62470
1.60190
2.48880
2.63750
2.37160
2.24720
4.74050
6.25410
6.22860
6.46440
4.64610
6.94510
4.79290
6.57350
7.24590
5.86090
6.38530
4.11710
6.92200
5.78990
7.71780
7.61670
4.43650
6.38980
5.38100
5.19900
2.98690
5.18790
3.70500
5.69620
5.72340
3.76570
3.77440
5.99310
2.83200
2.06000
2.03220
1.95820
2.56850
2.23650
2.12300
2.62120
2.02700
4.52740
1.56160
2.42500
2.75640
2.05580
3.19210
2.64070
1.94770
2.01530
2.55720
2.11170
0.92710
1.65920
0.95610
2.01280
1.15150
1.02480
0.35200
1.84970
0.58000
0.91380
1.21090
1.59460
0.44920
0.72630
1.76720
1.13320
1.74980
2.26120
1.82490
2.71350
1.79590
2.12310
1.29890
1.40410
3.52240
1.42290
2.26250
2.67120
1.11360
2.23750
1.71700
1.54970
7.43790
6.94210
6.86110
6.71480
6.54220
6.65700
7.24200
6.73620
7.27210
6.00780
7.67410
6.84500
7.01460
6.86680
7.26130
6.11150
7.70940
6.58560
5.62530
5.96650
3.84000
7.15930
5.83940
5.85730
3.87050
8.75480
2.34750
2.70850
7.53730
4.98930
2.40500
2.69690
3.13880
1.80880
1.49150
1.50750
1.46720
2.30480
2.67780
1.71960
3.14400
3.04570
2.62420
2.40010
2.40230
2.73600
2.44480
2.67410
2.15810
3.74970
2.71870
1.71060
3.21720
3.80710
2.80340
2.50190
1.83710
2.74300
3.23600
3.21860
6.91380
7.98590
6.99810
6.80230
7.23570
6.69850
5.51570
6.31950
6.08340
5.21950
5.36210
6.55320
7.33120
4.78610
6.33570
8.60220
5.95570
2.75590
5.48560
5.99870
0.94970
2.35410
2.16420
2.47200
2.49850
2.41460
2.22570
3.25150
2.71640
3.22970
4.91270
2.15410
3.32630
3.40590
6.42180
3.78090
5.54830
2.70450
5.84380
4.51300
1.06450
2.19630
1.63860
2.94160
2.27900
1.87170
2.12930
2.12470
1.42110
1.73430
2.68600
8.78820
4.83720
10.03070
6.14740
7.92440
7.57310
7.48210
6.33860
9.04290
2.40270
3.25730
1.52470
1.14160
1.21300
1.68500
1.12590
4.04460
2.21720
2.94550
1.96550
2.14180
2.54950
1.67700
2.34650
2.32730
2.21330
3.45960
1.73490
1.83040
2.67500
5.74800
2.98380
4.35640
3.84240
6.20450
2.13890
3.31620
3.03400
3.16930
8.02350
6.18910
2.99870
5.17860
7.22590
6.16710
6.73250
7.69710
3.72440
5.53230
2.63430
2.96540
2.13260
3.18000
2.41700
2.56070
2.20600
2.92040
3.04640
2.77010
2.27570
3.56690
2.11160
2.88210
2.85580
3.34310
2.84300
3.14640
2.91590
3.02090
0.38830
8.10420
7.61330
10.57940
8.29280
5.94860
7.69490
7.26320
6.45870
6.20170
7.84680
7.97560
6.84410
6.15390
6.76470
7.69030
7.47190
8.14290
7.26600
4.70850
4.64830
2.59600
3.21290
6.64240
5.55090
3.13380
6.24730
4.03710
7.00750
5.53430
3.67630
3.00130
5.60730
3.84300
6.18800
1.54050
2.39310
4.49150
3.63150
8.43570
7.59460
8.63890
7.27660
8.67450
5.16920
6.36070
5.41150
5.87190
6.44210
2.60660
1.23820
3.28460
2.85830
2.15230
2.62490
4.75610
3.27080
2.71800
1.81690
2.62220
2.47300
3.66860
2.25090
3.01630
2.12050
2.53050
3.16470
4.25160
5.01060
2.79360
4.48340
7.43250
7.26430
7.60070
2.50700
5.69560
2.24820
4.67490
0.74530
0.38160
0.78070
1.44360
1.58620
0.83600
2.00160
1.39910
0.28340
1.08260
7.46560
6.93030
6.68900
6.45420
6.95650
7.41780
6.99120
7.66130
8.40550
7.69490
7.36790
7.01980
7.65860
7.84250
8.41890
8.55320
8.55710
7.88470
8.01220
8.37850
9.66340
4.71790
6.68320
2.10210
9.50490
7.29860
8.23680
6.89680
3.24000
6.85940
3.34500
2.91460
2.27160
2.64570
1.29180
3.15680
3.02840
2.75280
3.43150
1.76530
2.75290
1.63120
3.12070
1.95230
1.27680
1.83140
1.93390
2.39170
2.16700
1.47030
1.09600
1.13150
0.27420
1.54510
0.21820
1.01970
1.11970
1.95580
1.32700
1.10040
1.09280
1.90080
1.34240
2.05320
0.97250
0.97270
1.49020
1.41880
0.99050
1.01590
1.39630
1.90760
0.23290
1.05190
1.15120
1.81100
1.51420
0.63250
1.94710
1.37610
0.97890
1.09100
1.62930
2.01250
2.24020
1.22820
0.83020
2.11390
1.50250
1.87470
6.58900
7.37970
8.11520
7.85400
7.38200
10.03740
8.91810
7.99730
8.37990
7.86120
1.86930
2.00510
1.36910
0.74520
1.72630
0.88500
1.48700
1.52090
2.25010
1.94620
7.75390
7.64020
8.09210
9.14480
9.80040
6.59860
7.19640
6.92720
9.25580
5.90730
4.52610
3.37170
2.77450
8.18370
3.57170
3.39660
5.56360
2.50090
2.65090
2.71820
4.02530
2.52050
3.31060
2.84450
3.32900
2.29540
2.14510
2.73450
2.95380
3.10480
2.59950
3.29160
2.69310
3.86940
3.14570
2.45560
2.44570
3.50780
3.72910
2.76470
1.02930
1.42880
2.04050
1.24120
1.69770
0.94980
2.30810
1.97810
1.40420
1.50960
7.95150
8.79300
6.97730
8.19520
3.19700
5.48120
4.39640
7.66750
8.46270
6.30390
2.22440
2.64330
1.31840
1.92050
2.40510
3.10080
2.86580
3.17780
2.90860
2.01560
1.82840
3.11010
2.22350
2.33000
2.46940
2.04880
1.93330
2.22380
3.01540
1.66980
2.53890
2.71210
2.54330
2.34430
2.13930
1.81690
2.13180
2.09750
2.23010
3.39060
4.48290
3.81250
2.76410
2.99030
4.51650
3.13340
2.75810
2.57220
3.45300
4.46330
0.85170
2.90270
0.79270
1.63480
1.89900
3.02460
2.56090
1.34740
1.63700
1.66740
2.10900
1.16630
0.93710
0.98060
2.67870
2.12870
2.50200
1.82980
1.20410
1.16370
1.95160
2.47920
2.14500
2.83490
3.29350
2.92970
2.43860
1.79980
2.98740
1.32550
0.39620
2.01270
2.13810
2.35150
1.99380
2.14350
1.61450
2.30840
2.84200
2.30690
1.95460
2.15560
1.44610
2.21840
1.05360
0.91430
1.46590
1.34500
1.54250
1.42240
3.73110
3.54920
5.02680
3.59150
3.25810
2.99100
3.99270
4.35320
4.28930
2.11550
1.53250
1.84670
3.14030
2.24910
2.58220
3.17570
2.29540
2.70210
2.75700
0.07480
0.96630
3.07300
2.39050
1.15190
2.07100
1.63560
1.25930
1.85300
2.41590
1.96680
7.74320
4.38120
5.90380
4.50010
5.70020
0.86310
5.08280
8.61880
7.21930
8.47920
1.27840
2.28630
2.12060
3.79770
1.79200
1.19750
2.74080
2.48680
2.80960
1.33120
5.09060
6.17930
5.61380
8.11920
6.74300
6.25060
6.79000
6.49180
7.70870
7.10920
1.56070
2.49340
1.86880
1.73300
1.45910
2.19660
1.53510
2.83850
1.93160
3.72410
2.15180
2.19660
2.46970
3.21480
3.14300
2.21260
2.08390
2.85850
2.23100
3.42160
5.74630
5.80070
6.55600
6.97980
5.98400
5.94810
5.60950
5.82320
4.97900
5.01940
5.21680
3.69720
3.42990
5.20450
3.92220
4.21910
3.11930
2.95780
3.06420
3.69020
2.60080
7.25160
5.80610
1.62660
6.49580
4.99320
0.94760
8.21420
7.42930
6.38890
2.53080
2.03910
1.99820
1.66930
0.85060
1.85270
1.23090
1.79340
1.50470
0.81570
7.02460
8.05060
4.71820
5.17190
6.70860
9.09960
5.47300
4.39190
6.48600
7.57500
3.29460
3.10000
2.59300
2.00400
3.14770
1.79310
3.59610
3.86640
3.70140
2.90280
2.65240
3.09020
3.59300
2.95060
2.04890
2.13020
2.96980
2.87500
3.12840
1.85170
2.28340
2.10480
1.95160
3.50620
2.41450
1.49890
2.21680
1.96900
2.26910
2.15920
1.54920
1.60970
2.41260
1.68930
3.14650
3.10880
3.72530
2.96730
2.72350
3.04640
1.64930
2.11750
0.73300
2.01830
1.41590
2.67430
2.03210
0.73570
1.81450
2.27690
1.69190
1.48590
2.19280
1.93780
1.54520
0.82150
2.10500
1.40180
7.30460
6.36860
7.31080
8.17220
5.30500
6.58810
6.47420
7.72990
8.71250
9.19610
0.53240
0.90380
0.96960
1.30590
0.91030
0.47900
-0.25550
1.57620
0.00860
0.43280
6.96750
5.97530
8.01890
5.62600
5.76170
5.91210
7.04710
6.48620
6.95340
5.56220
1.65690
3.53740
3.13610
3.77730
4.78180
4.40310
3.32900
3.00200
3.30810
2.55070
1.96290
8.41420
8.29660
8.82060
7.49740
7.03680
7.50890
6.99550
7.91630
9.15290
7.90310
2.27240
1.45890
1.77040
2.10190
1.25000
2.21480
2.55220
1.67530
2.53730
1.77670
1.29210
3.07090
1.00670
1.21170
2.71280
0.84250
1.68300
1.11100
0.10390
1.58860
0.92220
0.28540
2.67670
1.29500
1.29110
1.32140
1.41200
1.74990
0.99640
1.32440
1.13410
1.54780
1.70790
2.96350
1.23940
2.16340
2.60760
2.66770
2.73580
1.82660
1.76370
1.73420
2.00120
1.50360
1.79240
1.64530
1.77120
1.32900
1.43980
1.71340
1.85150
2.11640
2.74560
3.48540
2.35430
3.17850
3.19820
3.45330
2.53740
2.74880
1.96270
3.77570
3.35640
5.34960
8.03540
4.19430
6.33510
8.48700
7.35700
6.37840
7.80990
5.72290
5.25690
5.04180
6.08440
5.13650
4.86290
5.53350
6.94450
5.06620
5.60570
6.47300
1.49020
1.26180
0.10660
1.33640
1.47630
1.22710
0.85470
1.24030
1.84230
1.14520
1.39060
1.19330
0.92750
1.94600
1.54150
1.88250
2.60520
2.15210
2.22770
2.16360
2.20000
3.83420
2.21180
3.51800
4.27050
3.98840
4.05030
3.27630
3.89950
3.26580
7.30550
6.25450
6.22650
6.90420
6.99940
7.86040
9.45500
7.81780
7.84190
8.02960
2.71230
1.28980
2.80830
3.35200
2.73820
3.06570
2.87530
1.27820
3.41980
3.24170
2.38930
2.27440
3.49640
4.41880
3.68800
2.77310
3.59810
3.37810
3.50940
4.55360
3.48970
3.57290
3.12700
2.51360
3.02330
3.11530
2.14820
1.98670
2.83400
3.21930
2.56590
2.14840
3.07740
3.35120
2.23740
2.23780
3.37920
2.00170
3.33390
2.69220
3.92300
3.14730
2.04380
2.31730
2.07930
3.24130
2.01820
3.51680
3.70620
2.91150
2.62620
3.17240
0.37000
3.52270
3.24280
2.03900
1.82470
1.81130
2.52960
2.60940
2.35250
2.29170
0.94930
0.50050
1.66030
0.89070
1.05660
1.47140
0.75790
2.11320
1.47800
0.54710
0.61390
1.65730
0.52550
1.37300
0.74860
1.53910
0.95770
0.76640
7.18360
7.77010
7.17340
7.78520
6.43300
6.78360
6.29290
7.37990
9.26230
6.77060
7.40680
7.99740
7.08580
7.50080
9.14320
7.91140
7.34480
6.19130
7.22330
7.14320
5.58790
7.48780
2.56960
5.81230
3.77920
4.42360
5.86770
5.37060
3.64120
7.17090
1.68550
1.32100
1.60360
0.93870
0.77300
1.05230
1.70770
1.07910
1.34470
0.39730
1.96370
2.38770
1.34820
2.55190
2.28700
2.15690
2.05050
2.08060
2.27060
2.96860
3.19900
2.36040
2.41020
2.69800
2.67020
2.92230
3.10290
2.90790
1.00810
0.37680
1.14330
0.94890
1.25430
1.14210
1.21720
1.33500
1.28100
1.23100
2.26130
2.77140
5.56010
6.65490
6.26280
5.67380
6.04260
6.27200
6.13260
6.21410
7.14980
9.39030
2.28150
1.97340
1.92800
2.04590
2.06820
2.25600
1.87630
1.73350
2.20030
2.36300
1.41640
1.74490
2.83480
2.07620
2.02980
1.10380
2.18770
2.54780
3.50050
2.12750
1.67480
2.18490
2.44570
1.33870
2.14270
2.20260
1.99480
1.12380
2.01030
2.16240
1.06120
1.32730
0.45080
0.63760
0.24650
0.71250
0.97530
0.98550
0.04350
0.69520
2.14180
2.96750
3.76670
4.20290
3.21230
2.29030
2.54220
3.20770
3.22680
3.84880
6.80290
4.58500
5.76310
2.25740
6.10180
7.65630
8.22580
6.63370
9.58460
9.33510
7.52950
6.17980
7.78950
8.89700
8.22210
8.52440
8.18230
8.03920
9.28790
6.37850
2.81010
1.96630
2.04820
2.01340
2.75670
2.84450
1.79380
3.07700
2.22940
2.99900
2.74800
3.12570
1.80540
1.52330
2.84780
2.73850
2.62250
3.44950
2.83890
3.74960
4.53780
8.86920
9.66220
7.80800
6.73440
7.78050
9.34730
8.99470
9.77610
7.23780
1.09300
1.21240
1.21180
1.13110
0.66100
1.07210
1.04450
2.10180
0.90470
1.47250
0.63690
1.45590
0.65990
1.17740
0.98140
1.23870
1.27010
1.66830
1.68500
1.31500
2.17700
2.78610
2.11080
1.38510
1.12590
2.83790
2.43820
1.24440
1.62390
2.46430
1.66300
2.76410
2.89550
1.60140
3.01750
2.11260
0.85990
1.42680
1.84420
2.71580
1.87310
2.47630
2.16730
3.38380
3.76880
4.15980
2.08780
3.50120
5.22510
3.10400
8.76880
6.47780
8.08750
7.67200
8.27510
4.61710
8.38380
3.81070
7.19930
6.17020
3.16880
3.19980
2.42230
2.08410
2.39720
3.00600
1.77350
2.33990
2.29250
3.40310
2.60530
2.65220
2.90880
2.53160
3.48900
4.03630
1.39960
3.07580
2.62210
3.36380
-1.57200
-2.44400
-3.42900
-4.30300
-3.28200
-4.65600
-2.20300
-1.73300
-4.39000
-3.93800
-2.92800
-0.81900
-2.31200
-3.00500
-2.80000
-0.63600
-1.12700
-2.12900
-3.00900
-2.73400
-3.89500
-3.15900
-4.54400
-1.41700
-2.77700
-1.99500
-4.33900
-3.65400
-4.08400
-3.79700
-2.31500
-3.33700
-2.74000
-5.07000
-1.58200
-4.82200
-3.98400
-2.46900
-3.64000
-5.64400
-3.50000
-1.57800
-0.70000
-3.31500
-4.75000
-3.52700
-2.24200
-3.51300
-2.87200
-3.90100
-4.49500
-3.52800
-3.36300
-1.37600
-1.73400
-4.83500
-1.40500
-2.91500
-1.54400
-2.60000
-1.60300
-1.28200
-1.00400
-1.12700
-3.65400
-4.24200
-4.76800
-4.59700
-3.42300
-1.90700
-4.54300
-5.39700
-0.93600
-2.37300
-3.06700
-3.12700
-2.22100
-1.04900
-1.61500
-0.88100
-3.17100
-3.06600
-1.41600
-1.78400
0.21600
-0.76200
-1.56500
-0.34700
-0.08900
-2.25000
-2.58300
-1.72600
-0.98200
-1.88300
-0.68800
-1.15500
-1.45400
-3.27800
-1.44400
-4.96700
-2.20900
-3.11900
-4.11000
-3.80800
-3.84700
-2.29900
-4.05000
-2.73100
-4.50900
-2.98500
-3.50300
-3.50200
-3.09700
-2.64700
-4.27500
-4.65700
-3.02600
-1.88400
-2.88400
-0.73600
-3.52600
-0.99200
-0.01000
-2.72800
-1.96000
-2.56300
-3.42900
-3.33400
-2.70600
-3.63600
-2.38400
-3.69000
-3.51500
-4.82800
-2.54300
-3.88500
-4.35700
-3.66400
-0.99500
-2.47900
-3.35000
-2.96200
-2.89500
-3.79900
-1.77600
-1.91800
-1.55700
-3.12900
-3.12000
-0.64900
-0.92700
-1.55000
-2.94900
-2.99400
-3.69200
-3.32700
-1.99400
-3.33600
-3.21500
-2.68100
-2.10500
-4.63300
-4.76500
-3.30000
-3.76700
-2.95500
-3.33800
-3.63100
-2.16300
-0.37500
-3.52400
-2.73800
-2.43400
-3.02500
-2.33800
-3.06000
-3.04400
-3.50500
-0.35700
-3.18800
-2.20200
-3.11600
-3.25000
-2.41800
-4.38300
-3.28500
-2.98400
-3.10500
0.16300
-3.94500
-1.17700
-2.88700
-2.51800
-1.15900
-3.59400
-2.27800
-3.75000
-0.04800
-6.45000
-5.80800
-8.11700
-3.53900
-4.89500
-5.79700
-5.11100
-3.42500
-2.04300
-1.35200
-2.33400
-4.21900
-3.58900
-4.52500
-2.65400
-3.52600
-2.92800
-4.60000
-2.44500
-4.31000
-0.48500
-3.89200
-2.12300
-4.40800
-3.51500
-1.98300
-3.18000
-3.21700
-2.19000
-1.63800
-0.97700
-2.98700
-3.20400
-3.88900
-3.51100
-0.09200
-2.87500
-3.16200
-1.26300
-0.39000
-1.79600
-2.70800
-2.01000
-2.84500
-2.56700
-1.16000
-2.87000
-0.93600
-2.56900
-0.84300
-1.92300
-1.92300
-1.31900
-2.21600
-1.86800
-1.61400
-1.87700
-0.40900
-1.47500
-1.64400
-1.35100
-2.23400
-3.08600
-2.29500
-1.53100
-0.46200
-0.13500
-2.23600
-2.45700
-0.76100
-2.31300
-2.69600
-1.36500
-1.23500
-0.42200
-1.90900
-2.01000
-1.80200
-2.33600
-1.74700
-6.21400
-4.00800
-5.61300
-4.64600
-5.82500
-6.22700
-4.60700
-6.77700
-2.74700
-5.54700
-2.61500
-0.09000
-1.80400
-3.33700
-2.64900
-4.56800
-2.81100
-2.76600
-3.79100
-4.32300
-2.55100
-4.41200
-4.11400
-3.38800
-1.80000
-3.42200
-3.78300
-2.32700
-2.71200
-4.49500
-0.08000
-2.65400
-0.13500
-3.63200
-3.73300
-1.58600
-2.84100
-3.08500
-3.24100
-3.56600
-0.87800
-3.09700
-2.51400
-3.86800
-4.05900
0.63850
-3.33300
-4.94000
-3.57000
-1.23900
-1.74200
-2.01300
-2.03100
-1.16200
-2.25600
-1.17200
-0.09000
-1.96300
-2.21600
-2.36200
-3.73600
-2.85100
-5.26200
-3.79500
-4.88400
-4.13800
-5.09700
-6.58000
-4.78400
-4.92700
-3.51200
-3.16200
-0.42700
-3.36400
-3.49100
-0.93000
-0.85000
0.11200
-3.89500
-3.97800
-3.32600
-5.78000
-2.39500
-4.75500
-4.37400
-1.17700
-4.59000
-3.45800
-3.59300
-3.01800
-2.80200
-1.53300
-2.97400
-2.08800
-0.47400
-2.64400
-3.38200
-2.93800
-3.43700
-3.44700
-1.65000
-2.03500
-1.78900
-0.37600
-1.24400
-1.70300
-0.82600
-1.04100
-1.96600
-2.22100
-2.58500
-3.67800
-3.27200
-4.79600
-2.62400
-3.88000
-4.15700
-4.08700
-3.01400
-1.17400
-2.94100
-1.35400
-3.86000
-3.05600
-3.78400
-1.94400
-3.89600
-3.25300
0.43540
-2.47600
-1.57500
-1.46900
-2.32900
-2.12600
-2.31700
-1.10300
-2.34200
-2.71200
-2.23800
-0.05700
-2.28300
-1.88400
-1.08200
-3.04700
-1.05600
-4.17200
-3.48900
-3.52100
-2.84200
-2.41200
-3.63400
-0.69900
-3.08100
-3.10200
-3.93400
-3.31100
-2.54900
0.48700
-4.17200
-2.68200
0.88070
-2.55800
-0.58600
-0.51300
-0.81700
-1.91400
0.34510
-2.79300
-2.41800
-0.59200
-3.51300
-3.09400
-3.27000
-4.01200
-4.51600
-4.60400
-4.57000
-4.98200
-4.63000
-1.39400
-2.63200
-5.82000
-5.89000
-2.97200
-5.04700
-5.79000
-2.61900
-7.90900
-7.03500
-4.24300
-4.17000
-1.80100
-4.59900
-4.84100
-4.11000
-2.63800
-4.39600
-2.61300
-6.30500
-3.33900
-1.89200
-1.06200
-3.44000
-1.87100
-0.46700
-4.03800
-0.47200
-3.98700
-2.84200
-2.26700
-1.27800
-0.17400
-2.66700
-3.57400
-3.15900
-1.17800
-3.32900
-2.37500
-2.47700
-1.14500
-6.08400
-3.41700
-4.50900
-4.51000
-3.48700
-4.80100
-4.57600
-4.45700
-5.84500
-1.14600
-2.83200
-4.11200
-2.05800
-4.58700
-1.82700
-3.37900
-3.83200
-2.93600
-0.99800
-1.40600
-1.31200
-3.01100
-1.86800
-2.22200
-2.53600
-3.06000
-0.36300
-4.25600
-1.20800
-2.80400
-3.73800
-0.53000
-0.12100
-3.79000
-2.95000
-4.16700
-2.61800
-3.50100
-3.30500
-2.68100
-3.04900
-2.75700
-1.80400
-2.53900
-2.43200
-1.25000
-2.21800
-0.93100
-3.77300
-5.67200
-4.80600
-5.73400
-6.77600
-6.17100
-5.30200
-1.74500
-1.82000
-3.78300
-4.89600
-4.17700
-6.06800
-1.59600
-5.38200
-6.41600
-2.69800
-7.28200
-4.84100
-5.60100
-2.89600
-0.00700
-4.86600
0.27000
-3.73800
-1.52700
-2.55800
-3.19100
0.09200
-1.80800
-2.41200
-1.40900
0.31900
-0.72700
-2.15000
-0.89800
0.09600
-0.79200
-2.02900
-2.19900
0.97290
-2.01700
-1.34200
-0.14200
-3.71600
-0.81200
-2.68500
-2.55300
-2.86600
-2.71000
-1.02900
-1.21900
-2.67700
-0.78300
-2.18400
-1.80600
-0.72700
-1.85100
-0.60000
-2.70000
-2.02000
-3.43300
-2.76700
-4.05800
-2.97500
-3.40800
-3.62500
-1.83000
-2.39100
-3.04600
-2.70700
-1.06300
-4.25600
-2.55300
-2.48100
-2.54300
-3.14800
-2.49100
-1.99000
-3.08100
-2.58200
-1.62000
-2.58200
-1.16200
-2.27800
-0.19700
-3.15200
-1.22500
-2.77100
-1.73800
-5.69700
-5.74600
-5.58400
-7.90900
-3.43600
-2.04800
-5.29100
-6.63200
-6.25200
-6.60700
-1.25300
-3.62100
-1.24800
-3.37600
-3.46600
-3.36400
-2.75800
-0.75800
-3.84800
-2.41700
-3.79800
-4.79100
-3.21800
-3.73000
-0.69500
-1.44000
-2.87900
-4.00000
-4.40200
-3.90600
-2.66900
-0.13500
-2.48900
-2.90900
-2.68500
-2.60600
-3.38600
-3.10200
-2.96500
-3.76300
-2.11900
-2.19100
-1.48700
-0.63000
-3.26500
-0.96500
-2.44600
-1.06700
-1.55900
-2.42800
-2.87000
-3.39000
-2.88900
-4.39100
-3.12200
-3.74000
-2.03300
-2.17200
-3.92800
-4.53700
-2.77000
-1.93700
-3.45000
-1.59600
-2.02200
-1.60400
-2.24300
-2.44900
-3.02400
-2.96500
-3.29800
-3.68400
-4.14200
-2.85000
-3.87300
-2.56800
-1.96200
-3.93200
-2.26500
-1.65400
-1.42700
-2.24900
-2.55600
-2.68400
-0.68900
0.16200
-0.39400
-0.63700
-2.15900
-1.42600
-0.99400
-0.39300
-1.72400
-1.42300
0.29400
-1.15000
-1.53200
-1.48100
-1.56500
-2.75900
-1.11000
-0.91200
-1.57200
-1.32400
-1.30000
-1.64500
-1.23900
-1.38700
-1.17400
-0.97800
-1.85200
-1.74300
-2.59900
-0.39100
-3.18200
-2.62300
-0.72700
-2.04800
-2.08600
-2.99000
-2.31900
-0.81700
-2.18300
-1.17800
-1.63700
-0.56300
-2.22900
-0.20500
-3.33500
-1.87200
-3.10800
-2.45800
-1.51300
-2.18600
-0.53500
-2.85700
-2.51600
-2.08400
-3.21200
-2.57300
0.26100
-3.92100
-2.42900
-1.73400
1.11390
-3.18900
-0.19700
-1.89100
-2.92800
-2.57700
-1.74400
-1.37300
-2.87800
-0.96800
-1.40200
-0.35100
0.67870
-1.73800
-2.28500
-3.11100
0.38150
-0.87600
0.01300
-0.65800
-1.04000
-2.08800
-0.03400
-0.53300
-1.08800
-1.40800
-3.26700
-3.34800
-1.60900
-1.95900
-1.80200
-2.25700
-3.58600
-3.62100
-2.72800
-1.75500
-2.12700
-1.16400
-2.07500
-2.60500
-1.48000
-2.20900
-0.67000
-1.56200
-0.44800
-1.91900
-2.34300
-0.12300
-1.64400
-2.07700
-1.00300
-2.13100
-0.05300
-1.47600
-2.02100
-2.07300
-2.80100
-2.21000
-1.97000
-1.54400
-3.11400
-0.79800
-3.59800
-3.99700
-3.70400
-3.98100
-3.71800
-1.01800
-3.11700
-1.78500
-0.82800
-2.59000
0.36850
-2.99500
-1.13500
-2.43000
-4.70700
-6.52800
-5.84400
-4.86000
-5.75300
-5.14900
-3.37700
-1.52300
-3.45400
-5.68300
-0.92800
-1.47600
-2.65200
-1.83600
-1.62200
-2.03600
-0.97600
-2.04800
-1.05600
-0.70500
-4.11400
-4.02300
-3.38700
-3.79900
-1.51200
-2.57200
-1.96100
-3.74600
-2.37400
-2.59800
-3.98000
-6.45300
-2.87200
-2.48600
-2.83300
-4.86700
-4.37900
-5.66200
-5.43900
-4.22800
-2.92100
-2.06300
-2.00700
-3.21700
-0.36400
-2.61000
-2.32400
-2.34100
-0.83600
-2.17100
-2.02200
-3.21100
-2.62700
-4.83100
-5.19600
-2.91600
-4.92200
-4.67600
-4.67800
-4.60600
-2.96000
-1.47800
-2.02600
-3.16500
-3.58800
-2.93300
-2.91900
-3.44200
-3.72700
-3.96000
-4.00900
-1.28400
-3.32900
-3.83500
-0.85100
-1.43800
0.05600
-0.45500
-1.97000
-3.64300
-1.60700
-1.77400
-2.64400
-2.91500
-3.25000
-2.79700
-1.39200
-3.00800
-2.75600
-1.27500
-3.13000
-2.01400
-1.78600
-1.26100
-2.93300
-2.97700
-1.39400
-1.13600
-1.85500
-1.95300
-2.25200
-3.08300
-4.04200
-4.64400
-3.31800
-4.58400
-3.33500
-3.50900
-0.99100
-0.26200
-1.99800
-4.47900
-3.96300
-0.83400
-5.17500
-4.03100
-3.14500
-4.60600
-0.45900
-0.53200
-1.52200
-1.45100
-2.22500
-3.11600
-1.52300
-1.91600
-1.66300
-3.76700
-2.82700
-3.25000
-1.83800
-2.82700
-1.83100
-1.54300
-2.56200
-2.60800
-2.61100
-0.84700
-0.50700
-4.39500
-0.63400
-3.26100
-5.03200
-4.11700
-3.88000
-4.63700
-4.38200
-2.26200
-2.27800
-2.73700
-2.62900
-0.58200
-2.52100
-3.71600
-4.10200
-2.95500
-2.56100
-2.94500
-4.27700
-5.74300
-2.34100
-4.26100
-5.14300
-4.89700
-5.84200
-5.93800
-4.44300
-6.37600
-3.16900
-1.84700
-2.57200
-4.02000
-2.08600
-4.31000
-3.61400
-2.92200
-2.81300
-3.10000
-2.12400
-5.66900
-5.56600
-2.67700
-4.57300
-4.03100
-6.20600
-4.01800
-3.75100
-3.85300
-4.43800
-2.66900
-1.73600
-2.31700
-2.34700
-0.53700
-3.18600
-2.78100
-2.31900
-3.12700
-2.55100
-1.30200
-2.39900
-3.10300
-3.24000
-1.42000
-3.98000
-1.29000
-3.38300
-2.51200
-2.61200
-2.81100
-2.13100
-2.96500
-2.36500
-3.40400
-2.77700
-1.79400
-2.38400
-1.45600
-3.07700
-2.94600
-3.55300
-2.58200
-1.89800
-2.13300
-2.85800
-2.63200
-0.26300
0.03600
-1.49200
-2.30800
-2.75500
-2.11400
-0.71200
-0.56700
-3.02900
-2.82600
-3.93100
-2.01600
-3.06500
-2.57300
-3.41500
-3.81100
-3.26400
-3.27200
-3.31200
-3.24100
-2.82900
-2.82100
-3.74500
-3.14100
-3.79900
-3.38200
-3.85800
-4.34000
-2.44000
-2.72300
-4.55900
-3.85500
-4.76300
-2.67100
-3.21400
-3.21400
-3.22000
-4.25200
-4.73000
-6.00700
-4.56100
-1.54900
-3.17700
-4.26200
-3.48800
-3.65200
-2.20200
-3.60200
-2.80000
-0.86200
-3.40900
-3.66700
-2.58700
-1.71800
-3.01000
-2.66800
-4.10100
-2.69800
-1.36800
-3.77000
-3.28000
-0.85100
-3.04600
-3.69300
-0.55400
-3.24500
-3.66100
-2.08600
-1.68200
-1.88000
-2.74000
-2.61500
-0.41800
-2.27700
-2.01100
-4.88800
-4.55800
-5.18000
-2.52200
-2.21700
-4.61300
-1.90200
-5.35900
-2.45600
-6.11300
-1.60100
-2.20800
-2.42500
-2.98700
-2.08100
-2.67800
-2.42600
-1.39600
-2.06300
-0.02700
-1.78700
-1.56500
-3.33200
-0.64000
-2.53400
-2.94500
-2.62000
-2.00300
-1.77400
-2.29600
-3.10900
-2.69500
-2.30500
-3.62000
-0.60500
-2.77300
-2.75500
-3.47400
-3.14000
-3.13000
-3.88300
-2.36900
-2.53800
-4.35400
-4.16100
-2.87500
-1.00000
-4.57000
-4.46200
-3.94100
-0.02200
-3.04100
-4.31200
-5.23000
-4.03300
-1.82400
-4.14600
-3.70300
-3.07500
-1.77200
-3.41000
-4.60900
-3.82900
-5.12100
-2.71300
-4.32300
-3.27900
-5.20400
-1.51600
-4.13400
-2.38100
-3.29900
-2.87400
-1.56500
-1.27500
-2.35700
-2.42100
-2.75500
-3.40800
-0.77200
-1.19800
-2.43900
-2.62500
-0.37700
-2.81600
-2.70100
-2.12300
-2.52300
-2.07500
-2.57100
-4.13000
-5.52900
-2.57300
-3.92300
-4.08700
-5.37500
-3.70800
-4.23400
-1.65600
-4.97700
-5.30100
-5.50000
-5.59600
-6.14700
-2.26500
-4.49700
-5.00800
-5.24400
-5.91700
-5.80800
-4.21000
-4.29300
-3.26700
-4.44400
-3.55400
-4.26200
-4.01900
-4.25500
-3.26300
-4.08400
-2.58900
-3.51300
-2.66500
-0.52400
-2.01300
-2.07000
-2.24900
-2.40100
-2.02600
-3.58600
-0.87600
-1.16500
-0.72600
-2.63900
-1.05700
-0.40500
-1.27700
-0.69300
-2.98500
-2.73600
-2.34000
-1.52900
-2.32300
-2.17400
-0.96000
-1.60900
-2.00400
-1.50500
-1.82200
-1.42600
-2.46300
-2.33400
-1.84400
-1.79600
-2.76900
-0.68800
-2.36000
-1.74800
-2.97300
-2.20700
-3.18900
-5.95900
-5.40900
-5.14400
-5.97300
-6.54600
-4.74800
-3.40400
-5.56100
-2.45700
-1.98100
-3.34400
-3.24400
-3.92000
-3.35700
-3.70800
-0.75900
-1.39200
-1.46100
-2.68400
-2.34400
-1.14500
-0.12100
-3.97700
-4.06000
-1.35400
-2.50000
-0.61400
-4.31100
-0.51800
-2.18400
-4.10800
-3.67000
-1.62000
-2.10600
-3.15700
-2.29800
-4.20600
-4.10400
-3.14500
-1.57800
-3.08200
-2.67400
-2.92800
-2.74000
-2.77800
-1.85000
-3.21900
-2.84300
-4.12400
-3.36100
-2.63500
-3.65100
-3.69500
-3.43100
-2.98200
-3.55500
-3.94600
-2.55400
-1.32400
-2.59000
-4.27600
-3.42400
-1.30600
-2.32500
-3.88400
-3.72000
-3.96200
-0.17600
-0.20200
-4.46800
-5.32500
-5.11000
-6.24900
-5.62700
-4.53200
-5.70600
-5.94500
-3.33900
-4.37000
-3.63000
-1.69400
-1.64200
-2.90600
0.98720
-2.40900
-2.65400
-3.77600
-2.62600
-1.29900
-0.90200
-3.47500
-3.02100
-3.48400
-3.97100
0.69760
-4.28700
-3.41700
-3.65800
-2.71200
-2.82700
-3.90000
-3.29900
-3.49100
-4.22600
-3.82500
-0.61800
-5.05500
-5.58100
-3.45800
-3.36500
-2.62200
-3.35900
-3.62900
-3.46500
-0.71200
-3.20000
-3.06100
-3.54400
-2.87900
-1.91200
-1.28700
-2.23000
-2.31700
-2.53300
-2.13000
-1.92500
-1.88800
-0.13300
-2.18000
-0.22400
-0.84900
0.05100
-1.90900
-2.38500
-2.41400
-2.90300
-2.47300
-1.07000
-0.94500
-2.87000
-2.29200
-1.80700
-2.90900
-0.40700
-2.09400
-4.11600
-2.66600
-3.81900
-4.86700
-3.38300
-3.80600
-2.37600
-3.02900
-2.38900
-3.14100
-0.71100
-0.04600
-4.14600
-3.13900
-3.47800
-4.42800
-5.70600
0.79710
-3.13600
-4.37200
-1.27500
-4.76600
-3.88300
-1.93800
0.15900
-3.71800
-3.47800
-4.15900
-1.08700
-4.05300
-4.73600
-4.10400
-2.96900
-4.46900
-3.46700
-1.00500
-4.58200
-3.84200
-4.07100
0.70480
-3.81500
-0.74500
-3.70800
-0.39000
