0.94323
0.91082
0.92600
0.90085
0.89965
0.95166
0.55887
0.95719
0.87807
0.94220
0.95742
0.97541
0.96568
0.96650
0.87083
0.96529
0.95442
0.81978
0.94684
0.95857
0.95630
0.96156
0.98898
0.95298
0.98504
0.95467
0.99505
0.99221
0.99714
0.94361
0.98491
0.99750
0.97673
0.99510
0.99679
0.99248
0.99107
0.97714
0.98998
0.99590
0.99405
0.99227
0.99877
0.99386
0.99765
0.99793
0.99843
0.99827
0.99687
0.99873
0.99498
0.99706
0.99374
0.98694
0.98739
0.99704
0.99370
0.99804
0.99032
0.99546
0.99112
0.99334
0.97931
0.99783
0.98656
0.98383
0.99763
0.99740
0.99175
0.98778
0.99411
0.99793
0.94746
0.96964
0.96303
0.97137
0.92745
0.94113
0.87800
0.96538
0.95902
0.93193
0.98668
0.98181
0.98997
0.97919
0.98804
0.98284
0.96085
0.99085
0.99191
0.96764
0.99354
0.97949
0.97927
0.96844
0.95109
0.99390
0.99051
0.99658
0.99169
0.99716
0.99834
0.99765
0.98223
0.99857
0.99796
0.96171
0.78393
0.67015
0.83046
0.79570
0.91331
0.47575
0.89497
0.86159
0.90958
0.99044
0.99369
0.94956
0.95215
0.81154
0.93622
0.81125
0.90004
0.92009
0.95232
0.93832
0.92351
0.99554
0.99535
0.99453
0.98636
0.99712
0.99100
0.99379
0.99406
0.99361
0.97512
0.98637
0.98130
0.98375
0.98385
0.98877
0.98783
0.78853
0.98512
0.98270
0.99033
0.90506
0.83432
0.96065
0.95973
0.94335
0.93514
0.92277
0.99345
0.99376
0.99531
0.97904
0.96079
0.99344
0.99746
0.93650
0.97667
0.99497
0.99730
0.98827
0.88896
0.63214
0.75750
0.77666
0.89133
0.93166
0.96296
0.55179
0.91984
0.86667
0.97676
0.99112
0.99271
0.98583
0.98885
0.99126
0.99265
0.98921
0.98869
0.98894
0.96873
0.95515
0.96584
0.93712
0.90330
0.82769
0.95330
0.95847
0.94713
0.96157
0.91321
0.96710
0.98477
0.99009
0.98412
0.98149
0.98617
0.98696
0.98399
0.96631
0.95958
0.96219
0.99567
0.98219
0.99391
0.98530
0.99509
0.97839
0.98276
0.97679
0.96726
0.99824
0.99272
0.99856
0.99843
0.99057
0.99686
0.99782
0.99337
0.97966
0.94272
0.93039
0.93302
0.85749
0.81464
0.88071
0.88123
0.96613
0.76554
0.89809
0.95635
0.88628
0.96014
0.96843
0.95910
0.96735
0.96972
0.97040
0.56396
0.96890
0.47941
0.85206
0.57325
0.57134
0.47748
0.78367
0.70197
0.25591
0.66163
0.79673
0.97413
0.97480
0.97296
0.97306
0.98024
0.98337
0.97093
0.98050
0.98019
0.96500
0.98880
0.98855
0.97642
0.98550
0.98626
0.99302
0.97742
0.99063
0.98793
0.98531
0.96227
0.97256
0.97843
0.97777
0.97466
0.97860
0.97347
0.98314
0.98124
0.96624
0.99621
0.97241
0.98150
0.99186
0.97886
0.99587
0.98771
0.96946
0.99695
0.98902
0.94436
0.99066
0.99320
0.99606
0.99523
0.99229
0.97035
0.94501
0.99111
0.99640
0.97794
0.94202
0.98917
0.97178
0.96088
0.96810
0.97056
0.96994
0.98425
0.97841
0.95789
0.89872
0.96329
0.91643
0.92739
0.70631
0.96205
0.91468
0.85031
0.95948
0.98966
0.98884
0.99095
0.98697
0.98746
0.98510
0.97976
0.97894
0.98666
0.98651
0.97106
0.95181
0.97521
0.96446
0.97384
0.95981
0.98394
0.98138
0.97138
0.95766
0.99408
0.98726
0.98369
0.99404
0.98300
0.99791
0.98705
0.97771
0.99042
0.99707
0.91849
0.87397
0.30920
0.91443
0.93897
0.92020
0.94881
0.88581
0.88001
0.91452
0.99675
0.98518
0.99510
0.98881
0.99859
0.99435
0.99889
0.99105
0.99742
0.99587
0.93774
0.89271
0.80492
0.92540
0.91032
0.93208
0.55672
0.82497
0.83914
0.80916
0.98981
0.99808
0.99159
0.99878
0.98959
0.99670
0.98357
0.99791
0.99164
0.99838
0.95635
0.94903
0.90221
0.86558
0.41977
0.43071
0.83705
0.92415
0.51008
0.91458
0.95737
0.93271
0.82706
0.97471
0.92398
0.94453
0.97346
0.95250
0.95527
0.82061
0.96896
0.99340
0.97961
0.99654
0.99120
0.99809
0.98187
0.99164
0.98677
0.99142
0.99711
0.98545
0.98147
0.97982
0.99262
0.99084
0.99873
0.99824
0.97653
0.97575
0.96813
0.98923
0.95806
0.99241
0.97608
0.95586
0.96878
0.99334
0.99003
0.98780
0.84219
0.95837
0.95544
0.87936
0.95305
0.91491
0.92105
0.95644
0.94550
0.82867
0.75199
0.98232
0.98267
0.98494
0.97825
0.98114
0.98451
0.97610
0.97843
0.94989
0.98855
0.98933
0.97988
0.98964
0.97985
0.94605
0.98849
0.97902
0.98685
0.96384
0.70451
0.69044
0.86851
0.62196
0.59004
0.66603
0.70277
0.46668
0.78325
0.81026
0.57455
0.43615
0.92946
0.77067
0.88447
0.55601
0.79041
0.68099
0.75703
0.96823
0.98633
0.98439
0.99087
0.99260
0.95647
0.98255
0.98068
0.97156
0.97610
0.79669
0.72628
0.97246
0.97655
0.90314
0.96461
0.94822
0.96789
0.92475
0.95874
0.94091
0.96379
0.94338
0.67152
0.95239
0.87986
0.94437
0.92882
0.96692
0.58924
0.60138
0.82550
0.81319
0.78631
0.89907
0.61676
0.81534
0.59673
0.74267
0.88540
0.81173
0.89654
0.89818
0.70854
0.81894
0.60324
0.74707
0.47001
0.46983
0.96208
0.96824
0.98726
0.98734
0.98779
0.98637
0.98631
0.99206
0.94512
0.98543
0.98857
0.99187
0.98228
0.95363
0.99377
0.98962
0.95518
0.98484
0.98646
0.98547
0.99824
0.96962
0.96905
0.97710
0.99599
0.97523
0.99805
0.99699
0.98819
0.99504
0.99325
0.98805
0.92149
0.90710
0.87164
0.94941
0.92436
0.92564
0.95421
0.97880
0.98156
0.94410
0.96605
0.93383
0.97966
0.96450
0.87338
0.94891
0.97062
0.96141
0.95033
0.92394
0.91081
0.44395
0.90852
0.76250
0.88261
0.84438
0.89948
0.82923
0.88425
0.94180
0.93862
0.98016
0.89871
0.97011
0.93760
0.94329
0.67473
0.94852
0.92207
0.59106
0.76640
0.95562
0.86263
0.94164
0.89070
0.49125
0.91095
0.81874
0.24848
0.78108
0.74860
0.87276
0.80821
0.41649
0.92183
0.88227
0.94493
0.92431
0.98583
0.98457
0.99141
0.98692
0.99140
0.98815
0.99156
0.98522
0.98751
0.98019
0.46077
0.98733
0.97349
0.98986
0.98207
0.98972
0.99175
0.98753
0.98257
0.98782
0.99776
0.99510
0.99675
0.99723
0.99728
0.99599
0.98035
0.96412
0.99913
0.99436
0.99669
0.97194
0.98750
0.99854
0.99045
0.99404
0.99876
0.99281
0.99339
0.99333
0.98912
0.98092
0.98048
0.97666
0.98863
0.91189
0.97954
0.98845
0.99099
0.97898
0.98571
0.99319
0.99340
0.99378
0.99410
0.98681
0.99016
0.97916
0.98657
0.99141
0.71642
0.61998
0.88336
0.69248
0.77059
0.37835
0.89589
0.86048
0.58235
0.62260
0.93823
0.99208
0.98686
0.97805
0.97402
0.98338
0.84931
0.99372
0.99257
0.99463
0.99214
0.98348
0.98944
0.98417
0.98533
0.99045
0.97890
0.98622
0.98771
0.97547
0.95227
0.98275
0.98257
0.98619
0.98367
0.97798
0.98831
0.99098
0.98635
0.98983
0.98780
0.94463
0.95646
0.95503
0.96649
0.94521
0.95262
0.94709
0.98055
0.95782
0.99317
0.96457
0.93312
0.97485
0.99450
0.99067
0.92660
0.98334
0.98951
0.99550
0.98130
0.97870
0.97953
0.98615
0.98821
0.98435
0.98647
0.97827
0.97916
0.99191
0.97741
0.98697
0.97534
0.95876
0.97082
0.98316
0.97242
0.95542
0.98161
0.96987
0.92968
0.92656
0.96821
0.98082
0.96999
0.96050
0.98755
0.96922
0.95097
0.96736
0.24702
0.96491
0.97616
0.88567
0.94129
0.94947
0.91199
0.93964
0.96696
0.97503
0.82328
0.76179
0.76722
0.77037
0.41031
0.73086
0.69961
0.77079
0.67628
0.55300
0.99364
0.98643
0.97195
0.98965
0.99274
0.98624
0.99098
0.99111
0.98897
0.99333
0.98009
0.99047
0.98878
0.99343
0.98920
0.98037
0.98750
0.98331
0.98777
0.97809
0.97443
0.97767
0.97755
0.97393
0.98389
0.98268
0.98798
0.97732
0.98914
0.97405
0.98029
0.98472
0.93789
0.97243
0.98923
0.96679
0.98359
0.99058
0.92193
0.98244
0.97781
0.98519
0.98417
0.98232
0.79946
0.93275
0.93356
0.95415
0.97759
0.98343
0.96324
0.95939
0.97828
0.98572
0.97457
0.98233
0.98679
0.97467
0.97280
0.98001
0.96962
0.97899
0.98344
0.97346
0.99205
0.97363
0.98319
0.98413
0.98224
0.98009
0.99317
0.99229
0.98689
0.99050
0.93463
0.95864
0.97911
0.99321
0.98263
0.99162
0.96357
0.97879
0.97652
0.95873
0.91975
0.95255
0.87688
0.92167
0.96048
0.95511
0.99568
0.99054
0.97576
0.99692
0.98692
0.99005
0.99244
0.97736
0.95200
0.98647
0.80312
0.99379
0.96294
0.96744
0.99311
0.91765
0.93018
0.95758
0.99448
0.99120
0.97260
0.83467
0.93976
0.92638
0.88530
0.96692
0.91657
0.89638
0.94643
0.93231
0.99727
0.99841
0.98608
0.98028
0.97533
0.99309
0.97054
0.98456
0.99652
0.99383
0.96726
0.99172
0.99149
0.99020
0.98759
0.98507
0.99167
0.98959
0.98905
0.99287
0.99361
0.98914
0.99393
0.93046
0.98383
0.99370
0.98652
0.99220
0.99416
0.99165
0.93406
0.93886
0.89364
0.88618
0.94459
0.87180
0.93147
0.95359
0.92283
0.94556
0.88871
0.88931
0.95391
0.51275
0.89577
0.88936
0.96508
0.96640
0.95927
0.95681
0.87559
0.97573
0.93211
0.87529
0.78097
0.95344
0.88639
0.93250
0.96326
0.97369
0.86920
0.98030
0.93923
0.67845
0.95701
0.95449
0.97691
0.60260
0.98098
0.99781
0.99579
0.97825
0.99801
0.99435
0.98821
0.99002
0.99073
0.98668
0.93722
0.96309
0.98032
0.53159
0.72792
0.77755
0.84617
0.93917
0.57362
0.78860
0.98162
0.97191
0.95087
0.98885
0.98705
0.98122
0.97623
0.96996
0.99096
0.98111
0.97801
0.99255
0.99093
0.99340
0.98957
0.99296
0.98979
0.99363
0.99219
0.90284
0.97361
0.97688
0.98632
0.84262
0.97864
0.99441
0.98260
0.98873
0.98346
0.99076
0.99010
0.97119
0.92686
0.96029
0.95327
0.71248
0.97804
0.93969
0.95967
0.98029
0.97283
0.95735
0.97513
0.96373
0.96637
0.97736
0.94716
0.70740
0.94817
0.97207
0.95656
0.94049
0.90974
0.93920
0.88727
0.81937
0.75632
0.71563
0.89885
0.60249
0.89498
0.46355
0.92264
0.98715
0.98326
0.99039
0.97267
0.98136
0.98542
0.98848
0.97814
0.98441
0.98774
0.93785
0.39316
0.47968
0.87547
0.90276
0.74552
0.80850
0.87718
0.92680
0.88098
0.98955
0.98442
0.98575
0.98824
0.94122
0.96612
0.94982
0.99174
0.97762
0.98532
0.97997
0.98996
0.99775
0.99332
0.99174
0.99429
0.99843
0.99755
0.97212
0.99002
0.93068
0.96948
0.95718
0.91325
0.88661
0.92070
0.68347
0.83694
0.89416
0.90139
0.93922
0.97584
0.94000
0.96007
0.74722
0.95978
0.94306
0.89859
0.94908
0.95743
0.96766
0.96189
0.96691
0.97371
0.95931
0.96441
0.12709
0.96856
0.95673
0.96365
0.99429
0.99391
0.98991
0.99349
0.99203
0.99217
0.99487
0.98482
0.99437
0.99472
0.96323
0.96428
0.97432
0.97284
0.96709
0.98492
0.98923
0.98183
0.99087
0.98586
0.99255
0.96829
0.98812
0.98412
0.98612
0.99134
0.99037
0.98433
0.99309
0.98709
0.97412
0.93669
0.99081
0.89284
0.96247
0.97924
0.98760
0.95020
0.98484
0.97569
0.99337
0.99376
0.99350
0.98939
0.98490
0.99439
0.99458
0.99415
0.99308
0.99495
0.92872
0.68004
0.90681
0.93415
0.90053
0.96109
0.91503
0.85236
0.90445
0.90957
0.97177
0.87457
0.91221
0.90889
0.91889
0.97008
0.94939
0.95125
0.96355
0.94969
0.95947
0.92783
0.77892
0.89898
0.87128
0.94404
0.87862
0.93295
0.94029
0.91996
0.97659
0.95766
0.98056
0.97733
0.92920
0.95487
0.97538
0.93708
0.96669
0.93557
0.80425
0.76903
0.70483
0.52005
0.89835
0.79024
0.80496
0.77105
0.44310
0.82848
0.97160
0.96694
0.97591
0.97487
0.97779
0.95628
0.95725
0.98249
0.90557
0.97595
0.94510
0.98163
0.95981
0.96689
0.94849
0.98545
0.98268
0.96253
0.97824
0.97745
0.99617
0.98322
0.96396
0.98641
0.97941
0.97084
0.96662
0.89769
0.80236
0.98315
0.97967
0.96276
0.98554
0.80302
0.95281
0.95045
0.92844
0.96311
0.93815
0.90562
0.96287
0.98883
0.55493
0.96600
0.97449
0.98101
0.93564
0.98503
0.99003
0.98387
0.98797
0.98957
0.99188
0.99096
0.98749
0.98897
0.98840
0.98044
0.66862
0.11438
0.88150
0.77032
0.66166
0.76153
0.61779
0.76664
0.81609
0.73268
0.98041
0.98323
0.98561
0.97710
0.98564
0.98103
0.98075
0.99300
0.99437
0.98915
0.98476
0.89874
0.93688
0.96101
0.92637
0.94972
0.95901
0.94881
0.94043
0.96410
0.91689
0.97386
0.97760
0.95145
0.97079
0.95557
0.96443
0.94938
0.97250
0.94952
0.98156
0.75761
0.97739
0.97922
0.98421
0.92022
0.93697
0.97230
0.96800
0.95892
0.96921
0.96570
0.95004
0.95103
0.94293
0.62678
0.83036
0.80972
0.94593
0.88351
0.74692
0.89814
0.98903
0.96122
0.98941
0.99391
0.98965
0.98959
0.97518
0.99209
0.97172
0.78362
0.98609
0.94395
0.82511
0.97663
0.94207
0.97288
0.98790
0.99520
0.99579
0.99231
0.96780
0.98423
0.98349
0.99251
0.99236
0.99505
0.98749
0.99073
0.95735
0.99129
0.97093
0.85193
0.92623
0.95840
0.73380
0.95212
0.93228
0.96514
0.92577
0.95827
0.97766
0.96244
0.94927
0.86395
0.96039
0.76136
0.95541
0.91629
0.95675
0.93135
0.98709
0.98503
0.99380
0.99833
0.98510
0.97674
0.97130
0.99811
0.98752
0.98242
0.96664
0.95680
0.97233
0.97657
0.95720
0.68611
0.96427
0.96824
0.97032
0.94514
0.86623
0.45001
0.62067
0.70718
0.81782
0.91445
0.70743
0.92859
0.91542
0.74875
0.81978
0.94854
0.55117
0.94380
0.98080
0.95617
0.97747
0.97957
0.93453
0.91010
0.88506
0.90152
0.87086
0.82454
0.93218
0.95893
0.77228
0.72048
0.86234
0.85297
0.90707
0.91787
0.71612
0.90596
0.89832
0.95491
0.82516
0.95574
0.96257
0.96500
0.95822
0.98084
0.99696
0.99388
0.84456
0.97812
0.97837
0.97307
0.97405
0.99604
0.82725
0.96269
0.92535
0.93988
0.92198
0.93675
0.96001
0.95432
0.96756
0.94367
0.94031
0.97098
0.96325
0.94975
0.97228
0.95265
0.37828
0.97517
0.95974
0.94112
0.47987
0.56809
0.55220
0.27005
0.24043
0.18924
0.06163
0.75203
0.18764
0.38401
0.09621
0.70084
0.06989
0.53234
0.42247
0.96771
0.88810
0.09912
0.41228
0.01500
0.07672
0.24698
0.07664
0.80070
0.89379
0.75705
0.84287
0.15964
0.17495
0.07165
0.26006
0.47389
0.42479
0.09994
0.98100
0.03415
0.10784
0.17882
0.11342
0.13633
0.42691
0.74908
0.77270
0.95366
0.18024
0.16252
0.90413
0.18536
0.08998
0.17477
0.05364
0.89183
0.02208
0.01674
0.29998
0.35354
0.62575
0.11321
0.28784
0.38273
0.16604
0.42423
0.86021
0.66545
0.06569
0.02877
0.22271
0.13449
0.54320
0.64041
0.70964
0.03112
0.75859
0.81119
0.67677
0.47797
0.20309
0.96134
0.54134
0.91672
0.37551
0.69791
0.08059
0.08983
0.73748
0.62983
0.09341
0.82694
0.10596
0.04790
0.66393
0.07828
0.52092
0.39791
0.75011
0.04947
0.59391
0.11088
0.95264
0.13003
0.34052
0.15715
0.04910
0.64468
0.06959
0.18197
0.36989
0.89597
0.09736
0.05009
0.22837
0.09577
0.60533
0.81271
0.16556
0.18283
0.06703
0.58133
0.03352
0.61192
0.03712
0.18156
0.77243
0.25838
0.51349
0.06942
0.20216
0.86976
0.46334
0.13653
0.58726
0.06281
0.79377
0.10844
0.33331
0.30756
0.04678
0.08102
0.70372
0.14373
0.32070
0.52209
0.08631
0.91585
0.49489
0.54970
0.91942
0.05886
0.18349
0.91486
0.27492
0.81953
0.90440
0.55051
0.07674
0.47831
0.72333
0.26919
0.33402
0.24882
0.21632
0.64322
0.48300
0.28274
0.02373
0.23964
0.36998
0.11810
0.66071
0.80607
0.46504
0.07296
0.08913
0.08603
0.64388
0.16674
0.19917
0.17189
0.16555
0.05565
0.08044
0.10303
0.14622
0.61172
0.33540
0.03937
0.41830
0.02339
0.97388
0.35612
0.76248
0.18529
0.20236
0.09558
0.07297
0.32421
0.49171
0.87367
0.04135
0.02463
0.04487
0.29376
0.15210
0.14585
0.08047
0.41309
0.54158
0.93029
0.09802
0.02011
0.28370
0.08928
0.75464
0.53052
0.45975
0.04057
0.96725
0.06020
0.04497
0.30592
0.30498
0.22565
0.05550
0.05000
0.13658
0.25024
0.18811
0.02946
0.29173
0.62512
0.58298
0.45116
0.23763
0.98089
0.28507
0.83233
0.15787
0.93810
0.57514
0.26900
0.66732
0.75364
0.68936
0.73200
0.71715
0.92377
0.57730
0.98637
0.11745
0.26644
0.47484
0.05718
0.40701
0.46020
0.06967
0.18885
0.02432
0.05114
0.16814
0.77127
0.27441
0.23832
0.05523
0.51684
0.80041
0.13557
0.23312
0.49531
0.28968
0.14836
0.16800
0.54238
0.79439
0.06331
0.74640
0.26180
0.05860
0.26981
0.03901
0.26354
0.06245
0.18231
0.44186
0.00996
0.21301
0.00203
0.05537
0.06995
0.26688
0.79967
0.60119
0.06359
0.44285
0.86464
0.19231
0.28364
0.11864
0.09581
0.52119
0.15674
0.08604
0.05278
0.68608
0.35478
0.12420
0.18058
0.14763
0.02956
0.96031
0.69743
0.84478
0.03543
0.50414
0.71611
0.66817
0.91482
0.03335
0.20631
0.74091
0.05690
0.09801
0.05794
0.14912
0.84418
0.71733
0.12288
0.06279
0.79042
0.06789
0.05819
0.07170
0.61631
0.04501
0.06528
0.20377
0.10518
0.04562
0.07264
0.21900
0.29096
0.02924
0.02784
0.05412
0.11859
0.63061
0.10841
0.00177
0.06814
0.78617
0.03459
0.90869
0.41324
0.15563
0.87251
0.80941
0.84844
0.03310
0.64778
0.47773
0.60144
0.72174
0.01981
0.12436
0.87339
0.27103
0.24603
0.73995
0.07508
0.00687
0.47442
0.74619
0.20529
0.71677
0.52389
0.00523
0.16386
0.00281
0.07686
0.53390
0.65257
0.69379
0.42860
0.53068
0.25838
0.62393
0.50348
0.07620
0.20308
0.25956
0.02929
0.04882
0.15952
0.30672
0.91816
0.28377
0.08556
0.13903
0.92301
0.21983
0.02090
0.60019
0.25337
0.28291
0.62471
0.31476
0.10533
0.89728
0.25936
0.09831
0.61350
0.02516
0.13213
0.27547
0.77313
0.02629
0.59725
0.87485
0.75156
0.12894
0.07572
0.13947
0.00124
0.19327
0.00144
0.03093
0.01677
0.25055
0.02814
0.09832
0.87308
0.03468
0.16942
0.14276
0.30440
0.26900
0.96344
0.45569
0.05082
0.45417
0.21384
0.14110
0.87746
0.10659
0.33167
0.11775
0.15667
0.04218
0.63952
0.19064
0.93264
0.34724
0.32951
0.09382
0.66248
0.09992
0.08116
0.14412
0.14117
0.34558
0.09160
0.08850
0.71920
0.00427
0.08116
0.56547
0.00461
0.01882
0.05276
0.03168
0.81090
0.05232
0.01902
0.29739
0.36419
0.08841
0.59897
0.06463
0.08620
0.13712
0.81347
0.02162
0.12610
0.71671
0.06406
0.86401
0.05800
0.11364
0.14667
0.42493
0.85226
0.03920
0.12628
0.51303
0.97223
0.05914
0.18374
0.08390
0.57903
0.45905
0.10443
0.17308
0.24394
0.40031
0.09438
0.16968
0.11050
0.06867
0.03271
0.00840
0.01140
0.14483
0.37587
0.94611
0.68970
0.06406
0.70076
0.73181
0.86151
0.86104
0.15641
0.08371
0.10031
0.41637
0.16362
0.85101
0.09192
0.85433
0.59170
0.83535
0.93127
0.70013
0.04570
0.05075
0.24131
0.25304
0.10655
0.15732
0.17858
0.28726
0.45768
0.04450
0.12441
0.90365
0.10337
0.07756
0.39687
0.21461
0.05277
0.09602
0.00307
0.09556
0.75276
0.18575
0.72554
0.74153
0.12928
0.18958
0.50049
0.08632
0.67239
0.08897
0.00498
0.67084
0.12491
0.63910
0.14465
0.17349
0.89623
0.89323
0.95053
0.09943
0.90546
0.94474
0.08465
0.90569
0.77710
0.33595
0.05204
0.84022
0.97703
0.18038
0.15180
0.93697
0.17212
0.05075
0.05036
0.94025
0.08291
0.20628
0.88369
0.17277
0.94014
0.23439
0.45940
0.05658
0.38095
0.85731
0.64518
0.89581
0.14981
0.89539
0.52210
0.91162
0.26580
0.92680
0.78372
0.32147
0.83566
0.17932
0.09806
0.10064
0.11718
0.81223
0.39482
0.05854
0.60951
0.09308
0.82750
0.57333
0.45111
0.18875
0.02731
0.13458
0.24616
0.19762
0.20557
0.09472
0.57840
0.11138
0.09032
0.25410
0.31346
0.40176
0.14776
0.07744
0.25104
0.00088
0.05981
0.11857
0.01745
0.48683
0.87038
0.22452
0.02764
0.12195
0.15034
0.29885
0.57555
0.89769
0.13468
0.54963
0.22470
0.65637
0.94043
0.77597
0.58651
0.05330
0.56214
0.09663
0.31445
0.85672
0.81846
0.24054
0.55827
0.26130
0.29304
0.01640
0.07889
0.08875
0.13928
0.30578
0.10897
0.08751
0.09836
0.17240
0.11959
0.20496
0.03908
0.19409
0.34084
0.22725
0.63617
0.48789
0.17044
0.72317
0.09407
0.16349
0.08146
0.18364
0.21994
0.39438
0.19113
0.50406
0.08216
0.30050
0.09629
0.02297
0.09581
0.02594
0.07408
0.05041
0.45666
0.01220
0.17815
0.38587
0.04724
0.15454
0.36933
0.09088
0.35871
0.05797
0.06466
0.59838
0.44599
0.88913
0.86063
0.87860
0.79188
0.07448
0.08617
0.85614
0.76649
0.22717
0.88664
0.12382
0.35197
0.74085
0.70920
0.03363
0.09039
0.85043
0.04187
0.33649
0.12522
0.37408
0.07766
0.21989
0.22900
0.09898
0.08405
0.09802
0.38763
0.38355
0.05841
0.44359
0.25311
0.82990
0.03306
0.31036
0.91821
0.10823
0.32306
0.32033
0.06003
0.05704
0.11795
0.10733
0.18526
0.02012
0.42861
0.16963
0.77133
0.06727
0.66847
0.00614
0.52113
0.06416
0.12639
0.36638
0.43332
0.28101
0.38099
0.79995
0.15954
0.16496
0.20375
0.76398
0.09277
0.31649
0.26808
0.81413
0.93112
0.92339
0.42262
0.05056
0.11616
0.37791
0.41743
0.32494
0.05348
0.04838
0.92886
0.84622
0.02736
0.23454
0.03497
0.30758
0.56970
0.59793
0.17283
0.49250
0.13004
0.28155
0.17625
0.24019
0.86941
0.08735
0.04240
0.43849
0.47521
0.13823
0.09844
0.16887
0.34152
0.05078
0.16211
0.15280
0.87445
0.09535
0.07614
0.11524
0.04586
0.43953
0.12968
0.60895
0.24760
0.09757
0.39291
0.21248
0.70413
0.02728
0.01221
0.90206
0.08689
0.27879
0.04983
0.20764
0.09302
0.60414
0.18604
0.20373
0.58257
0.19566
0.01682
0.05743
0.10206
0.52821
0.54665
0.40693
0.28364
0.88256
0.06153
0.64501
0.36653
0.51284
0.69448
0.46794
0.05294
0.04239
0.03004
0.07156
0.11509
0.45469
0.91983
0.47717
0.05480
0.17589
0.03013
0.54592
0.54226
0.07799
0.30590
0.80498
0.11117
0.53051
0.09629
0.90042
0.02146
0.23677
0.86252
0.70158
0.04181
0.25411
0.20301
0.19920
0.06124
0.06787
0.01535
0.34185
0.66592
0.11200
0.05903
0.09237
0.04866
0.07823
0.00486
0.13052
0.54109
0.07727
0.18055
0.83832
0.01882
0.03046
0.06996
0.34118
0.26111
0.01874
0.95220
0.63500
0.05870
0.07691
0.55204
0.09518
0.73116
0.15143
0.17799
0.21337
0.80158
0.11323
0.28447
0.00864
0.07631
0.03585
0.00430
0.03659
0.03050
0.29716
0.87969
0.36356
0.02626
0.83259
0.98266
0.87063
0.93951
0.72109
0.46308
0.14261
0.23830
0.02701
0.48646
0.15062
0.07432
0.36494
0.12985
0.02693
0.93236
0.15174
0.11208
0.09554
0.46344
0.28053
0.81161
0.03930
0.23750
0.90655
0.02274
0.37702
0.84466
0.83227
0.36960
0.27013
0.49437
0.20702
0.74739
0.35318
0.95102
0.64871
0.14980
0.04910
0.51799
0.05021
0.14792
0.21591
0.08242
0.79851
0.94617
0.34664
0.04223
0.36970
0.26929
0.79854
0.54663
0.18940
0.11918
0.02253
0.00565
0.74680
0.01723
0.07273
0.05966
0.13527
0.91009
0.09195
0.12891
0.95144
0.19407
0.80883
0.15769
0.10574
0.20695
0.11729
0.15697
0.17129
0.67400
0.55846
0.22327
0.73545
0.51323
0.01540
0.70260
0.57567
0.47296
0.19063
0.05728
0.08749
0.07620
0.63179
0.35009
0.07926
0.06220
0.03507
0.01773
0.84868
0.03114
0.06770
0.61878
0.15157
0.03284
0.11460
0.07756
0.02834
0.88678
0.23596
0.11628
0.25265
0.09941
0.08085
0.70359
0.05465
0.86334
0.22262
0.08910
0.55748
0.56036
0.19572
0.06426
0.21779
0.02829
0.52905
0.53602
0.18062
0.02156
0.35435
0.03961
0.02595
0.58289
0.68989
0.67860
0.13719
0.87721
0.38098
0.12044
0.41139
0.48462
0.18825
0.19433
0.94067
0.05526
0.00535
0.17234
0.05779
0.02694
0.06680
0.14943
0.09836
0.04907
0.02364
0.85714
0.24001
0.18876
0.16768
0.10689
0.88599
0.74566
0.56851
0.24250
0.66620
0.64931
0.12340
0.54418
0.06378
0.04852
0.18480
0.04740
0.20712
0.04285
0.10751
0.25199
0.03652
0.15980
0.30205
0.73934
0.21626
0.03938
0.12790
0.15846
0.69163
0.17224
0.06585
0.25924
0.31305
0.08903
0.10659
0.37983
0.20833
0.20094
0.71722
0.07627
0.11348
0.03408
0.15976
0.04649
0.00719
0.29420
0.05044
0.07949
0.57282
0.08020
0.18023
0.21419
0.22515
0.14732
0.21935
0.33850
0.10242
0.26842
0.19272
0.57178
0.39998
0.66522
0.82221
0.50528
0.48406
0.60177
0.73301
0.05503
0.96700
0.02379
0.12215
0.18066
0.76301
0.03214
0.03477
0.13426
0.56127
0.09309
0.12574
0.78137
0.24628
0.09791
0.63745
0.68225
0.09226
0.46842
0.14485
0.55306
0.02688
0.60523
0.19751
0.04339
0.24057
0.72740
0.27101
0.19957
0.06384
0.03882
0.79810
0.40977
0.21017
0.02707
0.05446
0.14662
0.18453
0.22251
0.11579
0.20922
0.02211
0.92713
0.88366
0.21306
0.00759
0.21996
0.90647
0.13769
0.04096
0.02437
0.01281
0.52059
0.26469
0.81184
0.14974
0.24361
0.45574
0.90238
0.03809
0.08259
0.09832
0.81470
0.23763
0.01295
0.79191
0.08708
0.88138
0.08152
0.52059
0.01169
0.86758
0.49830
0.06974
0.32646
0.14472
0.79987
0.03130
0.12821
0.31004
0.95389
0.06243
0.35153
0.05441
0.17476
0.87982
0.02051
0.14495
0.07398
0.09396
0.05356
0.30597
0.67149
0.12660
0.57048
0.60447
0.11083
0.52581
0.71675
0.47650
0.59236
0.61833
0.17555
0.09043
0.46520
0.48365
0.14671
0.09254
0.63454
0.15610
0.52659
0.05058
0.01552
0.28427
0.05090
0.04471
0.93570
0.46934
0.08962
0.20993
0.10386
0.04663
0.05024
0.10631
0.09847
0.05540
0.59240
0.22419
0.40336
0.75714
0.09490
0.43555
0.23503
0.33099
0.04805
0.15315
0.13917
0.75692
0.04052
0.09726
0.09217
0.34794
0.05628
0.85421
0.66802
0.31410
0.70672
0.99149
0.06385
0.90295
0.11772
0.77929
0.07653
0.07238
0.26587
0.03223
0.75458
0.02308
0.05138
0.05003
0.55681
0.25641
0.52427
0.61144
0.58391
0.61970
0.63060
0.73979
0.67759
0.12632
0.06299
0.06533
0.08737
0.01824
0.04392
0.07427
0.02974
0.04084
0.74565
0.47517
0.01703
0.38810
0.10961
0.78701
0.74442
0.25047
0.32799
0.21561
0.84275
0.84843
0.54439
0.05533
0.51667
0.84519
0.89982
0.07527
0.22979
0.67415
0.19835
0.72458
0.51342
0.76490
0.69882
0.42898
0.03367
0.47924
0.61166
0.17866
0.38285
0.29863
0.63346
0.67815
0.87243
0.09652
0.20378
0.37706
0.25968
0.83132
0.35078
0.50544
0.18165
0.30089
0.03997
0.15292
0.21810
0.01191
0.16684
0.12621
0.06518
0.58300
0.04794
0.61881
0.83462
0.14143
0.88782
0.55212
0.83893
0.17868
0.64420
0.17016
0.82695
0.86454
0.15411
0.02566
0.03877
0.28667
0.05157
0.84795
0.14921
0.24380
0.77453
0.26766
0.37101
0.44582
0.40898
0.43504
0.67284
0.06220
0.04877
0.15857
0.28475
0.57452
0.95010
0.14010
0.04482
0.12774
0.06486
0.90870
0.86473
0.02859
0.14175
0.20405
0.37040
0.04224
0.79547
0.46397
0.04615
0.61271
0.85958
0.28793
0.19584
0.44226
0.65966
0.09895
0.58316
0.47885
0.57082
0.05372
0.28993
0.06212
0.40270
0.05053
0.22580
0.11722
0.06559
0.16618
0.31808
0.43742
0.29226
0.31330
0.87814
0.79558
0.70951
0.86520
0.16442
0.32101
0.17719
0.07151
0.58184
0.04249
0.49537
0.81691
0.02065
0.10204
0.80553
0.05572
0.40302
0.84576
0.01002
0.95931
0.25329
0.08319
0.36333
0.28995
0.06800
0.02953
0.10729
0.04179
0.10861
0.95537
0.14153
0.10525
0.15723
0.04457
0.15757
0.86179
0.21433
0.05397
0.94381
0.49713
0.16626
0.83551
0.13448
0.01715
0.20141
0.04989
0.89890
0.33399
0.11527
0.06134
0.41707
0.05347
0.21547
0.94824
0.06746
0.65653
0.04647
0.80372
0.73536
0.93655
0.38540
0.87731
