0.81000
0.81000
0.83000
0.76000
0.81000
0.81000
0.79000
0.81000
0.83000
0.81000
0.68000
0.42000
0.56000
0.78000
0.70000
0.67000
0.71000
0.61000
0.66000
0.72000
0.73000
0.79000
0.80000
0.75000
0.83000
0.86000
0.83000
0.81000
0.83000
0.75000
0.81000
0.85000
0.77000
0.78000
0.80000
0.54000
0.80000
0.72000
0.76000
0.78000
0.70000
0.66000
0.72000
0.57000
0.78000
0.80000
0.85000
0.81000
0.72000
0.79000
0.81000
0.83000
0.80000
0.75000
0.78000
0.79000
0.79000
0.82000
0.70000
0.78000
0.62000
0.66000
0.83000
0.69000
0.77000
0.81000
0.76000
0.78000
0.80000
0.79000
0.81000
0.74000
0.61000
0.34000
0.55000
0.61000
0.48000
0.41000
0.77000
0.47000
0.50000
0.62000
0.67000
0.51000
0.69000
0.74000
0.60000
0.43000
0.58000
0.79000
0.53000
0.25000
0.72000
0.43000
0.28000
0.53000
0.53000
0.79000
0.84000
0.82000
0.81000
0.82000
0.80000
0.83000
0.82000
0.83000
0.83000
0.77000
0.79000
0.79000
0.82000
0.81000
0.81000
0.71000
0.82000
0.79000
0.68000
0.60000
0.74000
0.76000
0.69000
0.72000
0.76000
0.84000
0.84000
0.81000
0.81000
0.83000
0.84000
0.55000
0.70000
0.74000
0.72000
0.78000
0.74000
0.78000
0.80000
0.70000
0.81000
0.79000
0.73000
0.81000
0.76000
0.75000
0.75000
0.65000
0.82000
0.80000
0.74000
0.76000
0.49000
0.78000
0.71000
0.82000
0.84000
0.74000
0.82000
0.79000
0.70000
0.78000
0.72000
0.73000
0.78000
0.74000
0.78000
0.80000
0.83000
0.78000
0.61000
0.59000
0.48000
0.68000
0.69000
0.65000
0.75000
0.79000
0.72000
0.71000
0.70000
0.76000
0.41000
0.73000
0.69000
0.61000
0.72000
0.67000
0.42000
0.69000
0.77000
0.80000
0.84000
0.66000
0.82000
0.78000
0.85000
0.74000
0.80000
0.82000
0.56000
0.28000
0.65000
0.56000
0.50000
0.33000
0.68000
0.74000
0.47000
0.36000
0.56000
0.73000
0.81000
0.82000
0.71000
0.82000
0.79000
0.75000
0.77000
0.79000
0.65000
0.73000
0.80000
0.80000
0.75000
0.66000
0.78000
0.73000
0.82000
0.65000
0.78000
0.84000
0.76000
0.74000
0.80000
0.80000
0.82000
0.81000
0.75000
0.83000
0.54000
0.64000
0.56000
0.71000
0.34000
0.55000
0.41000
0.41000
0.53000
0.80000
0.82000
0.73000
0.49000
0.66000
0.75000
0.69000
0.58000
0.43000
0.60000
0.71000
0.52000
0.37000
0.75000
0.65000
0.53000
0.72000
0.61000
0.69000
0.77000
0.62000
0.71000
0.79000
0.74000
0.80000
0.79000
0.79000
0.67000
0.78000
0.73000
0.75000
0.64000
0.29000
0.57000
0.75000
0.57000
0.70000
0.56000
0.67000
0.36000
0.75000
0.79000
0.63000
0.80000
0.81000
0.78000
0.79000
0.83000
0.78000
0.79000
0.79000
0.83000
0.79000
0.75000
0.83000
0.82000
0.85000
0.74000
0.73000
0.71000
0.84000
0.53000
0.25000
0.76000
0.70000
0.50000
0.53000
0.82000
0.43000
0.74000
0.71000
0.77000
0.82000
0.81000
0.78000
0.82000
0.58000
0.81000
0.81000
0.82000
0.82000
0.79000
0.77000
0.78000
0.85000
0.79000
0.80000
0.80000
0.73000
0.65000
0.69000
0.56000
0.35000
0.57000
0.62000
0.50000
0.57000
0.59000
0.61000
0.57000
0.42000
0.79000
0.82000
0.81000
0.78000
0.85000
0.79000
0.68000
0.85000
0.84000
0.79000
0.74000
0.81000
0.67000
0.71000
0.80000
0.82000
0.83000
0.80000
0.84000
0.81000
0.81000
0.60000
0.83000
0.79000
0.53000
0.75000
0.74000
0.78000
0.77000
0.70000
0.66000
0.53000
0.77000
0.83000
0.64000
0.79000
0.49000
0.73000
0.56000
0.72000
0.83000
0.81000
0.81000
0.85000
0.83000
0.78000
0.83000
0.81000
0.82000
0.85000
0.70000
0.67000
0.77000
0.73000
0.68000
0.76000
0.80000
0.77000
0.63000
0.77000
0.59000
0.40000
0.58000
0.45000
0.59000
0.74000
0.36000
0.67000
0.30000
0.29000
0.84000
0.83000
0.79000
0.81000
0.79000
0.80000
0.70000
0.80000
0.75000
0.80000
0.79000
0.83000
0.84000
0.85000
0.82000
0.83000
0.85000
0.73000
0.80000
0.82000
0.72000
0.81000
0.67000
0.71000
0.58000
0.57000
0.65000
0.76000
0.70000
0.73000
0.79000
0.75000
0.78000
0.83000
0.78000
0.81000
0.79000
0.78000
0.78000
0.78000
0.82000
0.69000
0.80000
0.63000
0.73000
0.78000
0.76000
0.79000
0.79000
0.74000
0.78000
0.72000
0.78000
0.72000
0.76000
0.68000
0.68000
0.56000
0.80000
0.73000
0.59000
0.84000
0.74000
0.47000
0.44000
0.59000
0.66000
0.54000
0.72000
0.44000
0.54000
0.69000
0.64000
0.62000
0.65000
0.57000
0.63000
0.59000
0.41000
0.73000
0.79000
0.78000
0.85000
0.73000
0.68000
0.81000
0.70000
0.74000
0.67000
0.83000
0.81000
0.75000
0.81000
0.82000
0.79000
0.77000
0.72000
0.78000
0.82000
0.78000
0.82000
0.79000
0.53000
0.78000
0.80000
0.74000
0.81000
0.78000
0.60000
0.62000
0.71000
0.74000
0.30000
0.55000
0.65000
0.67000
0.59000
0.62000
0.46000
0.80000
0.36000
0.83000
0.33000
0.60000
0.25000
0.55000
0.72000
0.68000
0.76000
0.65000
0.70000
0.82000
0.66000
0.75000
0.68000
0.75000
0.63000
0.71000
0.79000
0.79000
0.71000
0.71000
0.82000
0.78000
0.74000
0.73000
0.79000
0.76000
0.85000
0.43000
0.83000
0.82000
0.86000
0.78000
0.72000
0.81000
0.81000
0.80000
0.72000
0.77000
0.72000
0.79000
0.73000
0.69000
0.78000
0.59000
0.74000
0.76000
0.82000
0.77000
0.58000
0.75000
0.73000
0.84000
0.27000
0.75000
0.78000
0.74000
0.83000
0.56000
0.74000
0.25000
0.80000
0.49000
0.53000
0.39000
0.73000
0.50000
0.30000
0.80000
0.68000
0.73000
0.69000
0.61000
0.56000
0.65000
0.51000
0.50000
0.67000
0.32000
0.80000
0.69000
0.66000
0.81000
0.63000
0.65000
0.56000
0.74000
0.69000
0.70000
0.65000
0.77000
0.41000
0.33000
0.69000
0.77000
0.57000
0.71000
0.82000
0.70000
0.67000
0.65000
0.64000
0.51000
0.66000
0.64000
0.59000
0.50000
0.50000
0.66000
0.62000
0.81000
0.68000
0.55000
0.51000
0.71000
0.78000
0.53000
0.79000
0.75000
0.80000
0.85000
0.87000
0.77000
0.70000
0.72000
0.76000
0.83000
0.70000
0.66000
0.71000
0.68000
0.74000
0.67000
0.81000
0.83000
0.80000
0.72000
0.73000
0.55000
0.74000
0.82000
0.76000
0.70000
0.73000
0.76000
0.80000
0.80000
0.77000
0.65000
0.59000
0.52000
0.63000
0.57000
0.63000
0.48000
0.58000
0.70000
0.77000
0.78000
0.78000
0.46000
0.61000
0.46000
0.77000
0.72000
0.70000
0.65000
0.81000
0.76000
0.77000
0.73000
0.79000
0.76000
0.74000
0.79000
0.82000
0.72000
0.80000
0.73000
0.60000
0.72000
0.73000
0.72000
0.78000
0.77000
0.57000
0.42000
0.70000
0.81000
0.74000
0.67000
0.63000
0.31000
0.82000
0.83000
0.71000
0.60000
0.73000
0.51000
0.74000
0.68000
0.46000
0.49000
0.77000
0.32000
0.70000
0.71000
0.80000
0.83000
0.81000
0.83000
0.79000
0.82000
0.81000
0.81000
0.79000
0.84000
0.64000
0.83000
0.77000
0.52000
0.38000
0.77000
0.56000
0.76000
0.74000
0.79000
0.68000
0.44000
0.41000
0.45000
0.41000
0.65000
0.44000
0.36000
0.31000
0.59000
0.34000
0.80000
0.62000
0.38000
0.52000
0.76000
0.84000
0.45000
0.59000
0.68000
0.69000
0.28000
0.39000
0.25000
0.35000
0.29000
0.53000
0.57000
0.43000
0.78000
0.70000
0.67000
0.79000
0.42000
0.31000
0.69000
0.73000
0.81000
0.70000
0.66000
0.54000
0.52000
0.70000
0.57000
0.37000
0.52000
0.46000
0.66000
0.50000
0.54000
0.79000
0.77000
0.79000
0.81000
0.81000
0.74000
0.80000
0.81000
0.83000
0.68000
0.46000
0.66000
0.62000
0.64000
0.72000
0.67000
0.77000
0.74000
0.78000
0.69000
0.80000
0.72000
0.78000
0.80000
0.72000
0.68000
0.82000
0.75000
0.75000
0.84000
0.74000
0.59000
0.77000
0.62000
0.51000
0.84000
0.83000
0.81000
0.67000
0.81000
0.76000
0.71000
0.70000
0.48000
0.68000
0.80000
0.74000
0.30000
0.73000
0.64000
0.49000
0.75000
0.67000
0.75000
0.82000
0.58000
0.79000
0.77000
0.63000
0.83000
0.53000
0.36000
0.35000
0.55000
0.67000
0.55000
0.62000
0.58000
0.66000
0.60000
0.58000
0.41000
0.62000
0.27000
0.25000
0.42000
0.41000
0.49000
0.33000
0.49000
0.76000
0.62000
0.82000
0.84000
0.76000
0.78000
0.69000
0.65000
0.60000
0.80000
0.76000
0.77000
0.82000
0.80000
0.80000
0.69000
0.69000
0.78000
0.85000
0.83000
0.82000
0.78000
0.71000
0.81000
0.61000
0.67000
0.78000
0.56000
0.73000
0.72000
0.82000
0.82000
0.84000
0.80000
0.79000
0.84000
0.85000
0.78000
0.76000
0.82000
0.84000
0.80000
0.78000
0.73000
0.79000
0.79000
0.75000
0.74000
0.68000
0.66000
0.47000
0.70000
0.65000
0.83000
0.69000
0.48000
0.56000
0.72000
0.60000
0.66000
0.76000
0.69000
0.74000
0.83000
0.81000
0.83000
0.78000
0.80000
0.71000
0.81000
0.76000
0.85000
0.77000
0.75000
0.79000
0.77000
0.75000
0.75000
0.72000
0.83000
0.68000
0.31000
0.54000
0.56000
0.26000
0.54000
0.58000
0.29000
0.77000
0.82000
0.78000
0.83000
0.82000
0.59000
0.76000
0.78000
0.80000
0.64000
0.80000
0.81000
0.78000
0.64000
0.81000
0.76000
0.77000
0.77000
0.83000
0.79000
0.78000
0.79000
0.52000
0.45000
0.77000
0.76000
0.65000
0.76000
0.74000
0.80000
0.40000
0.71000
0.28000
0.60000
0.72000
0.64000
0.58000
0.66000
0.66000
0.70000
0.80000
0.69000
0.46000
0.60000
0.47000
0.63000
0.71000
0.74000
0.76000
0.63000
0.69000
0.75000
0.73000
0.28000
0.60000
0.50000
0.71000
0.55000
0.45000
0.56000
0.61000
0.76000
0.71000
0.67000
0.73000
0.77000
0.69000
0.72000
0.75000
0.66000
0.78000
0.53000
0.41000
0.74000
0.52000
0.72000
0.75000
0.63000
0.36000
0.53000
0.66000
0.74000
0.78000
0.79000
0.70000
0.68000
0.81000
0.73000
0.79000
0.67000
0.77000
0.79000
0.79000
0.82000
0.75000
0.75000
0.74000
0.61000
0.53000
0.61000
0.50000
0.67000
0.72000
0.72000
0.42000
0.56000
0.47000
0.72000
0.50000
0.65000
0.69000
0.65000
0.37000
0.51000
0.57000
0.31000
0.59000
0.44000
0.46000
0.50000
0.56000
0.28000
0.44000
0.80000
0.80000
0.77000
0.74000
0.83000
0.82000
0.81000
0.81000
0.76000
0.81000
0.63000
0.58000
0.43000
0.54000
0.60000
0.66000
0.46000
0.43000
0.51000
0.35000
0.76000
0.81000
0.76000
0.80000
0.70000
0.73000
0.72000
0.80000
0.75000
0.65000
0.62000
0.28000
0.26000
0.37000
0.50000
0.40000
0.24000
0.43000
0.43000
0.50000
0.66000
0.73000
0.58000
0.50000
0.55000
0.52000
0.73000
0.85000
0.65000
0.68000
0.55000
0.53000
0.61000
0.41000
0.50000
0.74000
0.47000
0.71000
0.73000
0.40000
0.59000
0.48000
0.58000
0.43000
0.63000
0.73000
0.79000
0.46000
0.70000
0.63000
0.45000
0.62000
0.55000
0.27000
0.52000
0.78000
0.56000
0.50000
0.78000
0.71000
0.68000
0.58000
0.53000
0.72000
0.45000
0.77000
0.43000
0.57000
0.73000
0.70000
0.78000
0.36000
0.74000
0.82000
0.75000
0.80000
0.76000
0.80000
0.64000
0.79000
0.78000
0.84000
0.74000
0.80000
0.76000
0.81000
0.76000
0.76000
0.78000
0.80000
0.67000
0.75000
0.78000
0.76000
0.87000
0.83000
0.74000
0.79000
0.78000
0.79000
0.44000
0.58000
0.40000
0.30000
0.29000
0.62000
0.58000
0.34000
0.44000
0.53000
0.63000
0.72000
0.53000
0.54000
0.59000
0.54000
0.68000
0.61000
0.67000
0.69000
0.65000
0.52000
0.64000
0.50000
0.77000
0.69000
0.57000
0.74000
0.56000
0.62000
0.70000
0.62000
0.67000
0.70000
0.36000
0.72000
0.71000
0.55000
0.60000
0.78000
0.75000
0.82000
0.81000
0.81000
0.80000
0.76000
0.75000
0.82000
0.84000
0.80000
0.68000
0.78000
0.74000
0.59000
0.59000
0.56000
0.69000
0.75000
0.55000
0.52000
0.56000
0.39000
0.50000
0.77000
0.41000
0.67000
0.72000
0.75000
0.82000
0.81000
0.83000
0.81000
0.82000
0.77000
0.88000
0.77000
0.80000
0.80000
0.71000
0.57000
0.57000
0.72000
0.72000
0.83000
0.45000
0.80000
0.72000
0.78000
0.74000
0.83000
0.68000
0.67000
0.60000
0.37000
0.57000
0.54000
0.63000
0.61000
0.55000
0.26000
0.78000
0.84000
0.78000
0.76000
0.75000
0.79000
0.81000
0.79000
0.82000
0.79000
0.77000
0.79000
0.73000
0.80000
0.79000
0.80000
0.71000
0.84000
0.81000
0.64000
0.78000
0.79000
0.82000
0.71000
0.83000
0.58000
0.73000
0.78000
0.81000
0.76000
0.82000
0.70000
0.71000
0.65000
0.60000
0.68000
0.67000
0.80000
0.65000
0.79000
0.37000
0.61000
0.28000
0.50000
0.71000
0.29000
0.28000
0.27000
0.35000
0.26000
0.79000
0.80000
0.76000
0.78000
0.78000
0.82000
0.77000
0.84000
0.71000
0.75000
0.56000
0.46000
0.53000
0.71000
0.74000
0.70000
0.63000
0.66000
0.78000
0.64000
0.79000
0.83000
0.70000
0.83000
0.75000
0.72000
0.81000
0.84000
0.83000
0.68000
0.76000
0.79000
0.70000
0.69000
0.79000
0.78000
0.82000
0.75000
0.70000
0.76000
0.75000
0.74000
0.80000
0.80000
0.80000
0.78000
0.74000
0.80000
0.80000
0.81000
0.80000
0.60000
0.69000
0.80000
0.80000
0.68000
0.76000
0.82000
0.78000
0.74000
0.37000
0.27000
0.41000
0.83000
0.64000
0.43000
0.73000
0.68000
0.71000
0.57000
0.34000
0.72000
0.25000
0.78000
0.50000
0.38000
0.62000
0.67000
0.43000
0.71000
0.81000
0.75000
0.79000
0.65000
0.77000
0.80000
0.64000
0.72000
0.78000
0.74000
0.82000
0.81000
0.84000
0.81000
0.75000
0.84000
0.74000
0.78000
0.75000
0.77000
0.81000
0.81000
0.75000
0.83000
0.69000
0.82000
0.80000
0.83000
0.76000
0.78000
0.60000
0.78000
0.76000
0.72000
0.68000
0.68000
0.82000
0.79000
0.66000
0.81000
0.82000
0.83000
0.78000
0.81000
0.81000
0.76000
0.70000
0.79000
0.76000
0.80000
0.22604
0.20874
0.20932
0.20570
0.20221
0.17918
0.18382
0.21014
0.20826
0.18502
0.23326
0.20874
0.23616
0.20872
0.21259
0.22692
0.20850
0.19956
0.21665
0.20943
0.20991
0.17925
0.20361
0.21663
0.20238
0.20841
0.20025
0.18840
0.21669
0.16683
0.23235
0.22886
0.19369
0.19561
0.18949
0.17706
0.20900
0.19442
0.20060
0.20491
0.24167
0.23417
0.21640
0.21555
0.20364
0.19587
0.21301
0.19517
0.24375
0.20301
0.20862
0.20447
0.17631
0.22259
0.23042
0.17744
0.19176
0.18356
0.21447
0.21118
0.19973
0.22481
0.20420
0.19004
0.19113
0.21513
0.19400
0.19330
0.18748
0.23486
0.20949
0.19898
0.24318
0.23136
0.20253
0.21808
0.21796
0.25063
0.17414
0.20985
0.19064
0.22614
0.22358
0.20658
0.23985
0.18626
0.20453
0.21426
0.20484
0.18839
0.20799
0.23309
0.20233
0.24068
0.21953
0.15217
0.14450
0.26930
0.21083
0.20630
0.22086
0.20028
0.23583
0.20333
0.19821
0.23474
0.19403
0.24860
0.19456
0.18872
0.26894
0.20363
0.19268
0.25216
0.20196
0.19344
0.19888
0.24334
0.21161
0.24000
0.19523
0.20674
0.22752
0.19153
0.18643
0.20747
0.20615
0.18297
0.20894
0.19343
0.20125
0.19440
0.21788
0.18262
0.17036
0.18779
0.21763
0.19433
0.20123
0.21127
0.21017
0.18795
0.19373
0.19828
0.26445
0.23495
0.22591
0.23173
0.23576
0.23054
0.22541
0.21089
0.20924
0.22100
0.20225
0.23070
0.20819
0.20446
0.23174
0.19486
0.18646
0.19130
0.18848
0.21355
0.18850
0.22210
0.19956
0.22597
0.23263
0.24927
0.20276
0.22428
0.21361
0.17942
0.20994
0.18882
0.18313
0.21546
0.22579
0.21903
0.23028
0.19042
0.17695
0.22098
0.18201
0.20104
0.21817
0.19113
0.22301
0.20054
0.22273
0.20483
0.21293
0.21965
0.19613
0.19867
0.18481
0.21544
0.18022
0.21172
0.18255
0.21478
0.20787
0.20289
0.20469
0.18643
0.19619
0.19467
0.21471
0.21322
0.21039
0.18762
0.20355
0.20776
0.19432
0.19354
0.20406
0.20403
0.20176
0.19272
0.22825
0.18187
0.22115
0.23608
0.20264
0.19404
0.21402
0.18846
0.19059
0.21640
0.21502
0.21062
0.22526
0.20646
0.19835
0.24006
0.19419
0.27504
0.19599
0.19758
0.24137
0.20908
0.20987
0.22515
0.20399
0.23603
0.19858
0.23929
0.23196
0.19073
0.23134
0.21683
0.21192
0.20623
0.22827
0.23099
0.21190
0.22204
0.21280
0.22760
0.20454
0.21749
0.23813
0.20897
0.20298
0.20395
0.22272
0.22926
0.19617
0.19241
0.21410
0.22226
0.27637
0.21556
0.20321
0.23166
0.20784
0.23582
0.18740
0.18102
0.22346
0.19542
0.16303
0.18400
0.19482
0.19714
0.21118
0.21688
0.19219
0.20552
0.20851
0.18173
0.20612
0.18888
0.20916
0.17469
0.19369
0.19587
0.19408
0.18616
0.19656
0.19210
0.23076
0.19842
0.19782
0.17278
0.19738
0.19450
0.25629
0.17805
0.23967
0.20181
0.21501
0.21132
0.17786
0.24369
0.20388
0.18568
0.18894
0.17480
0.21147
0.19284
0.21137
0.22783
0.22232
0.18221
0.22444
0.22939
0.20852
0.22608
0.20557
0.20739
0.20161
0.20573
0.20128
0.21416
0.21309
0.22800
0.22503
0.21956
0.20204
0.21265
0.18986
0.22017
0.18398
0.19949
0.17687
0.18625
0.21912
0.21477
0.21990
0.23610
0.21302
0.21654
0.18906
0.19087
0.19701
0.19484
0.19481
0.17579
0.19889
0.18347
0.20217
0.23302
0.21543
0.22202
0.20415
0.20489
0.21885
0.22047
0.23900
0.22798
0.19137
0.19789
0.20202
0.21069
0.18311
0.21819
0.23178
0.22918
0.19726
0.22497
0.18899
0.21202
0.21901
0.18764
0.23138
0.21275
0.22998
0.20499
0.20242
0.20833
0.21404
0.21265
0.19845
0.22199
0.20528
0.18384
0.18193
0.20865
0.17769
0.19027
0.22397
0.20635
0.19830
0.21457
0.19687
0.22113
0.21899
0.20186
0.17537
0.20387
0.17779
0.22675
0.21306
0.23308
0.20702
0.22457
0.22448
0.21642
0.23826
0.18545
0.23135
0.21008
0.21626
0.19252
0.20653
0.21566
0.21740
0.20918
0.19566
0.20303
0.21618
0.23068
0.22401
0.18504
0.19732
0.22780
0.17028
0.20507
0.17690
0.19812
0.15940
0.14452
0.19897
0.21852
0.19620
0.19058
0.21849
0.19862
0.19831
0.23230
0.19066
0.22198
0.19024
0.22412
0.17801
0.20219
0.21255
0.20263
0.22552
0.21399
0.19930
0.22394
0.20845
0.19121
0.20460
0.20130
0.19253
0.21267
0.19141
0.24387
0.22724
0.21863
0.21406
0.19617
0.20981
0.22282
0.21201
0.20553
0.23832
0.19257
0.18815
0.20158
0.19899
0.20313
0.20567
0.22248
0.19177
0.19610
0.19381
0.20597
0.24195
0.17336
0.20926
0.22332
0.20197
0.22619
0.20576
0.20677
0.21175
0.23009
0.21447
0.18979
0.22504
0.24044
0.21026
0.20546
0.18848
0.20715
0.19386
0.20933
0.23898
0.20028
0.22337
0.18708
0.22575
0.21179
0.21604
0.22879
0.19953
0.17728
0.23172
0.20331
0.22548
0.22240
0.19234
0.22643
0.20711
0.19259
0.17375
0.23403
0.22179
0.21667
0.18997
0.23040
0.21720
0.21452
0.17893
0.19281
0.18773
0.20525
0.19099
0.21485
0.17881
0.21781
0.21738
0.16486
0.19463
0.19044
0.18843
0.22632
0.16382
0.22032
0.23357
0.19893
0.21290
0.21932
0.18750
0.15150
0.19678
0.19628
0.18439
0.20368
0.19378
0.20345
0.21780
0.21368
0.19813
0.23276
0.21003
0.21348
0.22555
0.21725
0.23330
0.22434
0.22309
0.23442
0.22520
0.22838
0.20940
0.22265
0.23139
0.21368
0.19144
0.21545
0.23265
0.19128
0.18264
0.21933
0.18522
0.23131
0.22085
0.21280
0.21343
0.21854
0.22557
0.19911
0.21480
0.20612
0.24871
0.20983
0.22666
0.18359
0.20425
0.23875
0.23041
0.24899
0.20631
0.21189
0.19164
0.20242
0.25206
0.22789
0.13926
0.20461
0.20999
0.40204
0.22730
0.23332
0.20090
0.17050
0.18790
0.19164
0.19539
0.22247
0.20103
0.24827
0.20621
0.23825
0.19906
0.20385
0.19359
0.20414
0.21066
0.18705
0.19750
0.20954
0.19967
0.20991
0.19786
0.19284
0.19048
0.21834
0.19713
0.21781
0.21363
0.24585
0.21922
0.21352
0.22641
0.21081
0.19989
0.24651
0.19464
0.21228
0.19132
0.19268
0.21052
0.19976
0.18798
0.20763
0.21946
0.20377
0.21351
0.19352
0.22651
0.23050
0.21210
0.18554
0.23369
0.21226
0.20374
0.23528
0.22268
0.21295
0.21153
0.20221
0.23483
0.21234
0.20217
0.19496
0.24157
0.22661
0.20798
0.17427
0.20534
0.19249
0.20176
0.18728
0.22264
0.19607
0.20186
0.21020
0.22505
0.21845
0.18596
0.18546
0.18885
0.17214
0.18529
0.21634
0.18955
0.23349
0.16859
0.16192
0.20304
0.19464
0.19696
0.17971
0.21830
0.18668
0.21417
0.20429
0.21344
0.21687
0.22016
0.18246
0.18735
0.19486
0.20007
0.18303
0.22148
0.19006
0.20780
0.24351
0.25661
0.22646
0.21617
0.22071
0.22363
0.23754
0.19221
0.20707
0.23094
0.19058
0.22990
0.27171
0.22546
0.21718
0.26593
0.25541
0.24630
0.21600
0.18576
0.24958
0.21962
0.21152
0.23205
0.21124
0.21458
0.23154
0.21664
0.20161
0.22087
0.19476
0.20567
0.22500
0.22349
0.21306
0.21856
0.21739
0.23117
0.22378
0.20579
0.23302
0.20844
0.19209
0.17495
0.21879
0.20034
0.22436
0.23762
0.20949
0.21736
0.19402
0.23958
0.20955
0.23560
0.19480
0.24608
0.19754
0.21740
0.16954
0.19659
0.16740
0.20570
0.18844
0.17584
0.22125
0.18588
0.21622
0.19815
0.22100
0.19418
0.21350
0.17513
0.16694
0.18284
0.20057
0.14778
0.17618
0.16648
0.20546
0.18955
0.18349
0.20430
0.20586
0.20104
0.19183
0.21679
0.21706
0.21948
0.19234
0.20779
0.20759
0.20834
0.24126
0.19783
0.18683
0.20452
0.18269
0.21171
0.20758
0.27177
0.18421
0.17576
0.22589
0.22773
0.24880
0.20443
0.23307
0.47210
0.22491
0.20496
0.20658
0.20393
0.22828
0.21590
0.22215
0.20020
0.16402
0.18319
0.21056
0.24299
0.22008
0.19607
0.21990
0.20109
0.22908
0.20972
0.22552
0.22334
0.18264
0.22782
0.18614
0.22161
0.21720
0.19879
0.21817
0.18848
0.21283
0.16723
0.19164
0.20956
0.19247
0.24834
0.19653
0.21886
0.20281
0.20915
0.22103
0.19336
0.19499
0.22261
0.23932
0.19783
0.19414
0.19189
0.29409
0.22798
0.17556
0.21876
0.18583
0.19806
0.22301
0.19979
0.16973
0.20241
0.22018
0.23378
0.21145
0.22428
0.22120
0.18055
0.20422
0.17223
0.21331
0.22607
0.19940
0.23007
0.22537
0.19094
0.19788
0.24667
0.25385
0.22924
0.19122
0.19613
0.18889
0.19558
0.21364
0.21401
0.19719
0.19171
0.19611
0.20866
0.20353
0.21663
0.19562
0.18583
0.20610
0.22308
0.22205
0.21025
0.21641
0.17901
0.20108
0.20899
0.18486
0.21241
0.20750
0.20719
0.20224
0.19792
0.18305
0.21104
0.20362
0.18514
0.21571
0.18663
0.18151
0.20848
0.19713
0.22901
0.20993
0.20471
0.17271
0.21016
0.24369
0.18664
0.20372
0.19624
0.21667
0.23816
0.20674
0.20368
0.18633
0.20498
0.20960
0.21402
0.19801
0.21450
0.23858
0.22553
0.20188
0.22466
0.21434
0.21052
0.23812
0.19536
0.20470
0.20265
0.18783
0.24216
0.24737
0.20313
0.21426
0.20574
0.19496
0.25049
0.24271
0.22762
0.19784
0.20893
0.17443
0.20916
0.21251
0.18194
0.22330
0.20406
0.22463
0.20624
0.22184
0.17585
0.22794
0.20687
0.18791
0.19186
0.18524
0.20064
0.18787
0.18391
0.20834
0.19628
0.23485
0.24616
0.24908
0.20349
0.22257
0.22225
0.20740
0.20074
0.20449
0.20511
0.19580
0.21940
0.20317
0.19230
0.19916
0.18603
0.17105
0.18199
0.17352
0.22868
0.19483
0.20233
0.19024
0.23686
0.20594
0.17977
0.19869
0.19489
0.18576
0.22573
0.20565
0.20925
0.17505
0.19928
0.21406
0.21608
0.19321
0.19425
0.21902
0.21141
0.20373
0.20676
0.19257
0.22466
0.25571
0.20771
0.22291
0.26225
0.22418
0.25814
0.24766
0.22198
0.22349
0.18104
0.20388
0.21087
0.23213
0.22758
0.19436
0.21173
0.18553
0.20816
0.19311
0.22397
0.19991
0.19463
0.20748
0.20255
0.23348
0.20371
0.18424
0.20426
0.21606
0.20910
0.21794
0.25844
0.19535
0.21480
0.22369
0.21563
0.21885
0.20907
0.21030
0.25978
0.22180
0.20132
0.18803
0.19520
0.19396
0.20969
0.23423
0.21319
0.19736
0.19179
0.20683
0.21624
0.19824
0.18905
0.21914
0.18851
0.23550
0.17728
0.22796
0.19305
0.23484
0.21803
0.23185
0.17426
0.22343
0.22057
0.22095
0.20885
0.20063
0.22129
0.20527
0.19192
0.19897
0.20763
0.22484
0.20419
0.21048
0.22003
0.19807
0.20461
0.18298
0.18224
0.23870
0.23898
0.21413
0.19061
0.19150
0.22528
0.19922
0.21180
0.20276
0.21855
0.20943
0.20113
0.18553
0.23159
0.20171
0.21367
0.18314
0.21462
0.21084
0.20837
0.19091
0.18247
0.23204
0.23176
0.20514
0.20069
0.18088
0.20934
0.19514
0.19514
0.21288
0.17542
0.20617
0.23695
0.20047
0.21817
0.20540
0.21517
0.21208
0.20243
0.21669
0.21434
0.18976
0.18950
0.17399
0.22966
0.19973
0.18226
0.21127
0.21283
0.18951
0.20555
0.18199
0.19429
0.21293
0.19804
0.22218
0.20226
0.25905
0.20414
0.21937
0.20886
0.19338
0.20130
0.21744
0.21355
0.17906
0.22444
0.21304
0.21322
0.20574
0.17941
0.20932
0.19342
0.19468
0.20295
0.23686
0.21366
0.18120
0.19371
0.19512
0.21453
0.17664
0.20603
0.17706
0.20880
0.17480
0.22433
0.20721
0.20060
0.18984
0.18682
0.19271
0.21953
0.22934
0.19029
0.24069
0.21611
0.23166
0.23616
0.21021
0.21675
0.19317
0.23349
0.23541
0.19190
0.20364
0.19563
0.22712
0.27743
0.20441
0.17400
0.23987
0.19351
0.20556
0.21408
0.19356
0.18758
0.21669
0.17913
0.21524
0.20139
0.22322
0.20990
0.19861
0.21026
0.18262
0.21357
0.19300
0.20103
0.20286
0.19485
0.20791
0.17939
0.20293
0.20493
0.21829
0.19121
0.21032
0.19335
0.18358
0.20732
0.19326
0.22411
0.22259
0.19138
0.19218
0.20435
0.20808
0.21277
0.20961
0.22573
0.20597
0.20663
0.22070
0.22940
0.22707
0.19182
0.20277
0.21431
0.19276
0.22171
0.19605
0.22702
0.20154
0.20843
0.22940
0.20672
0.21213
0.21127
0.21909
0.20927
0.19402
0.19432
0.22018
0.22593
0.23947
0.24754
0.23036
0.24353
0.22396
0.24341
0.22488
0.20368
0.22546
0.23314
0.22625
0.18343
0.19360
0.18924
0.20967
0.21201
0.19906
0.21156
0.17937
0.21299
0.21969
0.20627
0.17783
0.21116
0.19339
0.19437
0.26564
0.19281
0.19667
0.19077
0.22226
0.21841
0.24940
0.19465
0.20841
0.19313
0.19189
0.22603
0.18969
0.22315
0.18695
0.20478
0.16833
0.22792
0.20802
0.20253
0.18560
0.24471
0.20470
0.21746
0.29005
0.19332
0.20677
0.20431
0.21960
0.22272
0.21394
0.21392
0.22617
0.21917
0.21785
0.18524
0.17886
0.21303
0.18942
0.20304
0.20222
0.23736
0.18859
0.20711
0.23607
0.20693
0.20015
0.21632
0.18399
0.20584
0.20008
0.21486
0.22030
0.16132
0.19050
0.18036
0.19648
0.19950
0.21128
0.19682
0.19773
0.20101
0.20420
0.17546
0.20184
0.22658
0.20550
0.21340
0.18120
0.17391
0.23981
0.21559
0.24913
0.20636
0.21581
0.19245
0.21153
0.21887
0.20021
0.21886
0.22566
0.19779
0.23032
0.18796
0.23261
0.19249
0.21680
0.19364
0.19174
0.22044
0.17079
0.18215
0.22730
0.20869
0.21470
0.18311
0.22453
0.19058
0.20272
0.23093
0.22215
0.20462
0.21064
0.20158
0.21999
0.19550
0.20469
0.19801
0.20458
0.20756
0.21022
0.22485
0.22914
0.20781
0.28603
0.23671
0.21867
0.17777
0.20409
0.18403
0.24994
0.19006
0.22836
0.23863
0.19707
0.21387
0.21442
0.21160
0.21252
0.23326
0.18857
0.21831
0.22336
0.19692
0.20429
0.24233
0.23885
0.22284
0.17742
0.21340
0.22786
0.23929
0.22649
0.19131
0.19675
0.22059
0.23434
0.26878
0.21373
0.20003
0.17096
0.21501
0.19698
0.19423
0.21270
0.21109
0.21088
0.20942
0.21464
0.19038
0.17643
0.20082
0.20367
0.17828
0.18619
0.20431
0.19067
0.18714
0.16245
0.36803
0.25089
0.22895
0.20550
0.22084
