0.94323
0.91082
0.92600
0.90085
0.89965
0.95166
0.55887
0.95719
0.87807
0.94220
0.95742
0.97541
0.96568
0.96650
0.87083
0.96529
0.95442
0.81978
0.94684
0.95857
0.95630
0.96156
0.98898
0.95298
0.98504
0.95467
0.99505
0.99221
0.99714
0.94361
0.98491
0.99750
0.97673
0.99510
0.99679
0.99248
0.99107
0.97714
0.98998
0.99590
0.99405
0.99227
0.99877
0.99386
0.99765
0.99793
0.99843
0.99827
0.99687
0.99873
0.99498
0.99706
0.99374
0.98694
0.98739
0.99704
0.99370
0.99804
0.99032
0.99546
0.99112
0.99334
0.97931
0.99783
0.98656
0.98383
0.99763
0.99740
0.99175
0.98778
0.99411
0.99793
0.94746
0.96964
0.96303
0.97137
0.92745
0.94113
0.87800
0.96538
0.95902
0.93193
0.98668
0.98181
0.98997
0.97919
0.98804
0.98284
0.96085
0.99085
0.99191
0.96764
0.99354
0.97949
0.97927
0.96844
0.95109
0.99390
0.99051
0.99658
0.99169
0.99716
0.99834
0.99765
0.98223
0.99857
0.99796
0.96171
0.78393
0.67015
0.83046
0.79570
0.91331
0.47575
0.89497
0.86159
0.90958
0.99044
0.99369
0.94956
0.95215
0.81154
0.93622
0.81125
0.90004
0.92009
0.95232
0.93832
0.92351
0.99554
0.99535
0.99453
0.98636
0.99712
0.99100
0.99379
0.99406
0.99361
0.97512
0.98637
0.98130
0.98375
0.98385
0.98877
0.98783
0.78853
0.98512
0.98270
0.99033
0.90506
0.83432
0.96065
0.95973
0.94335
0.93514
0.92277
0.99345
0.99376
0.99531
0.97904
0.96079
0.99344
0.99746
0.93650
0.97667
0.99497
0.99730
0.98827
0.88896
0.63214
0.75750
0.77666
0.89133
0.93166
0.96296
0.55179
0.91984
0.86667
0.97676
0.99112
0.99271
0.98583
0.98885
0.99126
0.99265
0.98921
0.98869
0.98894
0.96873
0.95515
0.96584
0.93712
0.90330
0.82769
0.95330
0.95847
0.94713
0.96157
0.91321
0.96710
0.98477
0.99009
0.98412
0.98149
0.98617
0.98696
0.98399
0.96631
0.95958
0.96219
0.99567
0.98219
0.99391
0.98530
0.99509
0.97839
0.98276
0.97679
0.96726
0.99824
0.99272
0.99856
0.99843
0.99057
0.99686
0.99782
0.99337
0.97966
0.94272
0.93039
0.93302
0.85749
0.81464
0.88071
0.88123
0.96613
0.76554
0.89809
0.95635
0.88628
0.96014
0.96843
0.95910
0.96735
0.96972
0.97040
0.56396
0.96890
0.47941
0.85206
0.57325
0.57134
0.47748
0.78367
0.70197
0.25591
0.66163
0.79673
0.97413
0.97480
0.97296
0.97306
0.98024
0.98337
0.97093
0.98050
0.98019
0.96500
0.98880
0.98855
0.97642
0.98550
0.98626
0.99302
0.97742
0.99063
0.98793
0.98531
0.96227
0.97256
0.97843
0.97777
0.97466
0.97860
0.97347
0.98314
0.98124
0.96624
0.99621
0.97241
0.98150
0.99186
0.97886
0.99587
0.98771
0.96946
0.99695
0.98902
0.94436
0.99066
0.99320
0.99606
0.99523
0.99229
0.97035
0.94501
0.99111
0.99640
0.97794
0.94202
0.98917
0.97178
0.96088
0.96810
0.97056
0.96994
0.98425
0.97841
0.95789
0.89872
0.96329
0.91643
0.92739
0.70631
0.96205
0.91468
0.85031
0.95948
0.98966
0.98884
0.99095
0.98697
0.98746
0.98510
0.97976
0.97894
0.98666
0.98651
0.97106
0.95181
0.97521
0.96446
0.97384
0.95981
0.98394
0.98138
0.97138
0.95766
0.99408
0.98726
0.98369
0.99404
0.98300
0.99791
0.98705
0.97771
0.99042
0.99707
0.91849
0.87397
0.30920
0.91443
0.93897
0.92020
0.94881
0.88581
0.88001
0.91452
0.99675
0.98518
0.99510
0.98881
0.99859
0.99435
0.99889
0.99105
0.99742
0.99587
0.93774
0.89271
0.80492
0.92540
0.91032
0.93208
0.55672
0.82497
0.83914
0.80916
0.98981
0.99808
0.99159
0.99878
0.98959
0.99670
0.98357
0.99791
0.99164
0.99838
0.95635
0.94903
0.90221
0.86558
0.41977
0.43071
0.83705
0.92415
0.51008
0.91458
0.95737
0.93271
0.82706
0.97471
0.92398
0.94453
0.97346
0.95250
0.95527
0.82061
0.96896
0.99340
0.97961
0.99654
0.99120
0.99809
0.98187
0.99164
0.98677
0.99142
0.99711
0.98545
0.98147
0.97982
0.99262
0.99084
0.99873
0.99824
0.97653
0.97575
0.96813
0.98923
0.95806
0.99241
0.97608
0.95586
0.96878
0.99334
0.99003
0.98780
0.84219
0.95837
0.95544
0.87936
0.95305
0.91491
0.92105
0.95644
0.94550
0.82867
0.75199
0.98232
0.98267
0.98494
0.97825
0.98114
0.98451
0.97610
0.97843
0.94989
0.98855
0.98933
0.97988
0.98964
0.97985
0.94605
0.98849
0.97902
0.98685
0.96384
0.70451
0.69044
0.86851
0.62196
0.59004
0.66603
0.70277
0.46668
0.78325
0.81026
0.57455
0.43615
0.92946
0.77067
0.88447
0.55601
0.79041
0.68099
0.75703
0.96823
0.98633
0.98439
0.99087
0.99260
0.95647
0.98255
0.98068
0.97156
0.97610
0.79669
0.72628
0.97246
0.97655
0.90314
0.96461
0.94822
0.96789
0.92475
0.95874
0.94091
0.96379
0.94338
0.67152
0.95239
0.87986
0.94437
0.92882
0.96692
0.58924
0.60138
0.82550
0.81319
0.78631
0.89907
0.61676
0.81534
0.59673
0.74267
0.88540
0.81173
0.89654
0.89818
0.70854
0.81894
0.60324
0.74707
0.47001
0.46983
0.96208
0.96824
0.98726
0.98734
0.98779
0.98637
0.98631
0.99206
0.94512
0.98543
0.98857
0.99187
0.98228
0.95363
0.99377
0.98962
0.95518
0.98484
0.98646
0.98547
0.99824
0.96962
0.96905
0.97710
0.99599
0.97523
0.99805
0.99699
0.98819
0.99504
0.99325
0.98805
0.92149
0.90710
0.87164
0.94941
0.92436
0.92564
0.95421
0.97880
0.98156
0.94410
0.96605
0.93383
0.97966
0.96450
0.87338
0.94891
0.97062
0.96141
0.95033
0.92394
0.91081
0.44395
0.90852
0.76250
0.88261
0.84438
0.89948
0.82923
0.88425
0.94180
0.93862
0.98016
0.89871
0.97011
0.93760
0.94329
0.67473
0.94852
0.92207
0.59106
0.76640
0.95562
0.86263
0.94164
0.89070
0.49125
0.91095
0.81874
0.24848
0.78108
0.74860
0.87276
0.80821
0.41649
0.92183
0.88227
0.94493
0.92431
0.98583
0.98457
0.99141
0.98692
0.99140
0.98815
0.99156
0.98522
0.98751
0.98019
0.46077
0.98733
0.97349
0.98986
0.98207
0.98972
0.99175
0.98753
0.98257
0.98782
0.99776
0.99510
0.99675
0.99723
0.99728
0.99599
0.98035
0.96412
0.99913
0.99436
0.99669
0.97194
0.98750
0.99854
0.99045
0.99404
0.99876
0.99281
0.99339
0.99333
0.98912
0.98092
0.98048
0.97666
0.98863
0.91189
0.97954
0.98845
0.99099
0.97898
0.98571
0.99319
0.99340
0.99378
0.99410
0.98681
0.99016
0.97916
0.98657
0.99141
0.71642
0.61998
0.88336
0.69248
0.77059
0.37835
0.89589
0.86048
0.58235
0.62260
0.93823
0.99208
0.98686
0.97805
0.97402
0.98338
0.84931
0.99372
0.99257
0.99463
0.99214
0.98348
0.98944
0.98417
0.98533
0.99045
0.97890
0.98622
0.98771
0.97547
0.95227
0.98275
0.98257
0.98619
0.98367
0.97798
0.98831
0.99098
0.98635
0.98983
0.98780
0.94463
0.95646
0.95503
0.96649
0.94521
0.95262
0.94709
0.98055
0.95782
0.99317
0.96457
0.93312
0.97485
0.99450
0.99067
0.92660
0.98334
0.98951
0.99550
0.98130
0.97870
0.97953
0.98615
0.98821
0.98435
0.98647
0.97827
0.97916
0.99191
0.97741
0.98697
0.97534
0.95876
0.97082
0.98316
0.97242
0.95542
0.98161
0.96987
0.92968
0.92656
0.96821
0.98082
0.96999
0.96050
0.98755
0.96922
0.95097
0.96736
0.24702
0.96491
0.97616
0.88567
0.94129
0.94947
0.91199
0.93964
0.96696
0.97503
0.82328
0.76179
0.76722
0.77037
0.41031
0.73086
0.69961
0.77079
0.67628
0.55300
0.99364
0.98643
0.97195
0.98965
0.99274
0.98624
0.99098
0.99111
0.98897
0.99333
0.98009
0.99047
0.98878
0.99343
0.98920
0.98037
0.98750
0.98331
0.98777
0.97809
0.97443
0.97767
0.97755
0.97393
0.98389
0.98268
0.98798
0.97732
0.98914
0.97405
0.98029
0.98472
0.93789
0.97243
0.98923
0.96679
0.98359
0.99058
0.92193
0.98244
0.97781
0.98519
0.98417
0.98232
0.79946
0.93275
0.93356
0.95415
0.97759
0.98343
0.96324
0.95939
0.97828
0.98572
0.97457
0.98233
0.98679
0.97467
0.97280
0.98001
0.96962
0.97899
0.98344
0.97346
0.99205
0.97363
0.98319
0.98413
0.98224
0.98009
0.99317
0.99229
0.98689
0.99050
0.93463
0.95864
0.97911
0.99321
0.98263
0.99162
0.96357
0.97879
0.97652
0.95873
0.91975
0.95255
0.87688
0.92167
0.96048
0.95511
0.99568
0.99054
0.97576
0.99692
0.98692
0.99005
0.99244
0.97736
0.95200
0.98647
0.80312
0.99379
0.96294
0.96744
0.99311
0.91765
0.93018
0.95758
0.99448
0.99120
0.97260
0.83467
0.93976
0.92638
0.88530
0.96692
0.91657
0.89638
0.94643
0.93231
0.99727
0.99841
0.98608
0.98028
0.97533
0.99309
0.97054
0.98456
0.99652
0.99383
0.96726
0.99172
0.99149
0.99020
0.98759
0.98507
0.99167
0.98959
0.98905
0.99287
0.99361
0.98914
0.99393
0.93046
0.98383
0.99370
0.98652
0.99220
0.99416
0.99165
0.93406
0.93886
0.89364
0.88618
0.94459
0.87180
0.93147
0.95359
0.92283
0.94556
0.88871
0.88931
0.95391
0.51275
0.89577
0.88936
0.96508
0.96640
0.95927
0.95681
0.87559
0.97573
0.93211
0.87529
0.78097
0.95344
0.88639
0.93250
0.96326
0.97369
0.86920
0.98030
0.93923
0.67845
0.95701
0.95449
0.97691
0.60260
0.98098
0.99781
0.99579
0.97825
0.99801
0.99435
0.98821
0.99002
0.99073
0.98668
0.93722
0.96309
0.98032
0.53159
0.72792
0.77755
0.84617
0.93917
0.57362
0.78860
0.98162
0.97191
0.95087
0.98885
0.98705
0.98122
0.97623
0.96996
0.99096
0.98111
0.97801
0.99255
0.99093
0.99340
0.98957
0.99296
0.98979
0.99363
0.99219
0.90284
0.97361
0.97688
0.98632
0.84262
0.97864
0.99441
0.98260
0.98873
0.98346
0.99076
0.99010
0.97119
0.92686
0.96029
0.95327
0.71248
0.97804
0.93969
0.95967
0.98029
0.97283
0.95735
0.97513
0.96373
0.96637
0.97736
0.94716
0.70740
0.94817
0.97207
0.95656
0.94049
0.90974
0.93920
0.88727
0.81937
0.75632
0.71563
0.89885
0.60249
0.89498
0.46355
0.92264
0.98715
0.98326
0.99039
0.97267
0.98136
0.98542
0.98848
0.97814
0.98441
0.98774
0.93785
0.39316
0.47968
0.87547
0.90276
0.74552
0.80850
0.87718
0.92680
0.88098
0.98955
0.98442
0.98575
0.98824
0.94122
0.96612
0.94982
0.99174
0.97762
0.98532
0.97997
0.98996
0.99775
0.99332
0.99174
0.99429
0.99843
0.99755
0.97212
0.99002
0.93068
0.96948
0.95718
0.91325
0.88661
0.92070
0.68347
0.83694
0.89416
0.90139
0.93922
0.97584
0.94000
0.96007
0.74722
0.95978
0.94306
0.89859
0.94908
0.95743
0.96766
0.96189
0.96691
0.97371
0.95931
0.96441
0.12709
0.96856
0.95673
0.96365
0.99429
0.99391
0.98991
0.99349
0.99203
0.99217
0.99487
0.98482
0.99437
0.99472
0.96323
0.96428
0.97432
0.97284
0.96709
0.98492
0.98923
0.98183
0.99087
0.98586
0.99255
0.96829
0.98812
0.98412
0.98612
0.99134
0.99037
0.98433
0.99309
0.98709
0.97412
0.93669
0.99081
0.89284
0.96247
0.97924
0.98760
0.95020
0.98484
0.97569
0.99337
0.99376
0.99350
0.98939
0.98490
0.99439
0.99458
0.99415
0.99308
0.99495
0.92872
0.68004
0.90681
0.93415
0.90053
0.96109
0.91503
0.85236
0.90445
0.90957
0.97177
0.87457
0.91221
0.90889
0.91889
0.97008
0.94939
0.95125
0.96355
0.94969
0.95947
0.92783
0.77892
0.89898
0.87128
0.94404
0.87862
0.93295
0.94029
0.91996
0.97659
0.95766
0.98056
0.97733
0.92920
0.95487
0.97538
0.93708
0.96669
0.93557
0.80425
0.76903
0.70483
0.52005
0.89835
0.79024
0.80496
0.77105
0.44310
0.82848
0.97160
0.96694
0.97591
0.97487
0.97779
0.95628
0.95725
0.98249
0.90557
0.97595
0.94510
0.98163
0.95981
0.96689
0.94849
0.98545
0.98268
0.96253
0.97824
0.97745
0.99617
0.98322
0.96396
0.98641
0.97941
0.97084
0.96662
0.89769
0.80236
0.98315
0.97967
0.96276
0.98554
0.80302
0.95281
0.95045
0.92844
0.96311
0.93815
0.90562
0.96287
0.98883
0.55493
0.96600
0.97449
0.98101
0.93564
0.98503
0.99003
0.98387
0.98797
0.98957
0.99188
0.99096
0.98749
0.98897
0.98840
0.98044
0.66862
0.11438
0.88150
0.77032
0.66166
0.76153
0.61779
0.76664
0.81609
0.73268
0.98041
0.98323
0.98561
0.97710
0.98564
0.98103
0.98075
0.99300
0.99437
0.98915
0.98476
0.89874
0.93688
0.96101
0.92637
0.94972
0.95901
0.94881
0.94043
0.96410
0.91689
0.97386
0.97760
0.95145
0.97079
0.95557
0.96443
0.94938
0.97250
0.94952
0.98156
0.75761
0.97739
0.97922
0.98421
0.92022
0.93697
0.97230
0.96800
0.95892
0.96921
0.96570
0.95004
0.95103
0.94293
0.62678
0.83036
0.80972
0.94593
0.88351
0.74692
0.89814
0.98903
0.96122
0.98941
0.99391
0.98965
0.98959
0.97518
0.99209
0.97172
0.78362
0.98609
0.94395
0.82511
0.97663
0.94207
0.97288
0.98790
0.99520
0.99579
0.99231
0.96780
0.98423
0.98349
0.99251
0.99236
0.99505
0.98749
0.99073
0.95735
0.99129
0.97093
0.85193
0.92623
0.95840
0.73380
0.95212
0.93228
0.96514
0.92577
0.95827
0.97766
0.96244
0.94927
0.86395
0.96039
0.76136
0.95541
0.91629
0.95675
0.93135
0.98709
0.98503
0.99380
0.99833
0.98510
0.97674
0.97130
0.99811
0.98752
0.98242
0.96664
0.95680
0.97233
0.97657
0.95720
0.68611
0.96427
0.96824
0.97032
0.94514
0.86623
0.45001
0.62067
0.70718
0.81782
0.91445
0.70743
0.92859
0.91542
0.74875
0.81978
0.94854
0.55117
0.94380
0.98080
0.95617
0.97747
0.97957
0.93453
0.91010
0.88506
0.90152
0.87086
0.82454
0.93218
0.95893
0.77228
0.72048
0.86234
0.85297
0.90707
0.91787
0.71612
0.90596
0.89832
0.95491
0.82516
0.95574
0.96257
0.96500
0.95822
0.98084
0.99696
0.99388
0.84456
0.97812
0.97837
0.97307
0.97405
0.99604
0.82725
0.96269
0.92535
0.93988
0.92198
0.93675
0.96001
0.95432
0.96756
0.94367
0.94031
0.97098
0.96325
0.94975
0.97228
0.95265
0.37828
0.97517
0.95974
0.94112
0.21667
0.30937
0.29477
0.12713
0.19567
0.11415
0.02774
0.55333
0.23171
0.22937
0.07964
0.52843
0.06777
0.50887
0.33291
0.94509
0.74953
0.10690
0.39928
0.01500
0.02771
0.04919
0.01037
0.65775
0.59109
0.51108
0.22466
0.06758
0.03559
0.04586
0.18825
0.19561
0.07286
0.01983
0.84845
0.00697
0.01697
0.11744
0.06568
0.03699
0.23840
0.51348
0.42895
0.70046
0.04181
0.04827
0.56081
0.04852
0.04899
0.05173
0.01864
0.70431
0.02184
0.03197
0.42157
0.06425
0.56271
0.04664
0.47706
0.18544
0.20655
0.25861
0.74739
0.33536
0.05109
0.00837
0.04606
0.02336
0.08493
0.23553
0.13599
0.00638
0.64929
0.75617
0.52594
0.33446
0.17531
0.93189
0.27491
0.69148
0.32409
0.64637
0.10626
0.09436
0.50431
0.58585
0.10247
0.47669
0.08434
0.07542
0.49435
0.10141
0.34523
0.26645
0.59699
0.04109
0.22750
0.04048
0.79638
0.02117
0.08312
0.05011
0.01401
0.21604
0.01830
0.03215
0.09331
0.83944
0.04737
0.02022
0.17356
0.08075
0.37369
0.71724
0.08225
0.13570
0.04258
0.44340
0.02069
0.49158
0.02912
0.23846
0.74966
0.28343
0.50004
0.06275
0.19685
0.75417
0.46027
0.03410
0.34849
0.01972
0.10897
0.02180
0.09555
0.06384
0.00965
0.01618
0.22648
0.11572
0.22757
0.25033
0.03583
0.89401
0.32088
0.35059
0.59090
0.05796
0.11507
0.87032
0.28533
0.76203
0.83895
0.42595
0.06632
0.31368
0.23365
0.04776
0.07961
0.03271
0.19193
0.09759
0.09993
0.19525
0.00981
0.03931
0.04700
0.06981
0.66071
0.81839
0.19202
0.03812
0.07705
0.05426
0.55897
0.12212
0.06467
0.10530
0.08946
0.03535
0.06316
0.07784
0.08785
0.42325
0.08630
0.01654
0.16685
0.00988
0.96423
0.24611
0.57893
0.11697
0.17962
0.10525
0.06518
0.22148
0.40246
0.73807
0.01810
0.01174
0.01482
0.06635
0.04712
0.04511
0.02776
0.08141
0.15657
0.60312
0.04661
0.00872
0.05675
0.02616
0.47400
0.14231
0.08019
0.01185
0.80355
0.01452
0.08743
0.10200
0.30478
0.03752
0.01553
0.06413
0.07056
0.06203
0.14722
0.04805
0.37391
0.42690
0.41095
0.34208
0.15962
0.96181
0.17989
0.64978
0.13334
0.87787
0.28594
0.19497
0.66732
0.75017
0.59369
0.54617
0.69667
0.90221
0.29067
0.97314
0.08796
0.20978
0.24969
0.05739
0.35047
0.36373
0.05290
0.17165
0.02357
0.07273
0.15210
0.68148
0.24067
0.25726
0.05423
0.41698
0.50816
0.14273
0.23636
0.40886
0.32949
0.09603
0.12469
0.33365
0.56496
0.05323
0.57889
0.29865
0.06571
0.25571
0.01105
0.03940
0.03471
0.05178
0.07451
0.00594
0.10371
0.00203
0.03338
0.02527
0.08170
0.24163
0.24204
0.01915
0.09626
0.44041
0.04427
0.07194
0.02199
0.02409
0.18684
0.03883
0.01524
0.02288
0.30578
0.07334
0.07386
0.06374
0.03696
0.01049
0.93593
0.68436
0.67807
0.03296
0.52508
0.41922
0.44936
0.86156
0.01739
0.11540
0.64784
0.03906
0.06293
0.03361
0.07166
0.35865
0.55837
0.05639
0.07378
0.53763
0.05694
0.06973
0.06975
0.45632
0.03732
0.05881
0.11308
0.08466
0.03571
0.05633
0.07346
0.08838
0.01563
0.02784
0.01073
0.06413
0.19365
0.04258
0.00177
0.02496
0.39152
0.01433
0.62878
0.11639
0.08947
0.57934
0.53211
0.76635
0.01077
0.14218
0.34026
0.40970
0.48377
0.01614
0.11181
0.80195
0.20499
0.15261
0.75020
0.08144
0.00687
0.47442
0.66178
0.51791
0.39227
0.57105
0.00523
0.15944
0.00281
0.02140
0.40584
0.65257
0.69379
0.41952
0.53068
0.24053
0.53108
0.51459
0.06145
0.29908
0.23472
0.00917
0.01790
0.03801
0.05847
0.46607
0.08553
0.01656
0.04351
0.70941
0.13493
0.01720
0.42388
0.13279
0.22737
0.27291
0.25971
0.10795
0.65978
0.19850
0.09962
0.57959
0.02220
0.11148
0.19984
0.62586
0.02836
0.58833
0.85411
0.30070
0.15584
0.06703
0.21405
0.00124
0.19327
0.00144
0.01937
0.00768
0.18102
0.01468
0.03710
0.81047
0.02625
0.08114
0.02744
0.07177
0.06397
0.63822
0.31836
0.03781
0.25521
0.07785
0.14827
0.84262
0.10022
0.32430
0.11979
0.11493
0.03008
0.60537
0.17770
0.91929
0.36205
0.23444
0.07712
0.52617
0.07204
0.04143
0.17474
0.12074
0.28355
0.04542
0.02750
0.30957
0.00427
0.03168
0.13692
0.00461
0.00590
0.02361
0.01394
0.38987
0.01666
0.00896
0.08403
0.12190
0.03212
0.14795
0.01857
0.03161
0.05604
0.59746
0.00654
0.04954
0.33916
0.03950
0.61930
0.02537
0.05083
0.05591
0.10856
0.69004
0.00910
0.03982
0.05973
0.83047
0.03664
0.08308
0.02824
0.35539
0.10172
0.03374
0.03834
0.12133
0.11355
0.03934
0.09246
0.03012
0.03211
0.04400
0.00760
0.01488
0.09812
0.34156
0.76669
0.55388
0.03811
0.63639
0.60089
0.77085
0.79055
0.14342
0.07451
0.07501
0.46543
0.14353
0.71362
0.09537
0.43530
0.35816
0.27351
0.76323
0.27853
0.01845
0.03487
0.05572
0.24615
0.02513
0.15943
0.11384
0.20664
0.22728
0.07889
0.10364
0.61890
0.15822
0.04779
0.25025
0.05263
0.02306
0.03557
0.00307
0.04766
0.75276
0.06544
0.26530
0.26685
0.02236
0.08587
0.27932
0.02926
0.37376
0.05750
0.00498
0.29451
0.02346
0.13333
0.04524
0.04779
0.80431
0.62938
0.92558
0.02956
0.72826
0.67405
0.01849
0.85903
0.37443
0.10529
0.05409
0.72032
0.96036
0.20109
0.15180
0.90215
0.31599
0.04851
0.04722
0.90681
0.15585
0.23117
0.80621
0.11454
0.89988
0.22233
0.28390
0.04924
0.20636
0.61631
0.39282
0.82305
0.19358
0.86834
0.52210
0.79664
0.27155
0.87797
0.61303
0.11797
0.77107
0.08255
0.08541
0.05422
0.03344
0.68786
0.29686
0.04023
0.45421
0.05541
0.82750
0.62645
0.40342
0.13879
0.02849
0.11133
0.19022
0.17840
0.18235
0.05887
0.56503
0.10478
0.07571
0.18724
0.41329
0.28131
0.06613
0.06045
0.16147
0.00088
0.01372
0.05056
0.01005
0.18967
0.40898
0.04541
0.01303
0.05701
0.03774
0.13831
0.41555
0.80353
0.08137
0.39132
0.20564
0.58123
0.91427
0.72515
0.25560
0.01669
0.10466
0.02112
0.15956
0.55242
0.32165
0.08101
0.08052
0.04894
0.05862
0.01275
0.09673
0.09554
0.02657
0.29790
0.14102
0.03995
0.07634
0.13188
0.08751
0.16787
0.03908
0.16824
0.23620
0.18715
0.46456
0.18844
0.18491
0.60795
0.08545
0.06298
0.07421
0.19992
0.12911
0.30274
0.08096
0.31721
0.03984
0.35267
0.08296
0.01781
0.03810
0.01517
0.07504
0.05339
0.38085
0.00711
0.12228
0.29732
0.03526
0.06469
0.08735
0.03651
0.14792
0.03451
0.01179
0.12957
0.10903
0.48210
0.62811
0.85662
0.58155
0.04974
0.07816
0.53238
0.67566
0.16926
0.81564
0.13028
0.34287
0.63131
0.57738
0.03698
0.11684
0.50818
0.11767
0.43573
0.18481
0.35359
0.10019
0.31124
0.19588
0.10463
0.08450
0.11133
0.19598
0.37528
0.05455
0.32812
0.24017
0.69234
0.03306
0.47227
0.87618
0.02898
0.35420
0.37864
0.09751
0.03079
0.05823
0.09662
0.14476
0.02283
0.26170
0.19213
0.53816
0.11974
0.39127
0.00578
0.52113
0.03500
0.10043
0.19520
0.21408
0.21096
0.38320
0.50350
0.05803
0.14523
0.19787
0.76398
0.09179
0.42065
0.08321
0.81413
0.91815
0.88208
0.37084
0.05667
0.09724
0.25777
0.45262
0.23437
0.02818
0.04739
0.90941
0.83217
0.02490
0.19931
0.02468
0.30758
0.56970
0.52386
0.20702
0.36043
0.09642
0.26987
0.27947
0.24019
0.72508
0.06714
0.02400
0.24376
0.17148
0.12419
0.07623
0.12256
0.20246
0.07927
0.04607
0.07478
0.73905
0.09306
0.06641
0.11755
0.02929
0.25267
0.14331
0.34366
0.09614
0.08185
0.27095
0.08470
0.18906
0.02440
0.01137
0.84221
0.06507
0.18907
0.06335
0.05253
0.04743
0.15104
0.14685
0.09643
0.58257
0.10202
0.00361
0.02449
0.02380
0.34738
0.28127
0.34682
0.24737
0.65366
0.05154
0.48564
0.31722
0.43377
0.31030
0.13181
0.02485
0.01652
0.00982
0.02422
0.02974
0.08064
0.62825
0.10261
0.01443
0.17589
0.03927
0.56547
0.14836
0.07489
0.29385
0.52454
0.06829
0.38335
0.07774
0.79385
0.02140
0.09801
0.86252
0.31169
0.03718
0.11306
0.12425
0.10445
0.04478
0.01696
0.00516
0.13659
0.20283
0.04192
0.03097
0.03026
0.01596
0.03737
0.00486
0.05048
0.34858
0.07541
0.03958
0.73876
0.01882
0.04785
0.04735
0.30682
0.18469
0.01232
0.57539
0.13645
0.02214
0.01870
0.05609
0.04225
0.06767
0.02836
0.06088
0.07040
0.75312
0.11131
0.13169
0.00864
0.06146
0.02987
0.00430
0.01704
0.02218
0.06379
0.55968
0.09649
0.00713
0.39409
0.74239
0.66771
0.91100
0.17483
0.09460
0.08640
0.08185
0.00961
0.21918
0.05253
0.03351
0.25305
0.07957
0.01355
0.59897
0.09379
0.11997
0.05424
0.42765
0.11864
0.66702
0.02321
0.20361
0.87097
0.02099
0.15048
0.68985
0.71379
0.23632
0.26448
0.39695
0.16095
0.66470
0.32974
0.91872
0.41255
0.17090
0.05578
0.37049
0.02180
0.13117
0.14855
0.06020
0.56557
0.88019
0.32748
0.04332
0.18881
0.20455
0.40540
0.50137
0.09590
0.10484
0.02253
0.00565
0.36862
0.01723
0.03615
0.04279
0.07509
0.84900
0.06107
0.14578
0.69951
0.05935
0.28780
0.03081
0.02797
0.05319
0.01572
0.04254
0.03340
0.24428
0.39386
0.18821
0.73545
0.40681
0.02255
0.62871
0.39461
0.24748
0.15181
0.05129
0.02775
0.02326
0.34108
0.21001
0.02949
0.03114
0.01387
0.01130
0.39085
0.01303
0.04698
0.28124
0.08691
0.02108
0.04411
0.03203
0.01972
0.82495
0.09769
0.06525
0.18752
0.02749
0.03398
0.20497
0.02190
0.15246
0.07861
0.02519
0.10601
0.24114
0.06493
0.03619
0.14473
0.02829
0.40521
0.53658
0.08775
0.02156
0.12625
0.02653
0.02595
0.58289
0.67030
0.50044
0.10038
0.81752
0.31321
0.08323
0.28727
0.46638
0.14811
0.12340
0.90955
0.02922
0.00535
0.10388
0.05034
0.02830
0.05797
0.25858
0.07286
0.02974
0.01516
0.69391
0.13055
0.25952
0.21661
0.08974
0.76344
0.57578
0.42071
0.21863
0.55020
0.37966
0.16325
0.29067
0.06236
0.03670
0.11021
0.04053
0.15742
0.04228
0.15575
0.17353
0.02279
0.06460
0.24226
0.44494
0.15302
0.03724
0.10170
0.05631
0.34625
0.04246
0.04010
0.05478
0.09241
0.03094
0.02608
0.08713
0.03032
0.06343
0.31630
0.03344
0.03139
0.01406
0.05444
0.02094
0.00719
0.08144
0.03469
0.02186
0.11270
0.08020
0.12574
0.09771
0.20216
0.14889
0.18091
0.16098
0.05530
0.32452
0.10820
0.41745
0.27615
0.55037
0.70270
0.20459
0.31056
0.35702
0.55602
0.03126
0.93281
0.01282
0.08897
0.13758
0.57312
0.02588
0.03407
0.08687
0.59438
0.06990
0.14530
0.22265
0.06441
0.04230
0.26045
0.24617
0.04279
0.25204
0.05421
0.12930
0.00817
0.56454
0.10844
0.01841
0.19663
0.48266
0.17344
0.08367
0.04624
0.03339
0.79810
0.22271
0.10319
0.04239
0.06335
0.04977
0.07628
0.21206
0.11905
0.08277
0.03276
0.82105
0.78203
0.07092
0.00759
0.13459
0.82186
0.08231
0.02611
0.01442
0.01281
0.40177
0.35503
0.70179
0.13932
0.17436
0.16986
0.87751
0.02777
0.09453
0.06609
0.65946
0.11953
0.01296
0.57956
0.07228
0.81741
0.06299
0.25301
0.00681
0.80801
0.35940
0.04522
0.37057
0.10013
0.72221
0.03423
0.11462
0.28022
0.91005
0.05523
0.26564
0.03695
0.15139
0.82437
0.04451
0.11780
0.07659
0.07563
0.03832
0.22732
0.50859
0.11485
0.43515
0.60447
0.06246
0.36179
0.40435
0.18889
0.20350
0.51935
0.02061
0.04760
0.23296
0.06104
0.04950
0.02401
0.21675
0.07182
0.29779
0.01921
0.00695
0.16273
0.01953
0.02095
0.60440
0.13061
0.03301
0.02962
0.02240
0.01584
0.01006
0.03796
0.10335
0.03075
0.21306
0.04394
0.03269
0.10336
0.07001
0.07967
0.12794
0.13171
0.04191
0.14414
0.06571
0.65249
0.04025
0.07029
0.03865
0.19404
0.05610
0.81721
0.53561
0.23028
0.37646
0.98647
0.07852
0.86143
0.06619
0.71150
0.05014
0.04725
0.15934
0.03223
0.49164
0.02308
0.04284
0.04766
0.55681
0.09221
0.39048
0.46909
0.58391
0.61970
0.63060
0.63256
0.58133
0.11155
0.03290
0.04877
0.02929
0.00536
0.01249
0.03291
0.00922
0.02291
0.18010
0.11579
0.00876
0.10634
0.09660
0.76717
0.52026
0.19352
0.24636
0.09749
0.66876
0.71168
0.40981
0.04043
0.25020
0.34801
0.78273
0.04723
0.11818
0.50449
0.18261
0.35223
0.47279
0.54395
0.51002
0.27517
0.01845
0.40526
0.32559
0.16577
0.14737
0.21776
0.24485
0.50510
0.87243
0.05923
0.07335
0.29285
0.15646
0.78399
0.31548
0.41240
0.18165
0.24190
0.04590
0.05969
0.06781
0.00927
0.08113
0.07524
0.05009
0.35053
0.09775
0.41006
0.45462
0.02409
0.41123
0.19403
0.28842
0.02179
0.30681
0.05304
0.58936
0.51033
0.05275
0.00962
0.01514
0.10809
0.02488
0.45566
0.05025
0.03606
0.38177
0.03525
0.29739
0.26850
0.39918
0.42125
0.45274
0.06821
0.04805
0.11365
0.33574
0.69958
0.92106
0.12661
0.03815
0.21824
0.04972
0.59602
0.78360
0.02013
0.09413
0.15837
0.26013
0.01388
0.35612
0.06019
0.01204
0.29202
0.48894
0.07155
0.03689
0.08561
0.65966
0.04845
0.58316
0.36341
0.40750
0.07839
0.28993
0.03767
0.15957
0.04793
0.16376
0.04508
0.07581
0.13144
0.25253
0.33734
0.21480
0.25439
0.84254
0.61384
0.70951
0.82471
0.15800
0.30283
0.11892
0.04071
0.58184
0.04519
0.28736
0.69820
0.02221
0.04373
0.77569
0.04621
0.27040
0.76880
0.00577
0.92526
0.19615
0.04550
0.27163
0.21613
0.13096
0.02711
0.08103
0.05726
0.13000
0.93504
0.12368
0.07010
0.02726
0.01686
0.02879
0.86179
0.02896
0.01823
0.81173
0.15830
0.01994
0.64969
0.12675
0.02695
0.18709
0.04842
0.83600
0.24752
0.06982
0.04872
0.22478
0.04702
0.18293
0.91454
0.04691
0.48586
0.03374
0.80372
0.54374
0.87835
0.29841
0.80993
