1.55590
1.08590
2.02085
0.73905
1.44609
1.17430
0.84724
1.60588
1.48472
0.59708
2.36125
2.57908
1.81663
1.45385
1.64694
2.26939
1.69817
1.51661
1.55964
2.62103
5.84316
7.28043
6.68292
2.69411
7.63340
8.06202
6.13457
4.17006
7.23182
3.62732
8.28427
8.37752
7.26764
8.08086
7.70201
6.23234
5.63593
3.29105
2.43928
6.30972
3.10147
3.88988
7.95439
9.30087
6.87378
8.49939
7.79679
8.02671
4.09809
8.47987
5.44846
8.58883
3.16602
3.49279
3.09592
4.97913
3.21854
4.89491
2.96247
6.16188
3.19134
4.88401
6.04685
7.40111
5.05083
8.00987
9.34105
6.01752
7.16883
7.61383
8.50389
6.16220
1.83025
3.14638
1.85929
1.69147
1.84389
2.55218
2.80053
1.95188
1.69208
1.61193
2.36414
2.79257
3.69404
2.64077
2.54588
2.85869
3.96226
2.37376
1.82684
2.40180
3.85774
3.61477
3.43524
1.16784
2.62195
7.72489
9.03119
7.73631
10.80612
8.46781
7.60412
6.80766
7.37214
7.68815
7.36349
1.47113
3.57356
1.54200
1.30620
2.57424
2.27128
3.14216
2.61142
1.88447
2.96635
2.65925
4.26308
2.36499
1.88921
1.99888
2.27637
3.35224
3.25953
3.77212
2.57623
3.22777
3.51332
8.37944
7.58606
3.48609
7.83587
7.40046
8.93223
6.80013
7.74931
6.63657
7.61913
1.96875
1.39477
2.11517
2.04958
1.46428
1.96700
1.87498
1.77600
2.69433
1.17919
1.58728
2.05193
2.30336
2.39811
2.74281
2.61211
2.75489
6.16395
6.19825
7.19758
9.98655
2.56441
7.92085
7.76248
1.59922
4.84713
8.20108
5.82599
5.92445
1.32771
1.60753
0.04284
1.63400
1.58910
1.17089
1.36782
0.99306
0.91312
0.36154
3.36180
3.78042
2.98744
2.17120
2.18612
3.24989
3.53726
3.04881
3.25479
2.93525
2.09623
1.48028
3.97863
3.00793
2.62473
1.60190
2.48882
2.63749
2.37161
2.24720
4.74048
6.25406
6.22856
6.46435
4.64611
6.94505
4.79288
6.57349
7.24595
5.86087
6.38530
4.11709
6.92196
5.78986
7.71776
7.61670
4.43647
6.38984
5.38098
5.19900
2.98689
5.18786
3.70496
5.69622
5.72341
3.76568
3.77438
5.99312
2.83201
2.06003
2.03222
1.95821
2.56850
2.23653
2.12298
2.62121
2.02701
4.52740
1.56157
2.42503
2.75638
2.05578
3.19215
2.64072
1.94769
2.01534
2.55722
2.11169
0.92709
1.65918
0.95609
2.01275
1.15146
1.02481
0.35196
1.84966
0.57998
0.91376
1.21093
1.59457
0.44923
0.72634
1.76721
1.13322
1.74978
2.26124
1.82490
2.71346
1.79587
2.12308
1.29893
1.40413
3.52239
1.42292
2.26250
2.67118
1.11363
2.23754
1.71701
1.54970
7.43794
6.94212
6.86113
6.71479
6.54223
6.65703
7.24204
6.73622
7.27212
6.00783
7.67405
6.84498
7.01458
6.86682
7.26131
6.11150
7.70939
6.58558
5.62526
5.96654
3.83995
7.15934
5.83938
5.85735
3.87054
8.75478
2.34751
2.70847
7.53733
4.98929
2.40501
2.69690
3.13883
1.80882
1.49150
1.50755
1.46721
2.30483
2.67784
1.71962
3.14401
3.04573
2.62418
2.40008
2.40232
2.73596
2.44484
2.67413
2.15814
3.74970
2.71871
1.71060
3.21715
3.80710
2.80344
2.50190
1.83711
2.74303
3.23599
3.21860
6.91382
7.98595
6.99814
6.80230
7.23571
6.69852
5.51569
6.31951
6.08337
5.21955
5.36206
6.55318
7.33122
4.78614
6.33572
8.60217
5.95571
2.75595
5.48565
5.99870
0.94970
2.35412
2.16423
2.47200
2.49850
2.41463
2.22569
3.25151
2.71639
3.22972
4.91275
2.15409
3.32634
3.40589
6.42182
3.78093
5.54829
2.70448
5.84382
4.51305
1.06453
2.19632
1.63864
2.94158
2.27900
1.87174
2.12932
2.12473
1.42110
1.73426
2.68599
8.78817
4.83717
10.03067
6.14739
7.92444
7.57305
7.48208
6.33864
9.04292
2.40272
3.25730
1.52474
1.14155
1.21301
1.68505
1.12588
4.04459
2.21725
2.94550
1.96550
2.14177
2.54954
1.67704
2.34648
2.32725
2.21332
3.45958
1.73492
1.83041
2.67495
5.74798
2.98383
4.35639
3.84243
6.20453
2.13891
3.31619
3.03403
3.16934
8.02349
6.18912
2.99874
5.17858
7.22594
6.16711
6.73247
7.69711
3.72439
5.53232
2.63433
2.96544
2.13261
3.18000
2.41701
2.56072
2.20601
2.92042
3.04644
2.77012
2.27567
3.56687
2.11165
2.88207
2.85575
3.34309
2.84297
3.14640
2.91590
3.02088
0.38827
8.10418
7.61331
10.57943
8.29281
5.94865
7.69486
7.26320
6.45874
6.20170
7.84683
7.97562
6.84405
6.15387
6.76473
7.69028
7.47190
8.14290
7.26603
4.70847
4.64833
2.59600
3.21293
6.64238
5.55089
3.13383
6.24732
4.03714
7.00749
5.53434
3.67632
3.00127
5.60726
3.84305
6.18803
1.54049
2.39310
4.49151
3.63145
8.43572
7.59461
8.63892
7.27663
8.67448
5.16922
6.36070
5.41146
5.87194
6.44209
2.60660
1.23818
3.28458
2.85828
2.15227
2.62492
4.75609
3.27077
2.71801
1.81692
2.62223
2.47301
3.66857
2.25094
3.01631
2.12053
2.53051
3.16467
4.25158
5.01056
2.79356
4.48338
7.43245
7.26430
7.60070
2.50697
5.69555
2.24818
4.67492
0.74525
0.38160
0.78067
1.44357
1.58618
0.83597
2.00164
1.39909
0.28338
1.08264
7.46557
6.93031
6.68900
6.45418
6.95649
7.41780
6.99116
7.66125
8.40551
7.69493
7.36786
7.01979
7.65859
7.84246
8.41894
8.55321
8.55705
7.88475
8.01223
8.37851
9.66342
4.71790
6.68324
2.10207
9.50488
7.29863
8.23681
6.89676
3.23995
6.85939
3.34505
2.91458
2.27162
2.64569
1.29180
3.15677
3.02841
2.75275
3.43153
1.76534
2.75290
1.63125
3.12074
1.95235
1.27683
1.83141
1.93390
2.39173
2.16697
1.47030
1.09597
1.13151
0.27420
1.54507
0.21824
1.01971
1.11970
1.95584
1.32702
1.10044
1.09277
1.90081
1.34236
2.05322
0.97254
0.97266
1.49017
1.41882
0.99050
1.01586
1.39629
1.90764
0.23292
1.05188
1.15124
1.81102
1.51419
0.63250
1.94712
1.37613
0.97889
1.09098
1.62930
2.01250
2.24017
1.22825
0.83022
2.11386
1.50246
1.87472
6.58896
7.37968
8.11520
7.85401
7.38200
10.03740
8.91807
7.99730
8.37993
7.86116
1.86931
2.00507
1.36912
0.74517
1.72631
0.88498
1.48699
1.52093
2.25013
1.94619
7.75388
7.64015
8.09214
9.14484
9.80040
6.59860
7.19643
6.92724
9.25580
5.90725
4.52607
3.37166
2.77453
8.18370
3.57165
3.39660
5.56359
2.50088
2.65089
2.71824
4.02530
2.52046
3.31061
2.84452
3.32902
2.29537
2.14510
2.73450
2.95384
3.10485
2.59949
3.29165
2.69314
3.86945
3.14569
2.45558
2.44566
3.50780
3.72910
2.76475
1.02930
1.42881
2.04050
1.24119
1.69767
0.94985
2.30813
1.97806
1.40421
1.50959
7.95149
8.79302
6.97730
8.19516
3.19701
5.48122
4.39643
7.66753
8.46275
6.30391
2.22439
2.64335
1.31844
1.92053
2.40505
3.10077
2.86579
3.17783
2.90858
2.01564
1.82843
3.11007
2.22345
2.33002
2.46939
2.04882
1.93330
2.22383
3.01544
1.66981
2.53885
2.71210
2.54335
2.34425
2.13929
1.81689
2.13178
2.09748
2.23007
3.39061
4.48294
3.81253
2.76411
2.99033
4.51650
3.13339
2.75806
2.57225
3.45299
4.46327
0.85170
2.90273
0.79274
1.63483
1.89897
3.02461
2.56089
1.34739
1.63700
1.66742
2.10896
1.16626
0.93715
0.98060
2.67873
2.12868
2.50198
1.82984
1.20406
1.16370
1.95164
2.47915
2.14496
2.83487
3.29354
2.92974
2.43860
1.79980
2.98738
1.32552
0.39616
2.01269
2.13815
2.35149
1.99384
2.14353
1.61451
2.30845
2.84196
2.30690
1.95461
2.15562
1.44612
2.21835
1.05360
0.91429
1.46588
1.34504
1.54253
1.42240
3.73110
3.54922
5.02682
3.59149
3.25807
2.99096
3.99275
4.35316
4.28925
2.11551
1.53253
1.84666
3.14028
2.24911
2.58221
3.17566
2.29541
2.70208
2.75701
0.07478
0.96626
3.07302
2.39050
1.15191
2.07096
1.63564
1.25928
1.85298
2.41587
1.96684
7.74324
4.38120
5.90383
4.50014
5.70020
0.86306
5.08281
8.61883
7.21930
8.47917
1.27836
2.28628
2.12060
3.79775
1.79202
1.19754
2.74077
2.48676
2.80956
1.33124
5.09062
6.17935
5.61378
8.11917
6.74300
6.25059
6.78998
6.49177
7.70869
7.10921
1.56072
2.49342
1.86880
1.73297
1.45914
2.19662
1.53513
2.83849
1.93158
3.72405
2.15179
2.19665
2.46970
3.21476
3.14303
2.21255
2.08387
2.85848
2.23101
3.42156
5.74630
5.80068
6.55603
6.97983
5.98399
5.94813
5.60954
5.82321
4.97901
5.01936
5.21683
3.69724
3.42986
5.20447
3.92218
4.21907
3.11934
2.95778
3.06421
3.69021
2.60082
7.25163
5.80613
1.62663
6.49582
4.99324
0.94763
8.21422
7.42927
6.38893
2.53075
2.03912
1.99819
1.66932
0.85061
1.85266
1.23093
1.79341
1.50468
0.81568
7.02456
8.05061
4.71815
5.17194
6.70860
9.09955
5.47303
4.39186
6.48599
7.57500
3.29455
3.09997
2.59297
2.00396
3.14768
1.79312
3.59613
3.86645
3.70137
2.90283
2.65238
3.09015
3.59304
2.95056
2.04893
2.13018
2.96982
2.87499
3.12841
1.85174
2.28343
2.10475
1.95163
3.50615
2.41452
1.49886
2.21676
1.96901
2.26912
2.15922
1.54919
1.60967
2.41261
1.68934
3.14648
3.10877
3.72530
2.96732
2.72350
3.04638
1.64929
2.11753
0.73299
2.01832
1.41586
2.67435
2.03205
0.73571
1.81450
2.27686
1.69189
1.48587
2.19283
1.93779
1.54523
0.82154
2.10505
1.40178
7.30464
6.36859
7.31080
8.17219
5.30503
6.58809
6.47424
7.72992
8.71251
9.19612
0.53239
0.90383
0.96959
1.30585
0.91031
0.47904
-0.25548
1.57619
0.00864
0.43279
6.96746
5.97526
8.01892
5.62597
5.76169
5.91208
7.04714
6.48620
6.95337
5.56216
1.65695
3.53738
3.13612
3.77728
4.78181
4.40311
3.32905
3.00202
3.30812
2.55069
1.96289
8.41424
8.29656
8.82062
7.49744
7.03684
7.50888
6.99547
7.91632
9.15290
7.90314
2.27242
1.45888
1.77042
2.10194
1.24998
2.21476
2.55216
1.67530
2.53731
1.77674
1.29213
3.07089
1.00672
1.21170
2.71283
0.84251
1.68304
1.11101
0.10388
1.58865
0.92222
0.28537
2.67674
1.29497
1.29111
1.32141
1.41196
1.74986
0.99644
1.32436
1.13408
1.54783
1.70785
2.96353
1.23944
2.16340
2.60765
2.66769
2.73575
1.82662
1.76373
1.73419
2.00121
1.50356
1.79243
1.64525
1.77120
1.32896
1.43985
1.71338
1.85151
2.11643
2.74557
3.48539
2.35430
3.17852
3.19819
3.45326
2.53742
2.74878
1.96274
3.77571
3.35642
5.34959
8.03536
4.19430
6.33508
8.48700
7.35704
6.37839
7.80994
5.72288
5.25695
5.04178
6.08445
5.13652
4.86291
5.53354
6.94454
5.06617
5.60566
6.47296
1.49024
1.26176
0.10656
1.33643
1.47633
1.22708
0.85471
1.24025
1.84234
1.14522
1.39060
1.19330
0.92745
1.94597
1.54154
1.88251
2.60525
2.15206
2.22771
2.16360
2.19999
3.83417
2.21181
3.51797
4.27055
3.98843
4.05032
3.27628
3.89951
3.26578
7.30553
6.25454
6.22655
6.90424
6.99944
7.86038
9.45499
7.81777
7.84188
8.02955
2.71228
1.28980
2.80828
3.35195
2.73821
3.06573
2.87532
1.27819
3.41977
3.24171
2.38927
2.27437
3.49642
4.41884
3.68796
2.77308
3.59811
3.37807
3.50942
4.55363
3.48971
3.57290
3.12702
2.51357
3.02333
3.11527
2.14824
1.98674
2.83399
3.21926
2.56591
2.14837
3.07741
3.35115
2.23741
2.23777
3.37919
2.00165
3.33386
2.69222
3.92302
3.14726
2.04381
2.31733
2.07929
3.24127
2.01818
3.51682
3.70619
2.91146
2.62622
3.17239
0.37001
3.52274
3.24284
2.03897
1.82468
1.81131
2.52964
2.60939
2.35255
2.29172
0.94932
0.50050
1.66033
0.89071
1.05657
1.47141
0.75787
2.11322
1.47802
0.54707
0.61388
1.65730
0.52550
1.37304
0.74865
1.53906
0.95770
0.76643
7.18356
7.77012
7.17341
7.78524
6.43298
6.78360
6.29291
7.37995
9.26227
6.77058
7.40684
7.99741
7.08578
7.50076
9.14320
7.91141
7.34476
6.19125
7.22334
7.14322
5.58788
7.48784
2.56960
5.81232
3.77915
4.42361
5.86769
5.37062
3.64121
7.17086
1.68549
1.32098
1.60361
0.93867
0.77300
1.05228
1.70766
1.07915
1.34466
0.39728
1.96374
2.38771
1.34824
2.55191
2.28700
2.15693
2.05054
2.08060
2.27059
2.96858
3.19896
2.36039
2.41019
2.69802
2.67025
2.92234
3.10293
2.90787
1.00812
0.37683
1.14329
0.94888
1.25429
1.14206
1.21719
1.33501
1.28103
1.23098
2.26135
2.77136
5.56006
6.65493
6.26281
5.67384
6.04259
6.27205
6.13261
6.21414
7.14978
9.39028
2.28152
1.97337
1.92805
2.04593
2.06816
2.25599
1.87633
1.73353
2.20026
2.36297
1.41638
1.74487
2.83478
2.07622
2.02976
1.10380
2.18771
2.54779
3.50050
2.12750
1.67482
2.18491
2.44570
1.33872
2.14271
2.20263
1.99476
1.12376
2.01028
2.16235
1.06121
1.32735
0.45077
0.63757
0.24647
0.71245
0.97530
0.98547
0.04348
0.69525
2.14181
2.96752
3.76667
4.20286
3.21234
2.29034
2.54224
3.20767
3.22685
3.84882
6.80295
4.58503
5.76313
2.25742
6.10176
7.65632
8.22576
6.63369
9.58465
9.33507
7.52950
6.17975
7.78950
8.89704
8.22214
8.52438
8.18228
8.03924
9.28787
6.37850
2.81011
1.96630
2.04820
2.01342
2.75673
2.84451
1.79382
3.07704
2.22942
2.99895
2.74802
3.12570
1.80539
1.52331
2.84783
2.73852
2.62254
3.44947
2.83889
3.74963
4.53781
8.86924
9.66220
7.80804
6.73436
7.78052
9.34732
8.99475
9.77608
7.23776
1.09302
1.21237
1.21181
1.13106
0.66104
1.07210
1.04449
2.10180
0.90469
1.47252
0.63690
1.45588
0.65986
1.17741
0.98135
1.23872
1.27011
1.66833
1.68504
1.31496
2.17697
2.78607
2.11084
1.38512
1.12588
2.83786
2.43823
1.24444
1.62386
2.46428
1.66299
2.76412
2.89554
1.60139
3.01747
2.11256
0.85985
1.42683
1.84422
2.71581
1.87310
2.47626
2.16730
3.38380
3.76884
4.15984
2.08785
3.50121
5.22513
3.10400
8.76878
6.47780
8.08750
7.67199
8.27514
4.61708
8.38376
3.81067
7.19931
6.17021
3.16880
3.19981
2.42229
2.08414
2.39721
3.00599
1.77347
2.33994
2.29248
3.40308
2.60529
2.65220
2.90875
2.53157
3.48901
4.03629
1.39962
3.07581
2.62207
3.36378
-1.26600
-2.80600
-2.76400
-4.26900
-3.06700
-4.27400
-1.28000
-1.35000
-3.00600
-3.49500
-2.48600
-0.96000
-1.94300
-2.74000
-2.27500
-0.72900
-1.02400
-2.17200
-2.80500
-2.47400
-3.53700
-2.53600
-4.24800
-0.90100
-1.33100
-1.91500
-3.84900
-3.29800
-3.66400
-3.15900
-1.84100
-2.43200
-2.17600
-4.44000
-1.21600
-4.71200
-3.11200
-2.11200
-3.38600
-5.12300
-3.11900
-1.31100
-0.30400
-2.25600
-3.89200
-3.21400
-0.48700
-3.17800
-2.30700
-3.14300
-3.95400
-2.62500
-3.07400
-1.07700
-1.57200
-4.38500
-1.33800
-2.50900
-1.50600
-2.21900
-1.55400
-1.31700
-0.09900
-0.28500
-3.19600
-3.90100
-4.16400
-4.24600
-2.75800
-1.76800
-3.63500
-4.95500
-0.70200
-2.24400
-2.70400
-2.74000
-2.22400
-1.44400
-1.48600
-1.09600
-3.03700
-2.88200
-1.06300
-1.51900
0.35400
-0.88500
-1.28900
-0.02700
0.20800
-1.61500
-1.99400
-1.15000
-0.41400
-1.43100
-0.60300
-0.70000
-0.89100
-2.96000
-0.43400
-4.65700
-1.38600
-2.65600
-3.64500
-3.37100
-3.79400
-1.80400
-3.74800
-1.74700
-2.97100
-2.18000
-2.80400
-1.59900
-3.31000
-0.34000
-3.61500
-3.19100
-2.85100
-1.58400
-2.54900
-0.74700
-2.58000
0.16700
0.30700
-1.50100
-2.02900
-2.23900
-1.43000
-2.60800
-1.74800
-3.36200
-2.13000
-3.22000
-2.99100
-4.43000
-1.35100
-2.64500
-3.90200
-3.42400
-0.83200
-2.49100
-3.09700
-2.81700
-2.85200
-3.44100
-1.27800
-1.78300
-1.52100
-3.10200
-2.29200
-0.41200
-0.12000
-1.13100
-2.60100
-2.27300
-2.46000
-3.23000
-1.07800
-2.80400
-2.81400
-1.51100
-1.22800
-4.26400
-4.24000
-2.66900
-3.87900
-2.53900
-3.08500
-3.23600
-1.85500
-0.39000
-3.27400
-2.66500
-2.05500
-2.87000
-2.17500
-2.75900
-2.49700
-3.37900
0.08200
-2.47900
-1.93900
-3.04800
-2.77000
-2.21200
-3.78200
-3.10900
-2.17600
-2.61700
0.18300
-3.46400
-0.38400
-2.05800
-1.80900
-0.16500
-2.44300
-2.79000
-2.28700
-0.09300
-6.32800
-5.50700
-7.61300
-2.83300
-4.61300
-5.40800
-4.76800
-2.69600
-1.29100
-0.39300
-1.97400
-4.00300
-3.35800
-4.30900
-2.27700
-3.52200
-2.26200
-4.13500
-1.54100
-3.85300
0.00400
-3.37400
-2.11500
-3.98300
-3.20300
-1.73800
-3.06100
-3.25200
-2.31500
-1.40000
-0.60700
-1.79600
-1.69800
-2.29300
-2.35000
-0.19000
-2.02400
-1.58900
-0.64300
-0.28400
-1.68000
-2.58800
-1.58100
-2.85600
-2.13000
-0.95000
-2.65500
-1.29900
-2.96100
-0.90800
-1.89400
-1.54200
-1.20000
-1.59800
-1.76700
-1.91100
-1.53800
-0.21500
-1.23100
-1.09300
-0.80400
-1.74400
-1.93400
-1.77500
-1.04700
-0.55100
0.32000
-1.55300
-1.85400
-0.38700
-2.12000
-2.36300
-0.96200
-1.09800
-0.70500
-1.70000
-1.73000
-1.36400
-2.17300
-1.47700
-5.85100
-3.56400
-5.02900
-4.18000
-5.41900
-5.77600
-3.86500
-6.33100
-1.84600
-5.48300
-2.30100
0.31800
-0.60100
-2.91400
-2.06500
-3.91000
-2.39200
-1.63200
-3.40400
-3.80900
-2.24900
-4.14400
-3.81300
-2.65800
-1.41700
-2.61400
-3.62900
-2.37000
-2.09400
-4.37400
-0.05100
-2.17500
-0.00100
-3.67800
-3.40000
-1.47800
-2.54700
-2.84500
-2.93300
-2.85500
-0.46100
-2.08400
-1.08400
-3.23000
-3.06300
0.63854
-2.86700
-3.80100
-1.95500
-0.50700
-1.17000
-1.09600
-1.61300
-0.48500
-2.01500
-1.00300
0.02200
-1.72500
-1.66800
-1.92500
-3.06100
-2.48900
-4.90200
-2.18600
-4.39800
-3.57600
-4.60100
-6.03100
-4.14400
-4.54100
-2.79900
-3.02200
0.28000
-3.06200
-2.52700
-0.41500
-0.57200
0.06800
-3.25500
-3.44400
-2.59100
-3.99800
-0.13300
-3.80200
-3.50000
-0.66900
-3.24600
-1.48900
-2.59200
-1.79700
-2.32700
-0.78000
-2.45900
-1.51100
0.52000
-2.20100
-3.13100
-2.24800
-3.34700
-3.27600
-0.89400
-1.68700
-1.12600
-0.07800
-1.18100
-1.15500
-0.05000
-0.55100
-1.90400
-1.99500
-2.26600
-3.13000
-3.35800
-4.15100
-2.30500
-3.28600
-3.53900
-3.41200
-1.62700
-0.78800
-2.04800
-1.21600
-2.56100
-2.29900
-2.72400
-0.79200
-2.04900
-1.83500
0.43542
-2.12600
-1.51000
-1.21500
-2.00600
-2.15100
-1.51100
-1.02800
-2.35800
-2.49300
-2.06500
-0.08300
-1.78900
-1.79400
-0.85200
-2.85000
-0.68900
-3.88100
-3.21200
-3.38100
-2.49800
-2.08000
-3.37400
-1.07800
-2.53600
-2.10400
-3.27600
-3.02100
-1.63400
0.15700
-3.45600
-2.38300
0.88069
-2.06900
-0.66400
-0.42200
-0.41300
-0.32000
0.34506
-2.32700
-2.22000
-0.30800
-2.84500
-1.66400
-1.86000
-2.58600
-3.39300
-2.62100
-3.88000
-3.77900
-3.44200
-1.24800
-2.68200
-4.71100
-5.38700
-2.17500
-4.66800
-5.18900
-1.85400
-7.62300
-6.57700
-3.63800
-3.85500
-1.18100
-4.18800
-4.43500
-3.34700
-2.07500
-3.98200
-2.73500
-5.69300
-2.50500
-1.03200
-0.88300
-3.09600
-1.16000
0.31600
-3.28300
-0.32600
-2.80800
-2.38000
-1.68600
-0.34200
0.36100
-2.37500
-3.07900
-2.47800
-0.50600
-3.04600
-1.69400
-2.07100
-0.43600
-5.50600
-2.94900
-3.78100
-3.75200
-3.10900
-4.11800
-4.02100
-3.94600
-5.30500
-0.73200
-2.04900
-4.09000
-1.31600
-2.89700
-1.50400
-1.67400
-2.74800
-2.49500
-0.75700
-0.98900
-0.89600
-2.42200
-0.93900
-1.21700
-1.47300
-2.29500
-0.35600
-2.42200
-0.34000
-1.82900
-3.07400
-0.66600
0.37800
-2.92400
-2.40500
-3.27600
-1.98500
-2.83700
-1.78500
-1.80700
-2.24800
-0.77600
-1.79000
-1.90200
-1.39900
-0.77300
-1.34100
0.22100
-3.24300
-5.21000
-4.23000
-5.22200
-6.33400
-5.68600
-4.69000
-1.27400
-0.85500
-3.40700
-4.46400
-3.49000
-5.55900
-1.45400
-4.74300
-5.67800
-1.95400
-7.36000
-3.77600
-5.06900
-2.12900
-0.72600
-4.37200
0.63400
-2.86300
-1.10400
-1.29600
-2.36700
-0.18000
-1.12600
-1.88500
-0.76300
0.45300
-0.32200
-1.77400
-0.52500
0.63100
-0.19100
-1.46400
-1.81500
0.97294
-1.24000
-0.99200
0.04900
-3.26000
-0.33300
-3.06200
-2.12200
-2.18600
-2.63100
-0.65100
-0.86100
-2.97100
-1.03100
-2.21300
-1.58500
-0.54400
-1.07800
-0.04200
-1.97900
-1.54200
-2.83300
-2.76400
-3.84000
-2.69800
-3.12900
-3.50700
-1.99400
-2.05900
-2.82300
-2.75300
-0.67900
-3.37500
-2.36200
-2.41900
-2.55900
-3.02700
-1.72200
-1.65700
-2.97000
-2.45200
-1.35400
-2.06000
-1.26600
-1.91200
0.29400
-3.08600
-0.65000
-2.76100
-1.66200
-5.04900
-5.24300
-5.18300
-7.44000
-2.89600
-1.54700
-4.46500
-6.14000
-5.44000
-6.06300
-1.30800
-3.13300
-1.77100
-3.23400
-3.15600
-3.07000
-2.21200
-0.87000
-3.59400
-2.17700
-3.12900
-4.27800
-3.06300
-2.89100
0.39800
-1.76500
-1.88800
-3.43200
-3.76600
-3.20800
-2.50500
-0.40500
-2.23200
-2.82400
-2.67100
-2.67900
-3.07800
-2.96800
-3.00700
-3.70800
-1.63600
-1.36700
-1.00100
-0.25400
-3.04100
-0.90900
-2.27300
-0.72600
-1.14900
-1.83400
-2.54200
-2.83300
-2.42900
-4.12500
-2.69000
-3.55300
-1.96700
-1.82300
-3.62900
-4.16600
-2.69900
-1.36400
-3.45800
-1.71900
-1.71200
-1.28800
-2.17300
-2.70500
-2.90100
-2.62900
-2.87800
-3.17700
-3.74000
-1.42500
-3.25200
-2.62100
-1.08700
-3.26800
-1.89800
-0.95400
-0.75400
-0.84000
-2.29200
-2.13600
-0.43600
0.29000
0.14400
0.03800
-1.59300
-1.47600
-1.16800
-0.35800
-1.72100
-1.01300
-0.31700
-1.06300
-1.32500
-1.31200
-1.13700
-2.47700
-0.77000
-0.47500
-1.35300
-0.99100
-1.01700
-1.18900
-0.75500
-1.01600
-0.95700
-1.28900
-0.99300
-1.12300
-1.93600
-0.21600
-2.90500
-2.34200
-0.28000
-1.53800
-1.68400
-2.64800
-1.61600
0.59900
-1.78400
-1.28700
-1.37700
-0.54300
-1.57000
-0.29500
-2.52900
-1.81200
-2.68600
-1.90200
-0.94000
-1.79900
-0.15800
-2.00900
-1.31200
-1.11800
-2.06400
-2.26100
0.50400
-2.86300
-1.16200
-1.81900
1.11387
-2.29900
0.23100
-1.33900
-2.82000
-2.31600
-0.89900
-1.12600
-2.41200
-0.79900
-1.14700
0.29600
0.67873
-1.48100
-1.67400
-1.74300
0.38155
-0.48700
-0.10800
-0.37300
0.06600
-1.78600
0.18400
-0.16000
-0.75000
-0.84000
-2.42000
-2.86400
-0.79400
-1.49100
-1.28600
-1.43600
-2.71400
-2.95500
-1.99000
-1.50200
-1.43200
-1.14100
-1.55900
-2.02300
-1.19700
-1.98800
-0.85100
-0.50000
-1.01900
-1.53900
-1.89600
0.19600
-1.11500
-1.20600
-0.83200
-1.31000
-0.24100
-0.99300
-1.62300
-1.35500
-2.46600
-1.53600
-1.57000
-0.86900
-2.86100
-0.53000
-2.93900
-3.29300
-2.90700
-3.24000
-3.42200
-0.87500
-3.20300
-1.76000
-0.93300
-2.18700
0.36847
-2.20700
-0.82100
-2.07000
-4.00400
-6.43700
-5.33300
-4.45100
-5.39100
-4.54000
-2.60700
-0.56900
-2.40800
-5.07200
-0.75100
-0.69000
-2.09600
-1.61300
-1.06700
-1.53400
-1.41600
-1.71000
-1.28400
-0.01200
-3.57500
-3.38900
-3.22900
-3.60200
-1.67700
-2.26400
-1.90000
-3.49700
-2.09600
-2.50600
-3.67400
-6.02000
-2.49600
-1.66800
-2.22500
-4.28000
-4.04900
-5.03700
-4.99700
-3.28200
-2.55700
-1.85100
-1.80500
-2.81100
0.15000
-2.48800
-2.02900
-1.81100
-0.59500
-1.87800
-1.92400
-2.54300
-2.45000
-4.11900
-4.50200
-1.81900
-4.64000
-3.66600
-4.38100
-4.31700
-2.68000
-1.25800
-1.67100
-2.42300
-3.34500
-2.88900
-3.03800
-3.22500
-3.62100
-4.01200
-3.91200
-0.54500
-2.80100
-3.64300
-0.35700
-0.75300
-0.11700
-0.29000
-1.78800
-3.00800
-0.90700
-1.67500
-2.44100
-2.64900
-2.67700
-1.92700
-0.80100
-2.58900
-2.45500
-1.05100
-2.93400
-1.56800
-1.41200
-0.71000
-2.24800
-2.72000
-1.43800
-1.18800
-1.64200
-2.05600
-0.87200
-2.19200
-1.70600
-2.24200
-1.16200
-2.81800
-2.89600
-2.79200
-0.73500
0.12600
-1.66400
-3.16500
-3.27700
-0.29100
-3.46200
-2.58600
-2.30700
-3.75100
-0.21800
-0.08800
-0.84800
-1.20700
-2.07600
-2.65400
-1.72800
-1.27100
-1.83800
-3.05900
-2.51200
-2.84900
-1.68100
-2.40100
-1.85900
-1.44400
-2.20500
-2.29400
-2.44100
-0.43600
0.02400
-3.94400
-0.67900
-2.47500
-4.57500
-3.42200
-3.57400
-4.21500
-3.95200
-1.60900
-2.05600
-2.24000
-2.45100
-0.30000
-1.96100
-3.41600
-3.73400
-2.91800
-2.16500
-2.52100
-3.15900
-5.34100
-1.71000
-3.81400
-4.43000
-4.51800
-5.38600
-5.53700
-3.89700
-5.78900
-2.81000
-1.70500
-2.20500
-3.68800
-1.43400
-3.78100
-3.34000
-2.07500
-2.61400
-2.80400
-2.15900
-4.89400
-4.76200
-1.40500
-4.09100
-3.58200
-5.66700
-4.01000
-2.87200
-3.56500
-3.93800
-2.69700
-1.67200
-2.11700
-2.20400
-0.07700
-2.81000
-2.69100
-2.25500
-2.77200
-2.06600
-1.19100
-1.87200
-2.93300
-3.08500
-1.15000
-3.41000
-1.41700
-3.39000
-2.55400
-2.39100
-2.35600
-1.81100
-2.70100
-2.44100
-3.13900
-2.42000
-1.73800
-2.20400
-1.30100
-2.78400
-2.79900
-3.04400
-2.16800
-1.18000
-1.22100
-2.60900
-1.80100
0.17400
0.15300
-1.00300
-1.85200
-2.45700
-1.90100
-0.41900
-0.47200
-2.43400
-2.13400
-3.24400
-1.66600
-2.81400
-2.17800
-2.75000
-3.64700
-3.08400
-3.05100
-3.29200
-1.81300
-2.69700
-2.50000
-3.40700
-2.79300
-3.35000
-2.81300
-3.89500
-3.82700
-2.04000
-2.26100
-3.96600
-3.15200
-4.01800
-1.91400
-2.43800
-2.65600
-2.55100
-3.73400
-4.08700
-5.38900
-3.95100
-1.25900
-2.88600
-3.90600
-2.99100
-3.64100
-2.00300
-3.54400
-2.65600
-0.81200
-3.46600
-3.53400
-2.39500
-1.64000
-3.08400
-2.86800
-3.92500
-2.63600
-0.99500
-3.69000
-3.21100
-0.55100
-3.25000
-3.67700
-0.70400
-3.12000
-3.20600
-2.35700
-1.07900
-1.70900
-2.33700
-2.65800
-0.07600
-1.78600
-1.73800
-3.64700
-3.98900
-4.47800
-2.09100
-1.19700
-3.84900
-1.42100
-5.04500
-1.25400
-5.70000
-1.31600
-2.36800
-2.29200
-2.60600
-1.78000
-2.40400
-2.00100
-1.49200
-1.88900
0.56700
-1.62400
-1.40900
-3.11400
-0.50200
-2.14900
-2.74300
-2.20500
-1.73600
-1.02400
-1.89200
-2.69300
-2.39000
-2.17900
-3.22800
-0.36500
-2.33600
-2.53500
-3.71600
-3.35100
-2.79600
-3.12800
-0.60100
-2.43200
-2.86600
-3.36100
-1.32800
-0.57500
-3.30500
-3.97900
-3.50900
0.15600
-1.50700
-3.15500
-3.55000
-2.79800
-0.83300
-3.67400
-2.42900
-3.14900
-0.91600
-2.69800
-4.08800
-3.67700
-3.98200
-0.30200
-3.12100
-2.94900
-4.27100
-1.05300
-4.03400
-2.20700
-3.57500
-2.90900
-1.63900
-1.08700
-2.32400
-2.16100
-2.40400
-3.37900
-0.76900
-0.98800
-1.92200
-2.08100
0.06100
-2.56600
-2.33800
-2.23600
-1.42400
-1.50500
-1.94700
-3.55800
-5.16900
-2.63200
-2.99700
-3.21800
-4.54700
-2.96400
-3.75500
-0.91700
-4.23000
-4.85900
-4.86900
-5.14600
-5.52500
-0.53300
-3.67600
-4.41300
-4.76400
-5.24600
-5.49400
-3.59400
-3.78300
-2.02400
-3.82300
-3.29900
-3.72900
-3.54700
-2.91900
-2.13400
-3.32600
-2.30700
-3.06900
-2.44700
-0.22600
-1.96100
-2.11300
-2.02900
-2.04100
-1.93600
-3.06500
-1.11800
-1.04000
-1.00200
-2.58700
-1.23400
-0.67500
-1.30100
-0.81900
-3.26100
-2.76800
-1.83200
-1.11000
-1.73700
-1.78700
0.18400
-1.53800
-1.80000
-1.12800
-1.33900
-0.61700
-1.93600
-2.01800
-1.33400
-1.37000
-2.56900
-0.17300
-2.19200
-1.30300
-2.39300
-1.80600
-3.03900
-5.46100
-4.95100
-4.65300
-5.76000
-6.52600
-4.37900
-2.65500
-5.24400
-2.26000
-1.54300
-2.55000
-2.53200
-3.01700
-3.38400
-2.59800
-0.59300
-0.79200
-1.26900
-1.96700
-2.23900
-1.00400
0.13100
-3.48800
-3.66300
-1.42200
-2.45000
-0.69500
-2.99000
-0.20500
-2.22000
-3.31300
-2.56300
-1.55200
-1.59900
-2.75600
-2.44100
-3.01900
-3.90900
-2.53600
-1.30300
-2.66200
-2.57800
-1.52300
-2.92500
-2.54600
-2.12200
-3.10100
-2.62600
-3.52200
-3.00000
-2.27700
-2.86100
-3.13300
-2.86700
-2.62000
-3.09000
-3.39500
-2.34500
-0.93300
-1.62200
-4.00700
-2.29200
-0.80100
-0.76300
-3.21000
-3.04100
-3.43000
0.31900
0.10600
-3.76000
-5.21300
-4.46200
-5.63700
-5.17600
-3.87500
-5.26300
-5.35000
-2.63800
-4.20100
-3.42400
-1.12500
-1.27600
-1.71800
0.98717
-1.81000
-2.14900
-2.14000
-1.32000
-0.81300
-0.31000
-2.31800
-2.31400
-2.02200
-2.85500
0.69759
-2.89500
-2.63200
-3.17500
-1.61000
-2.60700
-3.66100
-2.56700
-3.03400
-4.31600
-3.27900
0.25300
-4.37200
-5.09500
-3.14000
-3.27900
-2.26700
-3.05000
-3.42000
-3.23200
-0.51500
-2.97200
-2.89900
-3.07200
-2.81400
-1.54400
-0.70500
-1.64800
-1.09200
-1.76300
-1.72300
-1.57200
-1.45200
0.42800
-1.32100
-0.13100
-0.48900
0.00900
-1.70400
-2.17200
-2.25600
-2.82300
-1.99900
-1.32500
-1.06800
-2.52600
-2.03300
0.18400
-2.08900
-0.31500
-1.61900
-2.82500
-2.14700
-2.73000
-3.20700
-2.38400
-2.15300
-1.08800
-2.16400
-1.86600
-2.06000
0.18500
0.45800
-2.53200
-2.24500
-2.77100
-4.20100
-4.80100
0.79706
-2.14100
-2.99200
-0.24100
-3.88800
-3.60900
-1.49400
0.69700
-3.05800
-1.79800
-2.98700
-1.00200
-3.47500
-3.71600
-2.91800
-2.71300
-3.39700
-2.98600
-0.62700
-3.28500
-2.86500
-3.24300
0.70481
-1.62200
-0.17600
-3.09000
-0.01200
