1.55590
1.08590
2.02080
0.73910
1.44610
1.17430
0.84720
1.60590
1.48470
0.59710
2.36120
2.57910
1.81660
1.45390
1.64690
2.26940
1.69820
1.51660
1.55960
2.62100
5.84320
7.28040
6.68290
2.69410
7.63340
8.06200
6.13460
4.17010
7.23180
3.62730
8.28430
8.37750
7.26760
8.08090
7.70200
6.23230
5.63590
3.29110
2.43930
6.30970
3.10150
3.88990
7.95440
9.30090
6.87380
8.49940
7.79680
8.02670
4.09810
8.47990
5.44850
8.58880
3.16600
3.49280
3.09590
4.97910
3.21850
4.89490
2.96250
6.16190
3.19130
4.88400
6.04680
7.40110
5.05080
8.00990
9.34110
6.01750
7.16880
7.61380
8.50390
6.16220
1.83030
3.14640
1.85930
1.69150
1.84390
2.55220
2.80050
1.95190
1.69210
1.61190
2.36410
2.79260
3.69400
2.64080
2.54590
2.85870
3.96230
2.37380
1.82680
2.40180
3.85770
3.61480
3.43520
1.16780
2.62190
7.72490
9.03120
7.73630
10.80610
8.46780
7.60410
6.80770
7.37210
7.68820
7.36350
1.47110
3.57360
1.54200
1.30620
2.57420
2.27130
3.14220
2.61140
1.88450
2.96630
2.65930
4.26310
2.36500
1.88920
1.99890
2.27640
3.35220
3.25950
3.77210
2.57620
3.22780
3.51330
8.37940
7.58610
3.48610
7.83590
7.40050
8.93220
6.80010
7.74930
6.63660
7.61910
1.96880
1.39480
2.11520
2.04960
1.46430
1.96700
1.87500
1.77600
2.69430
1.17920
1.58730
2.05190
2.30340
2.39810
2.74280
2.61210
2.75490
6.16390
6.19830
7.19760
9.98650
2.56440
7.92080
7.76250
1.59920
4.84710
8.20110
5.82600
5.92450
1.32770
1.60750
0.08000
1.63400
1.58910
1.17090
1.36780
0.99310
0.91310
0.36150
3.36180
3.78040
2.98740
2.17120
2.18610
3.24990
3.53730
3.04880
3.25480
2.93520
2.09620
1.48030
3.97860
3.00790
2.62470
1.60190
2.48880
2.63750
2.37160
2.24720
4.74050
6.25410
6.22860
6.46440
4.64610
6.94510
4.79290
6.57350
7.24590
5.86090
6.38530
4.11710
6.92200
5.78990
7.71780
7.61670
4.43650
6.38980
5.38100
5.19900
2.98690
5.18790
3.70500
5.69620
5.72340
3.76570
3.77440
5.99310
2.83200
2.06000
2.03220
1.95820
2.56850
2.23650
2.12300
2.62120
2.02700
4.52740
1.56160
2.42500
2.75640
2.05580
3.19210
2.64070
1.94770
2.01530
2.55720
2.11170
0.92710
1.65920
0.95610
2.01280
1.15150
1.02480
0.35200
1.84970
0.58000
0.91380
1.21090
1.59460
0.44920
0.72630
1.76720
1.13320
1.74980
2.26120
1.82490
2.71350
1.79590
2.12310
1.29890
1.40410
3.52240
1.42290
2.26250
2.67120
1.11360
2.23750
1.71700
1.54970
7.43790
6.94210
6.86110
6.71480
6.54220
6.65700
7.24200
6.73620
7.27210
6.00780
7.67410
6.84500
7.01460
6.86680
7.26130
6.11150
7.70940
6.58560
5.62530
5.96650
3.84000
7.15930
5.83940
5.85730
3.87050
8.75480
2.34750
2.70850
7.53730
4.98930
2.40500
2.69690
3.13880
1.80880
1.49150
1.50750
1.46720
2.30480
2.67780
1.71960
3.14400
3.04570
2.62420
2.40010
2.40230
2.73600
2.44480
2.67410
2.15810
3.74970
2.71870
1.71060
3.21720
3.80710
2.80340
2.50190
1.83710
2.74300
3.23600
3.21860
6.91380
7.98590
6.99810
6.80230
7.23570
6.69850
5.51570
6.31950
6.08340
5.21950
5.36210
6.55320
7.33120
4.78610
6.33570
8.60220
5.95570
2.75590
5.48560
5.99870
0.94970
2.35410
2.16420
2.47200
2.49850
2.41460
2.22570
3.25150
2.71640
3.22970
4.91270
2.15410
3.32630
3.40590
6.42180
3.78090
5.54830
2.70450
5.84380
4.51300
1.06450
2.19630
1.63860
2.94160
2.27900
1.87170
2.12930
2.12470
1.42110
1.73430
2.68600
8.78820
4.83720
10.03070
6.14740
7.92440
7.57310
7.48210
6.33860
9.04290
2.40270
3.25730
1.52470
1.14160
1.21300
1.68500
1.12590
4.04460
2.21720
2.94550
1.96550
2.14180
2.54950
1.67700
2.34650
2.32730
2.21330
3.45960
1.73490
1.83040
2.67500
5.74800
2.98380
4.35640
3.84240
6.20450
2.13890
3.31620
3.03400
3.16930
8.02350
6.18910
2.99870
5.17860
7.22590
6.16710
6.73250
7.69710
3.72440
5.53230
2.63430
2.96540
2.13260
3.18000
2.41700
2.56070
2.20600
2.92040
3.04640
2.77010
2.27570
3.56690
2.11160
2.88210
2.85580
3.34310
2.84300
3.14640
2.91590
3.02090
0.38830
8.10420
7.61330
10.57940
8.29280
5.94860
7.69490
7.26320
6.45870
6.20170
7.84680
7.97560
6.84410
6.15390
6.76470
7.69030
7.47190
8.14290
7.26600
4.70850
4.64830
2.59600
3.21290
6.64240
5.55090
3.13380
6.24730
4.03710
7.00750
5.53430
3.67630
3.00130
5.60730
3.84300
6.18800
1.54050
2.39310
4.49150
3.63150
8.43570
7.59460
8.63890
7.27660
8.67450
5.16920
6.36070
5.41150
5.87190
6.44210
2.60660
1.23820
3.28460
2.85830
2.15230
2.62490
4.75610
3.27080
2.71800
1.81690
2.62220
2.47300
3.66860
2.25090
3.01630
2.12050
2.53050
3.16470
4.25160
5.01060
2.79360
4.48340
7.43250
7.26430
7.60070
2.50700
5.69560
2.24820
4.67490
0.74530
0.38160
0.78070
1.44360
1.58620
0.83600
2.00160
1.39910
0.21900
1.08260
7.46560
6.93030
6.68900
6.45420
6.95650
7.41780
6.99120
7.66130
8.40550
7.69490
7.36790
7.01980
7.65860
7.84250
8.41890
8.55320
8.55710
7.88470
8.01220
8.37850
9.66340
4.71790
6.68320
2.10210
9.50490
7.29860
8.23680
6.89680
3.24000
6.85940
3.34500
2.91460
2.27160
2.64570
1.29180
3.15680
3.02840
2.75280
3.43150
1.76530
2.75290
1.63120
3.12070
1.95230
1.27680
1.83140
1.93390
2.39170
2.16700
1.47030
1.09600
1.13150
0.18500
1.54510
0.27700
1.01970
1.11970
1.95580
1.32700
1.10040
1.09280
1.90080
1.34240
2.05320
0.97250
0.97270
1.49020
1.41880
0.99050
1.01590
1.39630
1.90760
0.31400
1.05190
1.15120
1.81100
1.51420
0.63250
1.94710
1.37610
0.97890
1.09100
1.62930
2.01250
2.24020
1.22820
0.83020
2.11390
1.50250
1.87470
6.58900
7.37970
8.11520
7.85400
7.38200
10.03740
8.91810
7.99730
8.37990
7.86120
1.86930
2.00510
1.36910
0.74520
1.72630
0.88500
1.48700
1.52090
2.25010
1.94620
7.75390
7.64020
8.09210
9.14480
9.80040
6.59860
7.19640
6.92720
9.25580
5.90730
4.52610
3.37170
2.77450
8.18370
3.57170
3.39660
5.56360
2.50090
2.65090
2.71820
4.02530
2.52050
3.31060
2.84450
3.32900
2.29540
2.14510
2.73450
2.95380
3.10480
2.59950
3.29160
2.69310
3.86940
3.14570
2.45560
2.44570
3.50780
3.72910
2.76470
1.02930
1.42880
2.04050
1.24120
1.69770
0.94980
2.30810
1.97810
1.40420
1.50960
7.95150
8.79300
6.97730
8.19520
3.19700
5.48120
4.39640
7.66750
8.46270
6.30390
2.22440
2.64330
1.31840
1.92050
2.40510
3.10080
2.86580
3.17780
2.90860
2.01560
1.82840
3.11010
2.22350
2.33000
2.46940
2.04880
1.93330
2.22380
3.01540
1.66980
2.53890
2.71210
2.54330
2.34430
2.13930
1.81690
2.13180
2.09750
2.23010
3.39060
4.48290
3.81250
2.76410
2.99030
4.51650
3.13340
2.75810
2.57220
3.45300
4.46330
0.85170
2.90270
0.79270
1.63480
1.89900
3.02460
2.56090
1.34740
1.63700
1.66740
2.10900
1.16630
0.93710
0.98060
2.67870
2.12870
2.50200
1.82980
1.20410
1.16370
1.95160
2.47920
2.14500
2.83490
3.29350
2.92970
2.43860
1.79980
2.98740
1.32550
0.39620
2.01270
2.13810
2.35150
1.99380
2.14350
1.61450
2.30840
2.84200
2.30690
1.95460
2.15560
1.44610
2.21840
1.05360
0.91430
1.46590
1.34500
1.54250
1.42240
3.73110
3.54920
5.02680
3.59150
3.25810
2.99100
3.99270
4.35320
4.28930
2.11550
1.53250
1.84670
3.14030
2.24910
2.58220
3.17570
2.29540
2.70210
2.75700
-0.04400
0.96630
3.07300
2.39050
1.15190
2.07100
1.63560
1.25930
1.85300
2.41590
1.96680
7.74320
4.38120
5.90380
4.50010
5.70020
0.86310
5.08280
8.61880
7.21930
8.47920
1.27840
2.28630
2.12060
3.79770
1.79200
1.19750
2.74080
2.48680
2.80960
1.33120
5.09060
6.17930
5.61380
8.11920
6.74300
6.25060
6.79000
6.49180
7.70870
7.10920
1.56070
2.49340
1.86880
1.73300
1.45910
2.19660
1.53510
2.83850
1.93160
3.72410
2.15180
2.19660
2.46970
3.21480
3.14300
2.21260
2.08390
2.85850
2.23100
3.42160
5.74630
5.80070
6.55600
6.97980
5.98400
5.94810
5.60950
5.82320
4.97900
5.01940
5.21680
3.69720
3.42990
5.20450
3.92220
4.21910
3.11930
2.95780
3.06420
3.69020
2.60080
7.25160
5.80610
1.62660
6.49580
4.99320
0.94760
8.21420
7.42930
6.38890
2.53080
2.03910
1.99820
1.66930
0.85060
1.85270
1.23090
1.79340
1.50470
0.81570
7.02460
8.05060
4.71820
5.17190
6.70860
9.09960
5.47300
4.39190
6.48600
7.57500
3.29460
3.10000
2.59300
2.00400
3.14770
1.79310
3.59610
3.86640
3.70140
2.90280
2.65240
3.09020
3.59300
2.95060
2.04890
2.13020
2.96980
2.87500
3.12840
1.85170
2.28340
2.10480
1.95160
3.50620
2.41450
1.49890
2.21680
1.96900
2.26910
2.15920
1.54920
1.60970
2.41260
1.68930
3.14650
3.10880
3.72530
2.96730
2.72350
3.04640
1.64930
2.11750
0.73300
2.01830
1.41590
2.67430
2.03210
0.73570
1.81450
2.27690
1.69190
1.48590
2.19280
1.93780
1.54520
0.82150
2.10500
1.40180
7.30460
6.36860
7.31080
8.17220
5.30500
6.58810
6.47420
7.72990
8.71250
9.19610
0.53240
0.90380
0.96960
1.30590
0.91030
0.47900
-0.26700
1.57620
-0.00000
0.43280
6.96750
5.97530
8.01890
5.62600
5.76170
5.91210
7.04710
6.48620
6.95340
5.56220
1.65690
3.53740
3.13610
3.77730
4.78180
4.40310
3.32900
3.00200
3.30810
2.55070
1.96290
8.41420
8.29660
8.82060
7.49740
7.03680
7.50890
6.99550
7.91630
9.15290
7.90310
2.27240
1.45890
1.77040
2.10190
1.25000
2.21480
2.55220
1.67530
2.53730
1.77670
1.29210
3.07090
1.00670
1.21170
2.71280
0.84250
1.68300
1.11100
0.10200
1.58860
0.92220
0.16000
2.67670
1.29500
1.29110
1.32140
1.41200
1.74990
0.99640
1.32440
1.13410
1.54780
1.70790
2.96350
1.23940
2.16340
2.60760
2.66770
2.73580
1.82660
1.76370
1.73420
2.00120
1.50360
1.79240
1.64530
1.77120
1.32900
1.43980
1.71340
1.85150
2.11640
2.74560
3.48540
2.35430
3.17850
3.19820
3.45330
2.53740
2.74880
1.96270
3.77570
3.35640
5.34960
8.03540
4.19430
6.33510
8.48700
7.35700
6.37840
7.80990
5.72290
5.25690
5.04180
6.08440
5.13650
4.86290
5.53350
6.94450
5.06620
5.60570
6.47300
1.49020
1.26180
0.05000
1.33640
1.47630
1.22710
0.85470
1.24030
1.84230
1.14520
1.39060
1.19330
0.92750
1.94600
1.54150
1.88250
2.60520
2.15210
2.22770
2.16360
2.20000
3.83420
2.21180
3.51800
4.27050
3.98840
4.05030
3.27630
3.89950
3.26580
7.30550
6.25450
6.22650
6.90420
6.99940
7.86040
9.45500
7.81780
7.84190
8.02960
2.71230
1.28980
2.80830
3.35200
2.73820
3.06570
2.87530
1.27820
3.41980
3.24170
2.38930
2.27440
3.49640
4.41880
3.68800
2.77310
3.59810
3.37810
3.50940
4.55360
3.48970
3.57290
3.12700
2.51360
3.02330
3.11530
2.14820
1.98670
2.83400
3.21930
2.56590
2.14840
3.07740
3.35120
2.23740
2.23780
3.37920
2.00170
3.33390
2.69220
3.92300
3.14730
2.04380
2.31730
2.07930
3.24130
2.01820
3.51680
3.70620
2.91150
2.62620
3.17240
0.37000
3.52270
3.24280
2.03900
1.82470
1.81130
2.52960
2.60940
2.35250
2.29170
0.94930
0.50050
1.66030
0.89070
1.05660
1.47140
0.75790
2.11320
1.47800
0.54710
0.61390
1.65730
0.52550
1.37300
0.74860
1.53910
0.95770
0.76640
7.18360
7.77010
7.17340
7.78520
6.43300
6.78360
6.29290
7.37990
9.26230
6.77060
7.40680
7.99740
7.08580
7.50080
9.14320
7.91140
7.34480
6.19130
7.22330
7.14320
5.58790
7.48780
2.56960
5.81230
3.77920
4.42360
5.86770
5.37060
3.64120
7.17090
1.68550
1.32100
1.60360
0.93870
0.77300
1.05230
1.70770
1.07910
1.34470
0.39730
1.96370
2.38770
1.34820
2.55190
2.28700
2.15690
2.05050
2.08060
2.27060
2.96860
3.19900
2.36040
2.41020
2.69800
2.67020
2.92230
3.10290
2.90790
1.00810
0.37680
1.14330
0.94890
1.25430
1.14210
1.21720
1.33500
1.28100
1.23100
2.26130
2.77140
5.56010
6.65490
6.26280
5.67380
6.04260
6.27200
6.13260
6.21410
7.14980
9.39030
2.28150
1.97340
1.92800
2.04590
2.06820
2.25600
1.87630
1.73350
2.20030
2.36300
1.41640
1.74490
2.83480
2.07620
2.02980
1.10380
2.18770
2.54780
3.50050
2.12750
1.67480
2.18490
2.44570
1.33870
2.14270
2.20260
1.99480
1.12380
2.01030
2.16240
1.06120
1.32730
0.45080
0.63760
0.29900
0.71250
0.97530
0.98550
0.10300
0.69520
2.14180
2.96750
3.76670
4.20290
3.21230
2.29030
2.54220
3.20770
3.22680
3.84880
6.80290
4.58500
5.76310
2.25740
6.10180
7.65630
8.22580
6.63370
9.58460
9.33510
7.52950
6.17980
7.78950
8.89700
8.22210
8.52440
8.18230
8.03920
9.28790
6.37850
2.81010
1.96630
2.04820
2.01340
2.75670
2.84450
1.79380
3.07700
2.22940
2.99900
2.74800
3.12570
1.80540
1.52330
2.84780
2.73850
2.62250
3.44950
2.83890
3.74960
4.53780
8.86920
9.66220
7.80800
6.73440
7.78050
9.34730
8.99470
9.77610
7.23780
1.09300
1.21240
1.21180
1.13110
0.66100
1.07210
1.04450
2.10180
0.90470
1.47250
0.63690
1.45590
0.65990
1.17740
0.98140
1.23870
1.27010
1.66830
1.68500
1.31500
2.17700
2.78610
2.11080
1.38510
1.12590
2.83790
2.43820
1.24440
1.62390
2.46430
1.66300
2.76410
2.89550
1.60140
3.01750
2.11260
0.85990
1.42680
1.84420
2.71580
1.87310
2.47630
2.16730
3.38380
3.76880
4.15980
2.08780
3.50120
5.22510
3.10400
8.76880
6.47780
8.08750
7.67200
8.27510
4.61710
8.38380
3.81070
7.19930
6.17020
3.16880
3.19980
2.42230
2.08410
2.39720
3.00600
1.77350
2.33990
2.29250
3.40310
2.60530
2.65220
2.90880
2.53160
3.48900
4.03630
1.39960
3.07580
2.62210
3.36380
-1.48640
-2.70730
-3.68690
-4.43170
-3.40210
-4.71880
-2.50490
-1.83140
-4.27430
-4.07200
-2.96080
-0.77920
-2.05700
-2.90450
-2.98690
-0.46610
-1.10500
-2.19770
-3.05360
-2.80170
-3.96450
-3.28610
-4.67350
-1.43230
-2.78520
-2.10170
-4.32530
-3.70700
-4.10140
-3.80840
-2.42950
-3.38920
-2.78870
-5.17230
-1.63690
-4.97040
-3.98840
-2.43250
-3.77370
-5.63730
-3.47990
-1.72690
-0.90570
-3.30980
-4.79000
-3.69320
-1.94030
-3.88750
-2.92110
-3.88550
-4.59360
-3.58940
-3.44230
-1.40990
-1.63500
-4.80290
-1.45680
-2.98190
-1.55710
-2.59140
-1.66990
-1.50820
-1.09460
-0.88910
-3.46310
-4.29240
-4.94410
-4.63540
-3.56330
-2.11510
-4.43480
-5.50030
-1.10950
-2.33520
-3.02610
-2.97710
-2.27000
-1.06960
-1.59390
-0.83150
-3.04610
-3.15950
-1.34680
-1.70840
0.26000
-0.97450
-1.68240
-0.31830
-0.15110
-2.25290
-2.47980
-1.84480
-1.06410
-1.81150
-0.97280
-0.72670
-0.12940
-3.29520
-1.12280
-4.94790
-2.21790
-3.10810
-4.15670
-3.71430
-3.85640
-2.53920
-4.00290
-2.70860
-4.38750
-3.07020
-3.61720
-3.62030
-3.11230
-2.74000
-4.47910
-4.81010
-3.12240
-1.85670
-2.78050
-0.59280
-3.52150
-0.84300
-0.06830
-2.94870
-2.36570
-2.71440
-3.41370
-3.36840
-2.79530
-3.64620
-2.43850
-3.66990
-3.64990
-4.99000
-2.44840
-3.82540
-4.29400
-3.67380
-1.07580
-2.56370
-3.29750
-3.00950
-2.91410
-3.91940
-1.85910
-2.40140
-1.46370
-3.18670
-3.19460
-0.64390
-1.07350
-1.29270
-2.90050
-3.01540
-3.77980
-3.44920
-1.89700
-3.27180
-3.20870
-2.56390
-2.14640
-4.75950
-4.85620
-3.40970
-3.79470
-3.10030
-3.37560
-3.64070
-2.22070
-0.53260
-3.55490
-2.80240
-2.34660
-3.09690
-2.27740
-3.03670
-3.12380
-3.42150
-0.46820
-3.30630
-2.27730
-3.29710
-3.38790
-2.51870
-4.36970
-3.31730
-2.68580
-3.15950
0.12470
-4.11690
-1.26400
-2.66830
-2.35280
-1.18570
-3.53270
-2.43620
-3.98590
-0.07280
-6.47010
-5.84770
-8.03280
-3.73970
-4.88470
-5.73710
-5.08580
-3.59160
-2.08370
-1.56130
-2.31120
-4.28470
-3.69530
-4.56920
-3.02370
-3.90680
-3.14750
-4.81670
-2.24650
-4.30520
-0.37350
-3.80240
-2.26650
-4.43670
-3.47120
-1.97580
-3.22020
-3.36000
-2.41120
-1.63690
-1.04820
-3.31530
-3.14130
-3.95410
-3.54460
0.03170
-3.04790
-3.03770
-1.50030
-0.34190
-1.78670
-2.75600
-1.81020
-3.03700
-2.48930
-1.07320
-2.87860
-0.87750
-3.26310
-0.85730
-1.92570
-1.85440
-1.33340
-2.13020
-2.07400
-1.56750
-1.94780
-0.51120
-1.49630
-1.72670
-1.44900
-2.65460
-3.16480
-2.31690
-1.43570
-0.48940
-0.22830
-2.23250
-2.51580
-0.77210
-2.26260
-2.58180
-1.69520
-1.43350
-0.55230
-1.89330
-1.99450
-1.91760
-2.30590
-1.88400
-6.43730
-4.20070
-5.67950
-4.79030
-5.89180
-6.35360
-4.66860
-6.89540
-2.73260
-5.76420
-2.83290
-0.18550
-2.06280
-3.41620
-2.69230
-4.58110
-2.77210
-2.98740
-3.75410
-4.36290
-2.70690
-4.55450
-4.30960
-3.35780
-1.78360
-3.46520
-4.08170
-2.57260
-2.69970
-4.70690
-0.24840
-2.70270
-0.17010
-3.64730
-3.77350
-1.63740
-3.08790
-3.32060
-3.34090
-3.20480
-0.88570
-3.08750
-2.66420
-4.04310
-4.20590
0.63850
-3.40030
-5.20210
-3.48320
-1.14970
-1.76050
-1.87960
-2.08100
-1.20570
-2.56390
-1.18740
-0.12060
-1.78160
-2.22720
-2.48000
-3.61100
-2.84320
-5.23380
-3.92270
-4.85640
-4.16450
-5.12150
-6.55170
-4.92980
-4.96170
-3.54790
-3.69090
-0.86270
-3.34270
-3.38220
-1.14380
-1.29740
0.05130
-4.05860
-3.95200
-3.23110
-5.93240
-2.31310
-5.24430
-4.42260
-1.24740
-4.56200
-3.39620
-3.74330
-3.06810
-2.73650
-1.39160
-3.01420
-2.07130
-0.60880
-2.73520
-3.46020
-2.82590
-3.50110
-3.44340
-1.70330
-2.09880
-1.71760
-0.33940
-1.18780
-1.54010
-0.54420
-0.84980
-2.00340
-2.27320
-2.74460
-3.72030
-3.36710
-4.89390
-2.62690
-3.97490
-4.14860
-4.12670
-3.06880
-1.56150
-2.83310
-1.53530
-3.73420
-3.21540
-3.88250
-1.90230
-4.04810
-3.60900
0.43540
-2.75090
-1.55150
-1.50550
-2.36670
-2.14730
-2.21370
-1.05870
-2.30830
-2.92230
-2.40370
0.21100
-2.26460
-1.88840
-1.17590
-3.04900
-1.30960
-4.19680
-3.45930
-3.58460
-2.82800
-2.40280
-3.60940
-0.84490
-3.14370
-3.04670
-3.92280
-3.39860
-2.52560
0.15930
-4.01890
-2.86470
0.88070
-2.69060
-0.42790
-0.66420
-0.50820
-1.69680
0.34510
-2.93890
-2.87320
-0.63930
-3.65520
-3.13800
-3.18590
-4.06570
-4.73320
-4.63340
-4.78310
-5.31360
-4.84230
-1.66460
-2.70400
-5.81080
-5.93660
-3.09800
-5.33820
-5.76080
-2.80500
-8.03880
-7.02260
-4.24420
-4.40610
-1.89310
-4.63150
-4.98880
-4.23460
-2.66940
-4.60790
-3.45590
-6.35540
-3.30260
-2.01900
-1.05060
-3.67540
-2.07580
-0.49290
-4.18250
-0.91030
-4.19930
-3.15540
-2.38380
-1.26220
-0.24000
-2.75320
-3.48270
-3.24300
-1.24010
-3.53830
-2.41950
-2.56500
-1.26730
-6.04850
-3.46890
-4.55400
-4.52230
-3.72440
-4.90190
-4.71000
-4.47270
-5.90430
-1.60730
-2.86300
-4.25860
-1.79300
-4.76660
-1.86630
-3.20310
-3.99590
-3.25300
-0.90600
-1.46430
-1.28830
-3.08730
-1.81570
-2.23490
-2.47520
-3.25230
-0.31160
-4.37790
-1.36270
-2.67860
-3.73570
-0.66500
-0.27130
-3.82200
-2.99180
-4.27790
-2.77780
-3.56990
-3.01350
-2.81890
-3.12340
-2.65650
-1.77790
-2.59170
-2.33140
-1.27300
-1.72860
-0.81440
-3.78510
-5.76200
-4.83530
-5.73270
-6.90650
-6.21180
-5.29390
-1.58850
-1.77930
-3.86480
-5.04100
-4.20300
-6.10180
-1.80200
-5.51840
-6.38180
-3.01470
-7.89010
-5.47820
-5.78810
-2.96290
-0.38580
-4.95120
0.25660
-3.83910
-1.61030
-2.48810
-3.17360
0.02140
-1.81970
-2.38240
-1.40060
0.13030
-0.64410
-2.06950
-0.90310
0.08470
-0.84260
-2.01690
-2.30050
0.97290
-1.47240
-1.31200
-0.05800
-3.44530
-0.94610
-2.76190
-2.51180
-2.94610
-2.76340
-1.09470
-1.17970
-2.72310
-1.53900
-2.60520
-1.97820
-0.78840
-1.54600
-0.68800
-2.75590
-1.91440
-3.39280
-2.83100
-4.00850
-3.11190
-3.41110
-3.61810
-1.88770
-2.54200
-2.96440
-2.96790
-1.20790
-4.22300
-2.77950
-2.53970
-2.55600
-3.19730
-2.46280
-2.06300
-3.03170
-2.68020
-1.62150
-2.59100
-1.19650
-2.28420
-0.08750
-3.14680
-1.28090
-2.86860
-1.85490
-5.71760
-5.76730
-5.64890
-7.96450
-3.55190
-2.42730
-5.21040
-6.66620
-6.48080
-6.71540
-1.44330
-3.70940
-1.21390
-3.23950
-3.44380
-3.41980
-2.69650
-0.74350
-4.15130
-2.48370
-3.80600
-4.88530
-3.41760
-3.80960
-0.89000
-2.20440
-2.87890
-4.15600
-4.79390
-3.90060
-2.84920
-0.36650
-2.50010
-2.86880
-2.74420
-2.62880
-3.37300
-3.12190
-2.96520
-3.86680
-2.15520
-2.09800
-1.54030
-0.62140
-3.23700
-0.97680
-2.46830
-1.11190
-1.46790
-2.40710
-3.19970
-3.35190
-2.87970
-4.42290
-3.17310
-3.85330
-2.14150
-2.42700
-3.98660
-4.50620
-2.88250
-1.98940
-3.61270
-1.53440
-2.00410
-1.41380
-2.50300
-2.46050
-3.46630
-3.07330
-3.32660
-3.66220
-4.16070
-3.00720
-4.09090
-3.04470
-2.40600
-3.95360
-2.38230
-1.60440
-1.10140
-2.41850
-2.50040
-2.85930
-0.82960
0.21920
-0.69470
-0.52860
-2.31190
-1.44030
-1.03120
-0.42130
-1.85350
-1.50230
0.32410
-1.33780
-1.57650
-1.64730
-1.56460
-2.76040
-1.40250
-0.90880
-1.51710
-1.37260
-1.35630
-1.72270
-1.27490
-1.36580
-1.14330
-1.54590
-1.73670
-1.75780
-2.61320
-0.45430
-3.28660
-2.72470
-0.71280
-2.02280
-2.15280
-2.98350
-2.34630
-0.75940
-2.30460
-1.20270
-1.63070
-0.52850
-2.30550
-0.39620
-3.67320
-1.99430
-3.00050
-2.50030
-1.71550
-2.21540
-0.80530
-2.92820
-2.51110
-2.04080
-3.08080
-2.69560
0.29940
-3.99810
-2.41840
-1.93920
1.11390
-3.26490
-0.22140
-1.71840
-3.13970
-2.86820
-1.81690
-1.35720
-2.83990
-1.04020
-1.55500
-0.25610
0.67870
-1.70940
-2.39400
-3.24650
0.38150
-0.65300
-0.06920
-0.48760
-1.06670
-1.76140
0.02870
-0.43070
-0.95750
-1.15380
-3.34060
-3.53840
-1.71570
-1.81230
-1.87670
-2.27850
-3.67440
-3.79310
-2.84040
-1.87680
-2.03760
-1.35200
-2.25190
-2.57610
-1.54640
-2.28290
-0.73750
-0.99250
-0.58660
-2.01810
-2.35210
-0.16390
-1.68530
-1.98420
-1.11190
-2.03050
-0.20780
-1.56970
-2.17960
-2.28040
-2.80910
-2.21520
-2.01720
-1.56890
-3.39510
-1.04430
-3.65440
-4.08670
-3.72620
-4.02180
-3.84480
-0.81100
-3.59610
-1.76990
-0.77080
-2.68200
0.36850
-3.05710
-1.33040
-2.52040
-4.80400
-6.97890
-5.87440
-4.90790
-5.83890
-5.14260
-3.67300
-1.81080
-3.51910
-5.71750
-0.93280
-1.39890
-2.80840
-1.82490
-1.60160
-1.97890
-0.79240
-2.35110
-1.07980
-0.68070
-3.98030
-3.98520
-3.40270
-3.83340
-1.71970
-2.52070
-1.95990
-3.74160
-2.57480
-2.76160
-4.03540
-6.42650
-3.16840
-2.87440
-2.91750
-5.02840
-4.47950
-5.77760
-5.51490
-4.09620
-2.99460
-2.19640
-2.06510
-3.20890
-0.30770
-2.65940
-2.36060
-2.30710
-0.90180
-2.23820
-1.93620
-2.09390
-2.72470
-4.79450
-5.21200
-3.12410
-4.90520
-4.68940
-4.76670
-4.68720
-2.93200
-1.88220
-2.01750
-3.35760
-3.97750
-3.18770
-3.09990
-3.53040
-4.02340
-4.08240
-4.06390
-1.52440
-3.36100
-4.05030
-0.89900
-1.90120
-0.43280
-0.46020
-2.19810
-3.68090
-1.64770
-1.80750
-2.68670
-3.15150
-3.31140
-2.75270
-1.61860
-3.14800
-2.86870
-1.37270
-3.28560
-2.10190
-1.64580
-1.26020
-2.86030
-3.06020
-1.48690
-1.33070
-1.77130
-1.90580
-2.34270
-3.02770
-4.04580
-4.81480
-3.08660
-4.50120
-3.54090
-3.66400
-1.10040
-0.26510
-2.03480
-4.64430
-4.31930
-1.05710
-5.57800
-4.15530
-3.57820
-4.79040
-0.49870
-0.62340
-1.59250
-1.52550
-2.31800
-3.08960
-1.95420
-1.85160
-1.91480
-3.66240
-2.87920
-3.33880
-1.89440
-2.89710
-1.89360
-1.56110
-2.63910
-2.60380
-2.71850
-0.78320
-0.49630
-4.34690
-0.84020
-3.26890
-5.02420
-4.16120
-4.12120
-4.69410
-4.56600
-2.32650
-2.32800
-2.67750
-2.74290
-1.17850
-2.42860
-3.70200
-4.01380
-2.98520
-2.60250
-2.86580
-4.21620
-5.83860
-2.57080
-4.27770
-5.16440
-4.95990
-5.98410
-6.03290
-4.42980
-6.41830
-3.24410
-1.91950
-2.69630
-4.02480
-2.38260
-4.39310
-3.76590
-2.92310
-3.21090
-3.18020
-2.09590
-5.77780
-5.59830
-2.61320
-4.56290
-4.10150
-6.31240
-4.34970
-3.95140
-4.13370
-4.54770
-2.72310
-1.75190
-2.35580
-2.29490
-0.49080
-3.22340
-2.83530
-2.53090
-3.21380
-2.48540
-1.35640
-2.33200
-3.05620
-3.21180
-1.49940
-4.05600
-1.30290
-3.58900
-2.70040
-2.78280
-2.74340
-1.95190
-3.09620
-2.38960
-3.41940
-2.91200
-2.06040
-2.29190
-1.75170
-3.04380
-3.08350
-3.55610
-2.69350
-2.04310
-2.29140
-2.94780
-2.65340
-0.26810
0.09100
-1.51240
-2.49420
-2.98910
-2.07350
-0.68900
-0.88180
-3.18710
-2.85680
-3.94270
-1.91700
-3.16540
-2.63900
-3.30470
-3.83100
-3.30780
-3.57390
-3.48800
-3.64670
-2.78150
-2.84460
-3.88640
-3.20610
-3.75170
-3.31210
-4.22660
-4.39920
-2.97080
-2.69390
-4.54200
-3.75210
-4.80500
-2.83130
-3.23520
-3.16830
-3.08300
-4.32570
-4.82670
-6.02490
-4.61180
-1.55330
-3.65020
-4.41870
-3.56290
-3.64560
-2.19600
-3.64800
-2.78100
-0.82150
-3.48150
-3.63250
-2.52240
-1.72840
-3.07820
-2.77770
-4.17770
-2.62890
-1.38450
-3.70570
-3.37170
-1.00300
-3.05660
-3.67730
-0.55850
-3.25710
-3.65760
-2.27940
-1.54270
-1.91520
-2.85390
-2.84190
-0.51670
-2.25890
-1.95520
-4.94840
-4.59630
-5.12380
-2.64360
-2.09260
-4.59630
-2.22500
-5.54210
-2.55200
-6.15950
-1.68350
-2.36990
-2.52250
-3.26710
-2.18530
-2.69050
-2.31600
-1.64250
-2.18360
-0.11360
-1.73870
-1.58460
-3.52950
-1.00470
-2.78810
-2.98180
-2.51120
-2.00700
-1.75380
-2.44030
-3.15400
-2.78440
-2.24590
-3.50380
-0.91740
-2.93470
-2.77720
-3.80480
-3.28960
-3.05600
-4.04540
-2.89050
-2.67110
-4.36310
-4.85350
-3.14790
-1.14540
-4.57910
-4.38790
-4.03920
-0.14130
-3.61460
-4.33410
-4.97280
-4.04080
-1.76720
-4.23130
-4.08930
-3.62870
-1.67020
-3.45520
-5.60760
-4.16390
-5.34940
-2.83250
-4.07470
-3.21270
-5.30770
-1.48500
-4.31770
-2.48760
-3.74570
-2.94710
-1.56870
-1.22470
-2.44910
-2.38240
-2.55670
-3.49200
-0.67570
-1.03240
-2.42740
-2.76850
-0.40820
-2.91560
-2.67820
-2.17340
-2.12170
-2.07010
-2.58490
-4.11620
-5.60090
-2.83300
-4.09280
-4.40970
-5.45740
-3.70740
-4.22920
-1.84680
-5.17680
-5.38400
-5.52290
-5.72400
-6.43950
-2.78870
-4.54510
-5.16510
-5.32980
-6.13430
-6.04770
-4.23600
-4.28170
-3.34910
-4.29640
-3.89990
-4.27220
-3.97690
-4.28880
-3.39980
-4.02440
-2.72400
-3.66300
-2.55620
-0.43670
-2.07280
-2.13970
-2.16670
-2.27940
-2.06400
-3.56400
-0.83060
-1.02310
-0.68660
-2.68400
-1.00210
-0.26710
-1.41640
-0.64840
-3.25120
-3.16520
-2.45440
-1.54090
-2.21240
-2.14760
-0.88760
-1.59600
-2.10710
-1.46970
-1.94340
-1.38720
-2.54300
-2.31260
-1.84530
-1.70040
-2.78020
-0.65340
-2.42130
-1.67570
-3.01220
-2.06340
-3.42780
-5.90730
-5.44540
-5.15200
-6.24680
-6.93650
-5.02340
-3.42810
-5.73210
-2.54320
-1.84890
-3.28060
-3.01210
-3.88940
-3.52300
-3.73550
-0.84070
-1.38640
-1.49160
-3.06460
-2.31190
-1.01420
-0.24210
-3.91420
-4.21890
-1.50120
-2.71720
-0.32940
-4.14380
-0.55650
-2.42650
-4.38320
-3.84760
-1.52730
-2.68650
-3.35570
-2.41980
-4.26650
-4.12590
-3.20510
-1.52770
-3.04510
-2.84950
-2.64950
-2.76110
-2.67100
-2.03560
-3.23420
-2.86790
-4.28300
-3.42600
-2.81160
-3.68800
-3.72600
-3.79500
-3.03240
-3.72950
-4.08960
-2.61890
-2.02180
-2.50120
-4.49620
-3.47030
-1.46420
-2.39930
-3.99170
-3.70130
-4.01060
-0.71850
-0.81970
-4.52450
-5.46250
-5.04720
-6.28790
-5.90970
-4.67600
-5.76070
-6.05160
-3.61130
-4.66260
-3.57550
-1.62830
-1.72490
-3.10270
0.98720
-2.33410
-2.64460
-4.10460
-2.95550
-1.18180
-1.02900
-3.47290
-3.21760
-3.53800
-3.97780
0.69760
-4.40130
-3.45990
-3.81330
-2.67270
-3.02760
-3.93620
-3.31160
-3.58350
-4.55420
-3.81190
-1.33270
-5.03020
-5.71920
-3.43670
-3.46140
-2.88760
-3.29080
-3.66230
-3.50730
-1.05420
-3.29760
-2.99710
-3.54030
-2.84380
-1.84320
-0.68410
-2.36850
-2.24690
-2.25760
-2.23280
-1.81800
-1.87780
-0.13960
-1.70480
-0.29640
-0.75450
0.09320
-2.00630
-2.48150
-2.36520
-3.07280
-2.34750
-1.01120
-0.85400
-3.06610
-2.50640
-1.74210
-2.86800
-0.25710
-2.13860
-4.10360
-3.04430
-4.04440
-5.27260
-3.45080
-3.72860
-2.64690
-3.03870
-2.53980
-3.26150
-0.42670
-0.06110
-4.25160
-3.05900
-3.41430
-4.45330
-5.65430
0.79710
-3.22450
-4.49310
-1.24620
-4.72320
-3.98420
-1.95980
-0.00220
-3.62220
-3.55510
-4.14560
-1.06250
-4.14550
-4.79100
-4.29360
-3.27840
-4.36300
-3.51000
-0.92060
-4.65420
-3.93230
-4.16740
0.70480
-4.16280
-0.65070
-3.72870
-0.36850
