0.47934
0.33132
0.02656
0.36918
0.42351
0.24963
0.21761
0.35336
0.48694
0.19742
0.39820
0.42445
0.31432
0.39540
0.36578
0.45836
0.25941
0.13008
0.27475
0.73421
0.55391
0.30126
0.35037
0.46783
0.64155
0.58014
0.31800
0.69986
0.83293
0.49753
0.58935
0.81735
0.35428
0.44724
0.61743
0.38930
0.59406
0.30395
0.37083
0.61016
0.27866
0.51989
0.86634
0.38741
0.45838
0.71484
0.63441
0.61605
0.50376
0.60362
0.59605
0.64079
0.53607
0.51935
0.47288
0.75242
0.40533
0.66723
0.42107
0.74854
0.69121
0.65447
0.75530
0.67659
0.62605
0.33869
0.74707
0.60828
0.49307
0.18796
0.31486
0.54732
0.24764
0.50162
0.19274
0.49227
0.39121
0.36540
0.31665
0.20189
0.39888
0.39133
0.47541
0.37623
0.55075
0.27593
0.46329
0.57292
0.44304
0.32218
0.23889
0.33658
0.64884
0.57340
0.17596
0.54028
0.41691
0.62417
0.78612
0.58478
0.46852
0.58825
0.78601
0.70873
0.87444
0.62012
0.54754
0.30932
0.44923
0.18339
0.19083
0.60504
0.49941
0.37037
0.62879
0.39239
0.78742
0.37101
0.55784
0.47315
0.49143
0.18378
0.40677
0.47851
0.70228
0.59851
0.31482
0.61947
0.62631
0.86138
0.48041
0.63945
0.46740
0.35126
0.51222
0.46264
0.42764
0.47655
0.36923
0.26127
0.36648
0.30620
0.41591
0.25109
0.41361
0.11075
0.24685
0.57975
0.13809
0.42726
0.03159
0.34573
0.31115
0.58764
0.46660
0.60112
0.72496
0.64012
0.59844
0.36144
0.63903
0.61553
0.37799
0.46173
0.46966
0.57985
0.52546
0.60520
0.15267
0.29939
0.25627
0.31706
0.40206
0.18845
0.32790
0.15610
0.36792
0.06114
0.33540
0.56842
0.46214
0.30841
0.23816
0.29386
0.34016
0.60636
0.45643
0.48678
0.68715
0.46211
0.53833
0.74106
0.59822
0.26191
0.67615
0.60103
0.60219
0.52311
0.40292
0.50123
0.50696
0.47957
0.44865
0.44956
0.43157
0.68688
0.43630
0.31976
0.30854
0.51417
0.39918
0.24544
0.74585
0.40040
0.25935
0.47448
0.38719
0.36580
0.49728
0.57302
0.65871
0.69393
0.91453
0.74440
0.65381
0.72853
0.64125
0.31150
0.35127
0.29998
0.47127
0.39668
0.45668
0.35719
0.36262
0.58830
0.26646
0.58188
0.46659
0.56594
0.39545
0.61474
0.44722
0.58062
0.48118
0.49861
0.29332
0.43822
0.31513
0.14189
0.03594
0.19616
0.23225
0.58508
0.39792
0.03976
0.08426
0.36671
0.13783
0.17299
0.41475
0.21337
0.37342
0.41780
0.53597
0.32425
0.19929
0.37324
0.08765
0.15696
0.43175
0.22497
0.50745
0.65889
0.30795
0.15897
0.39064
0.34178
0.54439
0.49967
0.48788
0.53867
0.61019
0.72409
0.70798
0.51447
0.40722
0.71547
0.49424
0.18481
0.50116
0.54481
0.16002
0.07495
0.49447
0.21386
0.25266
0.14689
0.48973
0.74287
0.28519
0.24527
0.38044
0.62440
0.26513
0.18879
0.40788
0.43554
0.28942
0.42690
0.68841
0.28816
0.48697
0.32275
0.30492
0.46774
0.42749
0.32061
0.17147
0.63299
0.46268
0.36775
0.55161
0.21555
0.52549
0.55021
0.46566
0.48360
0.47181
0.24955
0.54716
0.59849
0.56340
0.39108
0.30442
0.64764
0.51996
0.54578
0.53712
0.07566
0.65086
0.44860
0.59825
0.43933
0.05158
0.28549
0.27192
0.20169
0.52848
0.62006
0.62963
0.62669
0.69983
0.73711
0.61816
0.51240
0.57953
0.72599
0.35480
0.46892
-0.22953
0.49336
0.42651
0.34093
0.36295
0.56541
0.58762
0.88457
0.66871
0.53001
0.87003
0.67346
0.66235
0.69931
0.86362
0.50918
0.86091
0.71038
0.48586
0.17351
0.36953
0.29258
0.51479
0.24582
-0.02469
0.42154
0.32744
0.32650
0.59192
0.63212
0.74675
0.97175
0.37051
0.72248
0.54349
0.81505
0.64854
0.82782
0.50389
0.36328
0.05828
0.19945
0.19837
0.44392
0.18999
0.53530
0.41930
0.60240
0.48163
0.42226
0.57174
0.38230
0.53589
0.52694
0.40564
0.70458
0.30815
0.18697
0.33115
0.52462
0.43131
0.58548
0.54401
0.99544
0.31738
0.61199
0.53909
0.43264
0.58331
0.52498
0.51265
0.56374
0.48465
0.58925
0.76648
0.57536
0.63163
0.51893
0.37991
0.32155
0.54813
0.53501
0.22524
0.37989
0.25269
0.52430
0.32041
0.65604
0.55195
0.52469
0.48818
0.45448
0.60071
0.62034
0.54927
0.59672
0.45258
0.40961
0.40733
0.60158
0.44307
0.51559
0.58222
0.34444
0.46869
0.36428
0.52201
0.51455
0.55517
0.56651
0.50489
0.50474
0.47885
0.24285
0.47185
0.60462
0.59413
0.72784
0.29134
0.18475
0.64263
0.45293
0.37723
0.45311
0.63869
0.36695
0.78881
0.56645
0.58825
0.26716
0.68735
0.59445
0.62533
0.29737
0.52007
0.51513
0.55824
0.54653
0.56227
0.57589
0.46141
0.71831
0.49496
0.65636
0.46067
0.78093
0.54402
-0.01831
0.07909
0.38170
0.42724
0.31132
0.48751
0.43290
0.61649
0.25955
0.53169
0.54516
0.31658
0.65054
0.02027
0.45907
0.34105
0.41438
0.41566
0.42510
0.30156
0.78014
0.66238
0.71160
0.73925
0.79418
0.48447
0.63107
0.51337
0.54707
0.21054
-0.05899
0.04180
0.43735
0.48965
0.19271
0.33076
0.34039
0.15565
0.09624
0.44094
0.59677
0.47914
0.48561
0.62107
0.47238
0.53415
0.61609
0.47455
0.49366
0.75216
0.66599
0.64657
0.51866
0.70720
0.59304
0.28147
0.51074
0.35509
0.58334
0.54427
0.48161
0.63708
0.48045
0.80231
0.58254
0.50578
0.52271
0.15064
0.38992
0.59679
0.29422
0.17941
0.37446
0.20289
0.28311
0.22650
0.10452
0.32183
0.13771
0.47836
0.32373
0.64000
0.57821
0.33192
0.25659
0.27977
0.33233
0.30570
0.27723
0.23463
0.41323
0.13187
0.16333
0.36288
0.25520
0.24179
0.24896
0.37697
0.43473
0.34180
0.25257
0.35052
0.48028
0.20301
0.40437
0.38083
0.43091
0.10388
0.54161
0.43607
0.03633
0.35924
0.30684
0.13494
0.03541
0.43503
0.12742
0.44137
0.20017
0.32157
0.54887
0.37250
0.50446
0.41618
-0.21258
0.11519
0.11479
0.23619
0.31334
0.61431
0.50871
0.75847
0.61295
0.65797
0.40385
0.79241
0.66899
0.62340
0.65477
0.13039
0.52509
0.16110
0.04060
0.31305
0.21873
0.36978
0.21848
0.27876
0.34622
0.68135
0.66247
0.77501
0.73007
0.52407
0.24485
0.42909
0.37197
0.75566
0.70905
0.69989
0.44156
0.53994
0.71521
0.57985
0.60509
0.57466
0.51275
0.42699
0.65469
0.57565
0.37955
0.65645
0.24732
0.78308
0.71378
0.70640
0.58821
0.50683
0.61692
0.31421
0.34678
0.28543
0.58316
0.46102
0.24808
0.44903
0.40363
0.38553
0.37140
0.19380
0.00902
0.38405
0.19171
0.35767
-0.14923
0.22931
0.32417
0.20552
0.27886
0.51009
0.68583
0.56061
0.26725
0.55386
0.54367
0.15377
0.75288
0.29848
0.41564
0.33451
0.14888
0.21265
0.49793
0.44425
0.43284
0.22863
0.56386
0.37495
0.25492
0.14600
0.45177
0.47539
0.35510
0.33060
0.33626
0.64608
0.49391
0.59077
0.32402
0.51598
0.50036
0.49662
0.25408
0.53246
0.11380
0.40491
0.29690
0.32709
0.19071
0.48545
0.58257
0.46085
0.37131
0.69052
0.49525
0.23572
0.42610
0.48786
0.57427
0.02438
-0.00548
-0.00368
0.24683
0.17664
0.57164
0.65281
0.42433
0.11155
0.56706
0.21706
0.26129
0.13780
0.05697
0.13347
0.23333
0.31871
0.17125
0.18790
0.14160
0.36548
0.48933
0.30340
0.39795
0.46146
0.64304
0.65846
0.50536
0.56182
0.42055
0.04927
0.50087
0.12734
0.38969
0.39434
0.60101
0.39856
0.64291
0.70503
0.59072
0.34672
0.60476
0.42664
0.44601
0.23572
0.30120
0.16663
0.29788
0.47548
0.14486
0.34152
0.46855
0.41488
0.57459
0.30090
0.25812
0.47022
0.49330
0.37553
0.00806
0.30464
0.43360
0.47804
0.36713
0.62145
0.48645
0.29039
0.36952
0.32638
0.17456
0.29330
0.43924
0.54009
0.25191
0.21858
0.46070
0.26283
0.26736
0.49667
0.27322
0.87486
0.84819
0.55159
0.62700
0.68194
0.13531
0.55801
0.60622
0.16062
0.73273
0.18258
0.44547
0.40415
0.71936
0.26720
0.20089
0.53956
0.53499
0.62587
0.05206
0.47904
0.64788
0.42636
0.68696
0.66177
0.63198
0.63094
0.33527
0.68165
0.60989
0.26550
0.46067
0.25907
0.16805
0.32733
0.33025
0.00456
0.40516
0.21797
0.34964
0.34089
0.34192
0.23613
0.25802
0.28241
0.21312
0.28485
0.46151
0.30980
0.38245
0.56645
0.58800
0.24145
0.36320
0.35478
0.40896
0.51084
0.47595
0.23629
0.35286
0.68935
0.55162
0.72238
0.71861
0.55970
0.90521
0.47443
0.52401
0.41429
0.83841
0.49464
0.39923
0.26425
0.23966
0.25103
0.23076
-0.00401
0.48998
0.44956
0.36967
0.57232
0.18690
0.49077
0.28497
0.28458
0.28233
0.52317
0.39037
0.36183
0.17531
0.78343
0.63463
0.49156
0.49231
0.42556
0.32505
0.48630
0.57057
0.19419
0.47843
0.47016
0.68290
0.63464
0.33745
0.35599
0.31257
0.72893
0.76243
0.65026
0.44700
0.50159
0.62077
0.74542
0.46328
0.29334
0.42824
0.43005
0.54498
0.51558
0.37443
0.19354
0.49000
0.42353
0.53518
0.33052
0.40367
0.50083
0.45255
0.66324
0.38253
0.20512
0.52573
0.45626
0.11190
0.43033
0.59102
0.46113
0.55900
0.50672
0.56437
0.04117
0.32809
0.19184
0.26341
0.24173
0.38643
0.70805
0.15401
0.47789
0.35857
0.36032
0.37919
0.60705
0.66302
0.47921
0.15445
0.38091
0.11240
0.87334
0.54538
0.51919
0.54371
0.70192
0.50502
0.53989
0.63893
0.68386
0.30561
-0.01783
0.02393
0.06822
0.06714
0.13380
-0.03527
0.10236
0.14519
-0.13839
-0.04221
0.44730
0.31185
0.31662
0.29077
0.42955
0.36558
0.47540
0.51132
0.23616
0.22327
0.50810
0.47763
0.50156
0.39730
0.28509
0.45830
0.40253
0.38673
0.41729
0.05302
0.31128
0.62953
0.79868
0.29285
0.80513
0.45228
0.52070
0.65708
0.77221
0.75868
0.70403
0.33534
0.25304
0.32927
0.33041
0.28988
0.23360
0.46919
0.41761
0.39273
0.19590
0.34202
0.60197
0.25288
0.49462
0.56755
0.12099
0.03446
0.28105
0.09704
0.20504
0.41142
0.32960
0.13053
0.34240
0.26253
0.02364
0.16051
0.14396
0.14619
0.22574
0.24138
0.28690
0.28702
0.34625
0.54617
0.17661
0.29809
0.47779
0.62873
0.36856
0.26027
0.17608
0.61239
0.34357
0.24627
0.60706
0.62186
0.18297
0.52116
0.47540
0.49615
0.57302
0.28335
0.30408
0.23189
0.42791
0.16282
0.38866
0.20999
0.33899
0.21026
0.47267
0.43840
0.74168
0.67067
0.43753
0.68903
0.55438
0.62374
0.65059
0.45525
0.46451
0.59463
0.70815
0.45120
0.41597
0.33433
0.42568
0.67506
0.35453
0.56131
0.35328
0.45936
0.21024
0.13689
0.43303
0.22527
0.36536
0.23069
0.23002
0.44845
0.44748
0.05407
0.07804
0.40294
0.43365
0.23881
0.51479
0.17355
0.41989
0.57410
0.29406
0.51153
0.71194
0.32293
0.82354
0.73718
0.66218
0.57546
0.38199
0.56682
0.53320
0.43094
0.41020
0.33817
0.60141
0.41817
0.73236
0.60175
0.77760
0.63771
0.61578
0.37582
0.27340
0.26791
0.35300
0.62384
0.55838
0.43384
0.24918
0.50592
0.41455
0.30119
0.30112
0.62407
0.36905
0.42383
0.39104
0.52954
0.62358
0.51814
0.57126
0.50740
0.52768
0.53843
0.48114
0.35392
0.30140
0.43199
0.55632
0.47024
0.55106
0.63927
0.14357
0.26898
0.55062
0.29281
0.33134
0.58556
0.46744
0.61003
0.55081
0.82663
0.25525
0.35768
0.46756
0.36773
0.47005
0.46272
0.50516
0.48208
0.37094
0.62599
0.32521
0.11224
0.60727
0.26105
0.41779
0.37848
0.49555
0.44780
0.74221
0.53052
0.31373
0.35235
0.13617
0.42482
0.23644
0.41451
0.54123
0.17074
0.28807
0.44546
-0.02777
-0.16610
0.21048
0.24022
0.09899
0.23912
0.24064
0.18433
0.31208
0.63050
0.62404
0.46849
0.59130
0.32182
0.41796
0.45128
0.47135
0.29047
0.16240
0.57324
0.37135
0.41812
0.48427
0.33308
0.45505
0.39597
0.49490
0.54705
0.54946
0.65596
0.52740
0.46925
0.47446
0.50078
0.29570
0.32043
0.43883
0.23800
0.46775
0.45575
0.40647
0.65900
0.03391
0.16876
0.42801
0.27818
0.34779
0.44681
0.08367
0.24415
0.42722
0.28911
0.76985
0.65677
0.50219
0.52456
0.43123
0.35867
0.57385
0.43553
0.50087
0.43453
0.55121
0.33378
0.52143
0.60066
0.65409
0.16359
-0.09409
0.18787
0.31559
0.48769
0.14724
0.11410
0.23223
0.37936
0.20147
0.21623
0.37768
0.24593
0.33847
0.30087
0.53616
0.49058
0.41475
0.33412
0.13061
0.43707
0.36060
0.26160
0.31137
0.62089
0.35539
0.36629
0.44743
0.42227
0.38238
0.17703
0.55397
0.31528
0.26966
0.46034
0.31754
0.43882
0.36818
0.38922
0.44365
0.56141
0.30643
0.25715
0.12433
0.43702
0.26021
0.27747
0.40610
0.35268
0.36106
0.47861
0.42412
0.03894
0.12945
0.12644
-0.06029
0.09290
-0.07272
0.12810
0.29791
0.10562
0.08262
0.28484
0.44541
0.61668
0.78560
0.51932
0.49804
0.15400
0.37941
0.42457
0.43206
0.26751
0.23134
0.31350
0.11910
0.06990
0.31191
0.47824
0.53393
0.33019
0.87063
0.49759
0.57664
0.52483
0.59909
0.52415
0.63039
0.67012
0.65963
0.35787
0.44644
0.91425
0.60903
0.69883
0.54432
0.29449
0.64963
0.55395
0.47561
0.49614
0.58401
0.60664
0.57200
0.35583
0.45289
0.67358
0.44065
0.55069
0.56688
0.57939
0.54676
0.73011
0.82916
0.51326
0.55561
0.67581
0.54824
0.59972
0.44018
0.63021
0.63372
0.55911
0.12888
0.45099
0.22198
0.14402
-0.25474
0.23006
0.26717
0.39448
0.09024
0.10589
0.09102
-0.03417
0.35539
0.24731
0.31394
0.13961
0.37143
0.47325
0.25758
0.67335
0.40208
0.25680
0.22341
0.11891
0.74103
0.49429
0.29778
0.44827
0.53554
0.38753
0.41574
0.28301
0.05159
0.44347
0.25082
0.09604
0.22092
0.21908
0.26623
0.24535
0.25412
0.40061
0.34744
0.48969
0.67092
0.42657
0.59471
0.68297
0.59520
0.70762
0.07224
0.71174
0.35596
0.15609
0.47569
0.58096
0.14431
0.42714
0.14570
0.14683
0.51631
0.41702
0.39216
0.36162
0.72725
0.28118
0.46804
0.35977
0.35061
0.60895
0.46393
0.46439
0.46709
0.69281
0.36764
0.00040
0.48713
0.66247
0.42697
-0.42600
-0.24300
-0.66500
-0.44600
-0.55300
-0.43700
-0.16000
-0.35500
-0.32500
-0.64200
-0.51100
-0.23100
-0.62500
-0.50000
0.01500
-0.09900
-0.23100
-0.46200
-0.36500
-0.39400
-0.43700
-0.26600
-0.61200
-0.05100
-0.45000
-0.08600
-0.49000
-0.54500
-0.42100
-0.52100
-0.33100
-0.23300
0.15400
-0.58500
-0.34700
-0.44700
-0.34500
-0.35500
-0.58700
-0.66900
-0.78600
-0.38500
-0.21900
-0.34500
-0.75300
-0.60100
-0.31200
-0.37200
-0.57100
-0.60800
-0.93200
-0.50200
-0.61800
-0.24500
-0.29000
-0.68300
-0.48700
-0.43600
-0.54300
-0.24400
-0.30000
-0.46700
0.00500
-0.19000
-0.61600
-0.69500
-0.59600
-0.47100
-0.52100
-0.10000
-0.33300
-0.63200
-0.10400
-0.42000
-0.47400
-0.26000
-0.39800
-0.26200
-0.08600
-0.30300
-0.44900
-0.44200
-0.23800
-0.27900
0.05736
-0.26900
-0.35700
-0.07900
0.14400
-0.59600
-0.51300
-0.36300
-0.19800
-0.44100
-0.08900
-0.05500
-0.07600
-0.64400
-0.21100
-0.68100
-0.11700
-0.42500
-0.72800
-0.42900
-0.74300
-0.26500
-0.53800
-0.14300
-0.43300
-0.44500
-0.31100
-0.19800
-0.28400
0.38000
-0.58600
-0.47200
-0.42700
-0.37900
-0.52800
-0.09100
-0.37300
-0.04000
0.03600
-0.28200
-0.41200
-0.44000
-0.43700
-0.52200
-0.15700
-0.33900
-0.39300
-0.54600
-0.34700
-0.64100
-0.15400
-0.54800
-0.53500
-0.66300
-0.20600
-0.68300
-0.41700
-0.51100
-0.63700
-0.60300
-0.44900
-0.00500
-0.34700
-0.47200
-0.51600
-0.13900
0.11400
-0.48600
-0.45000
-0.48100
-0.39200
-0.42300
-0.29900
-0.47400
-0.52700
-0.43000
-0.37100
-0.54500
-0.62600
-0.41000
-0.51900
-0.40600
-0.39500
-0.64100
-0.34200
0.16968
-0.31400
-0.42400
-0.39900
-0.40200
-0.10200
-0.33900
-0.36300
-0.49500
-0.00100
-0.59600
-0.33100
-0.68700
-0.56100
-0.59300
-0.78500
-0.62800
-0.63800
-0.54800
0.12086
-0.36200
-0.28400
-0.37100
-0.14100
0.27200
-0.58500
-0.24400
-0.40900
-0.10300
-0.44900
-0.37800
-0.60900
-0.46600
-0.39700
-0.65800
-0.63600
-0.54800
-0.46000
-0.10900
-0.56200
-0.54300
-0.61800
-0.77400
-0.29400
-0.49100
-0.21200
-0.68400
-0.52000
-0.62600
-0.15400
-0.18300
-0.44800
-0.49200
-0.36700
-0.45300
-0.51200
-0.49800
-0.56100
-0.18600
-0.07800
-0.43300
-0.35000
-0.42900
-0.31300
-0.01600
-0.48100
-0.17800
0.16600
-0.17300
-0.38600
-0.23400
-0.28300
-0.31300
-0.46500
-0.15800
-0.33900
-0.15900
-0.34500
-0.02700
-0.12300
-0.42200
-0.37400
-0.21200
-0.18500
-0.14800
0.10447
0.08300
-0.40300
-0.19100
-0.42600
-0.29100
-0.53600
-0.27800
-0.16200
-0.32400
0.07973
-0.37100
-0.49800
-0.20200
-0.37000
-0.37500
0.16300
-0.26000
-0.16200
-0.21200
-0.37500
-0.51300
-0.31800
-0.41100
-0.56100
-0.52700
-0.52300
-0.56000
-0.67600
-0.50100
-0.32100
-0.68900
-0.21900
-0.54800
-0.26300
0.05800
-0.17100
-0.28400
-0.15400
-0.71100
-0.19200
-0.62900
-0.65900
-0.60600
-0.27600
-0.37300
-0.42700
-0.49800
-0.40200
-0.38400
-0.71300
-0.40400
-0.51200
-0.79400
-0.15100
0.16500
-0.11700
-0.52200
-0.27300
-0.21700
-0.55400
-0.34100
-0.49500
-0.51200
-0.43400
-0.24000
-0.43100
-0.28200
-0.31700
-0.01300
-0.56300
-0.38600
-0.23500
-0.16300
-0.46400
-0.50500
-0.67300
-0.01700
-0.61300
-0.18100
-0.18200
-0.56500
-0.68600
-0.68700
-0.36600
-0.30200
-0.22800
-0.23700
-0.19500
-0.23900
-0.81200
-0.48100
-0.64900
-0.50700
-0.49600
-0.59700
-0.01300
-0.59500
-0.40800
-0.06200
-0.19400
0.19908
-0.52700
-0.70700
-0.43900
-0.43600
0.06000
-0.76600
-0.49600
-0.21900
-0.53300
-0.32200
-0.41300
-0.38700
-0.35800
-0.08200
-0.29200
-0.51100
-0.14300
-0.53200
-0.40600
-0.54100
-0.36500
-0.59700
0.08718
-0.43400
-0.30500
-0.28200
-0.24800
-0.42900
-0.16300
-0.22700
-0.26000
-0.32700
-0.31300
-0.48600
-0.45500
-0.51000
-0.40000
-0.61800
-0.60000
-0.54900
-0.41500
-0.25100
-0.43300
-0.46700
-0.61500
-0.47200
-0.68700
-0.18300
-0.31100
-0.42400
-0.09700
-0.13900
-0.30800
-0.19600
-0.25100
-0.22300
-0.43000
-0.18200
-0.36500
-0.36900
-0.49900
0.04790
-0.57200
-0.28800
-0.14800
-0.50800
0.05919
-0.47000
-0.70100
-0.48200
-0.54700
-0.55000
-0.61500
-0.31000
-0.56000
-0.52100
-0.48400
-0.57300
-0.43100
-0.02200
-0.76000
-0.36500
0.29226
-0.67400
0.06638
-0.05000
-0.16700
-0.07600
0.07796
-0.66900
-0.64300
-0.13000
-0.50000
-0.30800
-0.42700
-0.41000
-0.78200
-0.51100
-0.48700
-0.73100
-0.74900
0.19000
-0.42700
-0.40000
-0.67700
-0.25500
-0.50400
-0.62700
-0.44200
-0.54400
-0.55400
-0.42200
-0.56800
-0.35200
-0.55300
-0.58800
-0.42900
-0.16200
-0.41300
-0.55500
-0.70300
-0.46700
-0.48700
-0.17400
-0.44800
-0.33000
-0.20900
-0.95300
-0.07200
-0.64100
-0.48600
-0.60800
-0.29600
-0.06100
-0.27200
-0.64000
-0.58200
-0.24600
-0.62400
-0.50600
-0.66700
-0.00500
-0.59900
-0.67700
-0.63800
-0.24100
-0.61300
-0.28000
-0.48000
-0.65200
-0.50000
-0.01600
-0.39300
-0.71500
-0.51300
-0.37600
-0.30100
-0.50000
-0.33700
-0.49900
-0.05900
-0.11100
-0.45000
-0.24800
-0.10300
-0.29900
-0.30300
-0.35300
-0.01100
-0.53600
-0.26500
-0.40500
-0.47800
-0.22700
0.13400
-0.29800
-0.56100
-0.70600
-0.28500
-0.55500
-0.53600
-0.60500
-0.57400
-0.38300
-0.37800
-0.50800
0.23900
-0.25100
-0.08400
-0.14100
-0.77300
-0.29700
-0.36200
-0.61100
-0.23500
-0.46700
-0.38900
-0.55800
-0.12800
-0.38600
-0.58900
-0.09100
-0.46900
-0.48600
-0.44000
-0.48800
-0.22800
-0.43300
-0.65500
-0.41100
-0.43400
-0.08500
-0.69000
0.08721
-0.53400
-0.35000
-0.41600
-0.69700
-0.18600
-0.48800
-0.38800
-0.41900
-0.14400
-0.12800
-0.61700
-0.44300
-0.02500
-0.36200
-0.62400
-0.55300
0.07011
-0.25000
-0.38400
0.10416
-0.66400
0.03100
-0.07100
-0.39200
-0.37600
-0.40700
-0.22800
-0.31400
-0.49200
0.02900
0.11165
0.06418
-0.31800
-0.11600
-0.01500
-0.17000
-0.30400
-0.41100
-0.38800
-0.46900
-0.44400
-0.19300
-0.33900
-0.29200
-0.33300
-0.19400
-0.17300
0.11500
-0.23700
-0.19900
-0.26300
-0.39900
-0.28500
-0.05700
-0.02100
-0.36300
-0.48600
-0.20000
-0.42400
-0.31400
-0.59000
-0.11600
-0.37100
-0.46500
-0.43700
-0.44800
-0.56600
-0.37700
-0.41600
-0.69500
-0.50600
-0.17600
-0.57300
-0.52200
-0.77700
-0.61700
-0.20500
-0.53400
-0.35700
-0.43000
-0.57800
-0.64100
-0.44000
-0.22400
-0.57200
-0.54500
-0.55900
-0.50600
-0.53400
-0.40300
-0.12600
-0.52800
-0.37000
-0.40700
-0.52900
-0.39400
-0.40700
0.04200
-0.38700
-0.42500
-0.37600
-0.16700
-0.45700
-0.30100
-0.53600
-0.44600
-0.51200
-0.37400
-0.27800
-0.32300
-0.41600
0.01700
-0.38200
-0.16000
-0.20600
-0.33500
-0.60200
-0.49100
-0.44200
-0.50500
-0.49000
-0.50000
-0.43100
-0.35900
-0.59600
-0.64600
-0.41200
-0.50000
-0.25100
-0.23800
-0.16600
-0.14900
-0.40900
-0.41400
-0.48400
-0.43700
-0.34600
-0.56800
-0.45100
-0.17500
-0.54400
-0.47700
-0.40700
-0.40600
-0.30600
-0.19700
-0.14300
-0.41700
-0.49100
-0.49000
-0.23700
0.05961
0.08000
0.05153
-0.48400
-0.25900
-0.39400
-0.18100
-0.39200
-0.27800
-0.02100
-0.45100
-0.25200
-0.51200
-0.17000
-0.32700
-0.18600
0.05911
0.04577
-0.00900
0.07200
-0.11000
0.21840
0.08200
-0.26500
0.24900
-0.16400
-0.33800
-0.56000
-0.25300
-0.58300
-0.45600
-0.07100
-0.57700
-0.47100
-0.40100
-0.36600
-0.15700
-0.37200
-0.40400
-0.40500
-0.50600
-0.42000
0.03400
-0.72500
-0.19800
-0.50500
-0.49200
-0.23000
-0.44400
-0.07600
-0.43400
-0.36800
-0.27500
-0.48100
-0.55600
0.08007
-0.59000
0.21500
-0.45300
0.13698
-0.55700
0.22100
-0.27100
-0.63800
-0.26400
-0.60200
-0.45000
-0.57400
0.02100
-0.47800
0.08100
0.13938
-0.46500
-0.45600
-0.30500
0.14500
0.06400
0.05900
-0.22000
-0.22400
-0.35500
-0.42400
0.01200
-0.39200
-0.29900
-0.73300
-0.48100
0.04500
-0.51700
-0.22300
-0.50000
-0.36000
-0.59000
-0.66700
-0.61000
-0.38600
-0.23500
-0.66600
-0.53700
-0.29200
-0.50600
-0.18000
-0.30700
-0.03100
-0.54300
-0.56600
0.00900
-0.16300
-0.36200
-0.34600
-0.15100
0.00700
-0.27700
-0.39600
-0.40600
-0.44000
-0.47400
-0.43100
-0.38200
-0.53300
-0.05200
-0.60900
-0.58100
-0.46700
-0.66300
-0.41300
-0.33600
-0.65500
-0.25800
-0.32200
-0.44900
-0.04900
-0.48600
-0.20400
-0.48800
-0.62700
-0.63000
-0.53800
-0.65700
-0.59600
-0.42000
-0.66000
-0.21900
-0.65300
-0.58900
0.00900
-0.19800
-0.38100
-0.43700
-0.28400
-0.20900
-0.49600
-0.46000
-0.38400
-0.08100
-0.60400
-0.49800
-0.55100
-0.42500
-0.05900
-0.33400
-0.35600
-0.45900
-0.19100
-0.48200
-0.34300
-0.59500
-0.70700
-0.16600
-0.48800
-0.66300
-0.32100
-0.83500
-0.78100
-0.69400
-0.52300
-0.53400
-0.24000
-0.30100
-0.16800
-0.49900
-0.62400
-0.19000
-0.09100
-0.35100
-0.18700
-0.38700
-0.55600
-0.74000
-0.64300
-0.14700
-0.56900
-0.44600
-0.54100
-0.52200
-0.32700
-0.25600
-0.14400
-0.43200
-0.60600
-0.61600
-0.28600
-0.64500
-0.66000
-0.74400
-0.42900
-0.31000
-0.53400
-0.43300
0.12069
-0.21300
0.04700
-0.17600
-0.48100
-0.51400
-0.31600
-0.26200
-0.56500
-0.65000
-0.43000
-0.59800
-0.26900
-0.55700
-0.44300
-0.33400
-0.47800
-0.33100
-0.26600
-0.20300
-0.42900
-0.42100
-0.37900
-0.29800
-0.37000
-0.43000
-0.19000
-0.46000
-0.41900
-0.26700
-0.35300
-0.48300
-0.19300
-0.23900
-0.27800
-0.19400
-0.55900
-0.38100
-0.56500
0.09900
-0.35300
-0.19000
-0.43700
-0.67600
-0.25300
-0.15800
-0.61500
-0.50500
-0.33600
-0.39700
0.26000
-0.20600
-0.16000
-0.62300
-0.41100
-0.55000
-0.41400
-0.45100
-0.29000
0.01000
-0.38200
-0.21700
-0.31400
-0.07900
-0.34900
-0.45600
-0.35500
-0.41700
-0.65700
-0.50100
-0.65000
-0.58100
-0.42300
-0.16000
-0.56500
-0.29000
-0.39800
0.09314
-0.25400
-0.24300
-0.20100
-0.45400
-0.49300
-0.39700
-0.33600
-0.61800
-0.49000
-0.40600
-0.54600
-0.42900
-0.40500
-0.54200
-0.44100
-0.73900
-0.58100
-0.37900
-0.22700
-0.48400
-0.27000
-0.64800
-0.55900
-0.47900
-0.42000
-0.36100
-0.17800
-0.62800
-0.69100
-0.14700
-0.43200
-0.47900
-0.61600
-0.48400
-0.21200
-0.51900
-0.39500
-0.48600
-0.44000
-0.29200
-0.51400
-0.08500
-0.76700
-0.50700
-0.58000
-0.52200
-0.48500
-0.04600
-0.49800
-0.24200
-0.28000
-0.18500
-0.49600
-0.18100
-0.42400
-0.40700
-0.44200
-0.43400
-0.35300
-0.46300
-0.49300
-0.34000
-0.60300
-0.43700
-0.34200
0.10100
-0.25000
-0.12600
-0.57300
-0.15200
0.14000
-0.33600
-0.50100
-0.47500
-0.24900
0.06731
-0.07400
-0.38400
-0.58600
-0.31900
0.02400
-0.19300
-0.17100
-0.35100
-0.67000
-0.25200
-0.34500
-0.10300
-0.27200
-0.55400
-0.38100
-0.77500
-0.33400
-0.55100
-0.32300
-0.40600
-0.49700
-0.53400
-0.62100
-0.47300
-0.65600
-0.55300
-0.08800
-0.59600
-0.62000
-0.54000
-0.82400
-0.52500
-0.36100
-0.33700
-0.65700
-0.81600
-0.73600
-0.95700
-0.76200
-0.19000
-0.63900
-0.25100
-0.46800
-0.27200
-0.25900
-0.42800
0.07176
0.15845
-0.10400
-0.47900
-0.18100
-0.22900
-0.41000
-0.46400
-0.64100
-0.35900
-0.37100
-0.77800
-0.32500
-0.19900
-0.38000
-0.33900
-0.36400
-0.74700
-0.76100
-0.29400
-0.09600
-0.45900
-0.52000
-0.59700
-0.00500
-0.54600
-0.43600
-0.56400
-0.36900
-0.52400
-0.23000
-0.37500
-0.28700
-0.10800
-0.43200
-0.41900
-0.50400
-0.33500
-0.15900
-0.54000
-0.49800
-0.18300
-0.37500
-0.49900
-0.36700
-0.62300
0.07600
-0.26300
-0.27200
-0.37500
0.19300
-0.36000
-0.50800
-0.23000
-0.19700
-0.37600
-0.31200
-0.47000
-0.38600
-0.41200
-0.65200
-0.36800
-0.35500
-0.51000
-0.75900
-0.70900
-0.70500
-0.30200
0.13300
-0.54500
-0.35400
-0.63300
-0.35300
-0.35300
-0.29200
-0.58100
-0.48500
-0.16000
0.22100
-0.36600
-0.52400
-0.59800
-0.33700
-0.51900
-0.47700
-0.62800
-0.42300
-0.42400
-0.31600
-0.33900
-0.56700
-0.15200
-0.48100
-0.54200
-0.43400
-0.43500
-0.64600
-0.29300
-0.43400
-0.33500
-0.24400
-0.05900
-0.30500
-0.34400
-0.27900
-0.51400
-0.27200
-0.10200
-0.21100
-0.36300
0.11357
-0.16200
-0.41800
-0.44200
-0.48900
-0.36500
-0.29200
-0.69200
-0.40800
-0.65400
-0.57300
-0.67300
-0.47800
-0.58000
-0.57700
-0.17200
-0.24900
-0.37300
-0.62000
-0.67100
-0.71500
-0.34100
-0.83600
-0.76700
-0.79000
-0.57500
-0.66600
-0.56300
-0.44100
-0.38600
-0.59100
-0.62600
-0.44600
-0.45700
-0.38800
-0.40600
-0.61300
-0.43200
-0.53900
-0.17400
0.13223
-0.21800
0.00800
-0.18000
-0.30900
-0.21700
-0.54500
-0.21000
-0.19100
0.00700
-0.19700
-0.08700
-0.17800
-0.02400
-0.19900
-0.56000
-0.55800
-0.69700
-0.58900
-0.61800
-0.62400
-0.11100
-0.48700
-0.72300
-0.31700
0.09900
-0.02900
-0.43400
-0.01100
-0.08200
-0.03500
-0.41000
-0.17200
-0.41300
-0.37300
-0.55800
-0.64800
-0.40400
-0.25000
-0.36500
-0.29100
-0.48800
-0.30200
-0.58200
-0.70700
-0.37800
-0.05900
-0.50900
-0.39300
-0.40200
-0.44000
-0.31000
-0.46900
-0.46300
-0.45400
-0.21800
-0.23200
-0.41300
-0.34000
-0.21700
-0.66300
-0.55900
-0.29400
-0.36500
-0.16700
-0.44300
-0.12300
-0.17400
-0.69900
-0.52000
-0.30900
-0.10600
-0.50000
-0.54300
-0.13800
-0.63200
-0.22600
0.04900
-0.40300
-0.31900
-0.15900
-0.50000
-0.21000
-0.24300
-0.34200
-0.25700
-0.49600
-0.57900
-0.47300
-0.46800
-0.38800
-0.45100
-0.43400
-0.45000
-0.47100
-0.33100
-0.09400
-0.32900
-0.43600
-0.19200
-0.42100
-0.42000
-0.52000
-0.33700
-0.19200
-0.06100
-0.15000
-0.26100
-0.53000
-0.59300
-0.64300
-0.59600
-0.51000
-0.41500
-0.73600
-0.31200
-0.64300
-0.45300
-0.17900
-0.18700
-0.43000
-0.04400
-0.30600
-0.53500
-0.43300
-0.36200
-0.26900
-0.10400
-0.38800
-0.49400
-0.59200
-0.48500
0.04899
-0.59800
-0.47200
-0.45800
-0.23400
-0.37200
-0.35800
-0.18400
-0.32300
-0.57100
-0.51900
-0.24000
-0.56400
-0.62300
-0.41100
-0.11200
-0.24700
-0.15000
-0.31100
-0.32100
-0.22100
-0.10000
-0.34500
-0.51200
-0.34200
-0.51200
-0.29400
-0.28500
-0.59200
-0.68900
-0.41300
-0.40100
-0.54200
0.04943
-0.48300
0.34964
0.08000
0.06700
-0.19300
-0.33200
-0.41400
-0.38400
-0.26500
-0.21700
0.14189
-0.45700
-0.28600
0.17000
-0.70000
-0.21400
-0.43800
-0.64000
-0.23700
-0.55000
-0.44500
-0.62700
-0.55300
0.01700
-0.63500
-0.24800
-0.43100
0.17800
-0.20900
-0.39200
-0.45300
-0.49100
-0.75500
-0.48300
0.10401
-0.23300
-0.67800
0.05000
-0.58900
-0.45000
-0.36100
0.11200
-0.45200
-0.31100
-0.35000
-0.49300
-0.66300
-0.65800
-0.55000
-0.50000
-0.70900
-0.38200
-0.22900
-0.52700
-0.80400
-0.32200
0.39177
-0.30300
-0.25300
-0.41600
-0.28200
