0.78972
0.79426
0.82002
0.76109
0.81738
0.80953
0.72696
0.81440
0.81077
0.80039
0.81647
0.78468
0.81398
0.82768
0.82705
0.78695
0.78917
0.81017
0.83055
0.81248
0.82147
0.77669
0.81138
0.80906
0.82149
0.83581
0.83287
0.83461
0.82903
0.82655
0.79800
0.80994
0.77494
0.82025
0.81548
0.79990
0.81094
0.79241
0.78932
0.81265
0.81297
0.80012
0.82072
0.78466
0.81103
0.81277
0.83366
0.82034
0.81944
0.82686
0.79463
0.82581
0.79995
0.81200
0.84628
0.83705
0.82830
0.82351
0.83593
0.83310
0.79717
0.84023
0.83325
0.80269
0.80932
0.80500
0.80757
0.81847
0.79913
0.79990
0.80653
0.79833
0.80967
0.78445
0.80482
0.79949
0.78749
0.73979
0.82097
0.77726
0.80436
0.81091
0.80973
0.80806
0.82347
0.82809
0.82055
0.82601
0.80317
0.81363
0.81297
0.79701
0.81915
0.82480
0.80880
0.78906
0.76085
0.81820
0.82730
0.80907
0.82849
0.81636
0.81727
0.80418
0.82751
0.82390
0.80393
0.81674
0.80723
0.79115
0.83322
0.81499
0.81641
0.79374
0.79939
0.81243
0.83151
0.81258
0.80851
0.75744
0.77242
0.81539
0.78670
0.77000
0.82584
0.82074
0.83492
0.82996
0.85297
0.82369
0.80436
0.80333
0.81688
0.80947
0.80420
0.81522
0.80356
0.80383
0.80625
0.81187
0.80292
0.80770
0.80877
0.82128
0.79936
0.75400
0.80594
0.81479
0.79922
0.78186
0.84345
0.81530
0.77370
0.81710
0.83478
0.79874
0.80178
0.80630
0.80592
0.79449
0.78617
0.79418
0.80756
0.79443
0.80307
0.80579
0.82729
0.80674
0.76931
0.78786
0.74036
0.77837
0.75088
0.80934
0.79764
0.78951
0.79350
0.72396
0.81829
0.81996
0.81999
0.80272
0.80846
0.79951
0.80064
0.80077
0.80772
0.81388
0.81834
0.80020
0.80126
0.73755
0.81735
0.82621
0.82291
0.79856
0.77605
0.80059
0.80283
0.76310
0.79313
0.81131
0.75502
0.78268
0.80498
0.81606
0.80324
0.83101
0.84548
0.78920
0.80168
0.81391
0.80352
0.81875
0.80320
0.81246
0.84297
0.80760
0.79776
0.81472
0.82604
0.83240
0.82443
0.80534
0.79940
0.82388
0.83677
0.83167
0.81952
0.77807
0.80288
0.79632
0.80119
0.80814
0.80130
0.79972
0.80753
0.82688
0.82537
0.83465
0.82265
0.80284
0.80518
0.83616
0.77193
0.80169
0.80684
0.80207
0.78428
0.81430
0.73576
0.75667
0.81834
0.77248
0.75233
0.71195
0.79079
0.83372
0.80041
0.78089
0.80867
0.80129
0.79022
0.79630
0.79539
0.80832
0.77950
0.80648
0.78756
0.80419
0.80984
0.80388
0.77478
0.81507
0.77561
0.82325
0.79768
0.79457
0.82711
0.81514
0.82643
0.84115
0.79314
0.82073
0.84244
0.81856
0.79671
0.81149
0.80092
0.78492
0.81036
0.82121
0.79062
0.82084
0.81108
0.79593
0.80757
0.80518
0.82185
0.81789
0.81674
0.80794
0.81232
0.84196
0.80519
0.82246
0.79123
0.82064
0.81699
0.83231
0.81681
0.81783
0.81950
0.77890
0.82304
0.76980
0.80604
0.80731
0.76649
0.76330
0.82820
0.81081
0.83712
0.72714
0.80455
0.81793
0.81740
0.81063
0.80005
0.80726
0.81945
0.78012
0.80154
0.78970
0.76668
0.79870
0.79791
0.78900
0.84541
0.79479
0.84431
0.83073
0.78605
0.82709
0.82509
0.83054
0.83473
0.80843
0.81898
0.82595
0.83088
0.81889
0.81996
0.82595
0.81709
0.86014
0.83614
0.82167
0.79946
0.80837
0.78513
0.76242
0.80396
0.80197
0.84237
0.78957
0.84205
0.83604
0.82518
0.82993
0.83968
0.83088
0.82584
0.82618
0.80411
0.83131
0.83033
0.82223
0.81645
0.78235
0.81779
0.82437
0.80899
0.79281
0.78574
0.82712
0.78096
0.83161
0.82434
0.82973
0.82752
0.82887
0.82794
0.79861
0.80753
0.79771
0.81269
0.82274
0.79295
0.75224
0.77885
0.79050
0.74532
0.74693
0.78661
0.82651
0.78627
0.79556
0.80802
0.84301
0.83221
0.81402
0.81193
0.81210
0.79920
0.81523
0.70947
0.78594
0.83796
0.81612
0.82457
0.81771
0.81149
0.81665
0.80277
0.80405
0.81991
0.79189
0.81408
0.82507
0.82705
0.82693
0.81476
0.81426
0.82935
0.81271
0.83397
0.83286
0.79240
0.80098
0.77833
0.79453
0.79282
0.79472
0.78143
0.81054
0.80804
0.78857
0.80009
0.79505
0.81678
0.81791
0.80158
0.81552
0.81863
0.79943
0.76721
0.83996
0.77937
0.81889
0.83407
0.82542
0.81146
0.80846
0.82339
0.81176
0.83447
0.81609
0.81104
0.80963
0.82004
0.83922
0.83318
0.79299
0.80318
0.80569
0.81980
0.81802
0.75708
0.81785
0.82230
0.76498
0.79671
0.79617
0.81010
0.79456
0.81953
0.78324
0.75535
0.80225
0.81218
0.78925
0.83372
0.74379
0.81261
0.81246
0.77762
0.82081
0.81229
0.81686
0.81703
0.83781
0.82652
0.81337
0.80933
0.78007
0.81013
0.82887
0.81890
0.81898
0.82019
0.82227
0.79732
0.79216
0.77887
0.78840
0.80894
0.80894
0.82114
0.78302
0.78822
0.80593
0.81091
0.79504
0.80061
0.72489
0.70600
0.82357
0.80397
0.83508
0.78478
0.84559
0.80460
0.79552
0.77389
0.80265
0.82457
0.79273
0.75265
0.78458
0.78087
0.80815
0.80427
0.84180
0.82289
0.72291
0.79910
0.81356
0.79918
0.82687
0.83727
0.80881
0.81473
0.83689
0.82142
0.82773
0.85227
0.83047
0.81607
0.81195
0.83213
0.82690
0.82126
0.80506
0.80167
0.81148
0.83860
0.79967
0.81505
0.83228
0.82110
0.81696
0.81687
0.83176
0.83131
0.78247
0.80234
0.84408
0.81966
0.72533
0.80979
0.79683
0.82296
0.78519
0.78846
0.77903
0.81917
0.85968
0.81433
0.81103
0.80979
0.81995
0.77943
0.76191
0.80625
0.75555
0.82035
0.78368
0.81041
0.74591
0.81028
0.76834
0.80241
0.82671
0.82928
0.79370
0.78817
0.74509
0.78966
0.79740
0.74235
0.80496
0.79801
0.76211
0.77500
0.72621
0.78963
0.77947
0.76734
0.75430
0.79626
0.83364
0.80557
0.80679
0.83002
0.78309
0.79276
0.76000
0.77936
0.79947
0.76504
0.74995
0.80659
0.82523
0.80341
0.79187
0.82395
0.82301
0.83203
0.82454
0.81968
0.81386
0.82846
0.82368
0.82332
0.81370
0.76527
0.81071
0.81440
0.81787
0.81529
0.80896
0.81160
0.78091
0.81511
0.80010
0.80809
0.80690
0.83117
0.81947
0.80476
0.78941
0.81024
0.81312
0.81993
0.81936
0.83301
0.82517
0.79842
0.82344
0.81305
0.84298
0.81750
0.81577
0.83061
0.82324
0.82171
0.80570
0.83553
0.84525
0.81997
0.81563
0.83720
0.81111
0.78896
0.82500
0.81290
0.81756
0.80718
0.79951
0.81492
0.81692
0.81418
0.82341
0.79873
0.80878
0.83526
0.80262
0.82745
0.76915
0.81927
0.76402
0.80114
0.80598
0.79324
0.75097
0.81445
0.80521
0.81184
0.80471
0.82304
0.81825
0.74181
0.80785
0.82370
0.81443
0.81603
0.81983
0.80917
0.80411
0.80971
0.81398
0.82167
0.78728
0.82340
0.80461
0.81212
0.80786
0.79538
0.81494
0.80392
0.81988
0.82835
0.83839
0.81105
0.81458
0.82371
0.78847
0.80429
0.80128
0.78084
0.76254
0.81571
0.78229
0.82816
0.80295
0.83687
0.82541
0.83453
0.83831
0.82661
0.81956
0.83008
0.83254
0.82957
0.82633
0.79288
0.83031
0.80054
0.81081
0.80993
0.80650
0.80790
0.81359
0.80596
0.84120
0.80621
0.79494
0.77971
0.78440
0.78518
0.79163
0.78069
0.74768
0.75972
0.79222
0.83202
0.84870
0.87869
0.83574
0.81513
0.84600
0.85135
0.79584
0.80889
0.79128
0.69670
0.78411
0.81307
0.75711
0.79904
0.81293
0.77333
0.82940
0.80469
0.85768
0.80774
0.73827
0.80333
0.79994
0.75073
0.76384
0.75844
0.82194
0.81511
0.77883
0.81837
0.80611
0.79267
0.80782
0.80121
0.80781
0.80419
0.79787
0.81055
0.81137
0.77770
0.81908
0.79957
0.80380
0.80936
0.81203
0.81621
0.79062
0.80832
0.80602
0.79848
0.81626
0.79861
0.81191
0.81386
0.79410
0.78741
0.80315
0.78638
0.77101
0.84224
0.84945
0.85798
0.84316
0.82208
0.82645
0.83700
0.81314
0.80774
0.82801
0.83757
0.82351
0.81524
0.83638
0.79664
0.82731
0.84856
0.83060
0.84671
0.80795
0.82097
0.79151
0.80744
0.80592
0.82267
0.82141
0.82834
0.81580
0.79696
0.81240
0.80196
0.78542
0.79374
0.79670
0.80252
0.79743
0.81336
0.80434
0.79174
0.81810
0.81795
0.80185
0.80164
0.80120
0.79195
0.79825
0.81931
0.79250
0.79575
0.81095
0.78332
0.79736
0.77336
0.75564
0.78256
0.78437
0.73156
0.77693
0.78988
0.75531
0.81593
0.82875
0.82749
0.83628
0.83307
0.81255
0.80503
0.83294
0.83356
0.80722
0.80368
0.81178
0.82580
0.83082
0.81173
0.78356
0.81698
0.83245
0.82997
0.81138
0.82281
0.80168
0.75373
0.83105
0.76946
0.75602
0.76260
0.73978
0.75913
0.76973
0.81549
0.81362
0.82230
0.80826
0.81768
0.81271
0.83235
0.82054
0.80625
0.80186
0.79078
0.81930
0.81017
0.81557
0.79667
0.79400
0.78060
0.81244
0.81979
0.82755
0.80418
0.79681
0.81448
0.80518
0.79726
0.79142
0.78786
0.80482
0.82668
0.80918
0.84885
0.78275
0.80909
0.80478
0.82253
0.82203
0.80612
0.78954
0.80650
0.79086
0.80625
0.81140
0.81896
0.74030
0.82530
0.79922
0.81292
0.81055
0.79852
0.79868
0.79102
0.77936
0.74537
0.81391
0.79162
0.77740
0.81801
0.76987
0.82298
0.83502
0.76719
0.82679
0.81799
0.77179
0.75151
0.74890
0.80763
0.76176
0.80511
0.79820
0.80456
0.80727
0.81276
0.80447
0.80667
0.81725
0.80521
0.78157
0.82874
0.79994
0.76275
0.73083
0.79286
0.81947
0.78600
0.82562
0.77456
0.80999
0.81117
0.76905
0.80717
0.80067
0.82055
0.81543
0.80709
0.78444
0.81963
0.80007
0.80591
0.81202
0.80252
0.79825
0.81925
0.79660
0.81200
0.80114
0.80872
0.80798
0.81095
0.80808
0.81759
0.78756
0.80528
0.82462
0.82124
0.81744
0.79578
0.82095
0.81977
0.75008
0.79688
0.79399
0.79489
0.75013
0.74511
0.81299
0.79708
0.80063
0.79049
0.81662
0.78729
0.80902
0.80048
0.82288
0.80360
0.76399
0.78220
0.78534
0.79029
0.79840
0.78094
0.80618
0.82537
0.80342
0.83364
0.82940
0.83311
0.84286
0.79912
0.79239
0.82063
0.82023
0.81485
0.83239
0.82844
0.81776
0.80504
0.79599
0.80770
0.82865
0.81109
0.78593
0.75498
0.78589
0.74746
0.75142
0.77085
0.74612
0.82040
0.82958
0.79285
0.79955
0.79932
0.80174
0.81087
0.81638
0.82008
0.79995
0.80600
0.80501
0.80113
0.81436
0.80590
0.79798
0.79566
0.80309
0.80845
0.81226
0.79076
0.83143
0.79080
0.78238
0.81702
0.76813
0.76255
0.78026
0.79792
0.76992
0.77046
0.75232
0.78809
0.81604
0.80974
0.81840
0.82190
0.77526
0.79155
0.80034
0.81607
0.81162
0.83192
0.79714
0.76932
0.72797
0.75223
0.74875
0.79794
0.77727
0.80087
0.80191
0.79424
0.80992
0.81435
0.80387
0.80426
0.81374
0.82690
0.82189
0.84887
0.79921
0.81788
0.81451
0.81559
0.80924
0.84085
0.81577
0.82457
0.85887
0.83901
0.84008
0.81380
0.80444
0.79820
0.78197
0.81186
0.80073
0.80077
0.81214
0.77591
0.81435
0.83851
0.81709
0.77977
0.77900
0.80241
0.80660
0.81293
0.79985
0.81348
0.80163
0.81226
0.80340
0.81578
0.81429
0.81781
0.82538
0.81339
0.81767
0.80954
0.80360
0.82507
0.81266
0.79723
0.74942
0.78804
0.80050
0.78594
0.80944
0.80946
0.76021
0.80338
0.81930
0.81605
0.80926
0.77287
0.77129
0.80608
0.78857
0.78975
0.80808
0.81263
0.78764
0.79303
0.79517
0.78573
0.85916
0.80235
0.76823
0.81271
0.73940
0.79549
0.75848
0.81833
0.79337
0.77896
0.81180
0.77178
0.80462
0.80747
0.75462
0.81312
0.74783
0.79865
0.79484
0.79571
0.80727
0.81803
0.75281
0.79482
0.78643
0.79754
0.78696
0.80383
0.83804
0.80804
0.80509
0.79999
0.81919
0.83110
0.80727
0.80348
0.80337
0.80508
0.82594
0.79546
0.78719
0.82434
0.82021
0.79499
0.79941
0.81907
0.80849
0.81365
0.83037
0.82229
0.79973
0.78206
0.81963
0.78290
0.82524
0.81841
0.82045
0.79232
0.83486
0.69513
0.82374
0.81307
0.79224
0.79652
0.79573
0.79001
0.83236
0.81686
0.75169
0.82393
0.79547
0.81693
0.79252
0.80931
0.82951
0.82073
0.76920
0.78341
0.81169
0.77873
0.82949
0.80773
0.79081
0.77796
0.76795
0.59325
0.73667
0.73687
0.73137
0.78927
0.70161
0.77213
0.74787
0.78726
0.81007
0.78292
0.79066
0.80556
0.82923
0.77647
0.81145
0.81172
0.80295
0.81432
0.79981
0.84154
0.83287
0.81754
0.81964
0.79509
0.80125
0.79044
0.80889
0.82005
0.84192
0.79544
0.75321
0.79323
0.76457
0.80090
0.82075
0.80470
0.78081
0.78618
0.80395
0.75255
0.81690
0.80037
0.81341
0.77076
0.85206
0.76252
0.80973
0.76355
0.79778
0.76710
0.80960
0.80572
0.81723
0.75597
0.79430
0.81486
0.78109
0.80781
0.79425
0.82869
0.80576
0.80655
0.80703
0.80680
0.81783
0.81640
0.78757
0.81587
0.77434
0.79345
0.80139
0.79393
0.79571
0.80803
0.80648
0.78858
0.82578
0.83204
0.81300
0.83167
0.83310
0.79885
0.80918
0.82255
0.80755
0.81998
0.82360
0.80509
0.82498
0.81839
0.84610
0.83433
0.82597
0.83484
0.82059
0.82589
0.82230
0.80477
0.83978
0.81179
0.81562
0.82047
0.81701
0.76976
0.83011
0.81856
0.85238
0.79635
0.79999
0.76797
0.83194
0.81711
0.82176
0.81603
0.82197
0.81839
0.80513
0.81193
0.80436
0.80056
0.78766
0.81157
0.82357
0.82189
0.81827
0.76163
0.82355
0.81404
0.83024
0.81648
0.83516
0.77659
0.79196
0.84021
0.75380
0.80481
0.81255
0.83138
0.84439
0.72215
0.82275
0.82871
0.77057
0.77920
0.79667
0.83262
0.79104
0.76935
0.79887
0.80767
0.80601
0.79949
0.80646
0.80387
0.77808
0.81165
0.71616
0.78051
0.75208
0.80409
0.83918
0.80086
0.84650
0.79678
0.81457
0.81625
0.83885
0.77424
0.83727
0.78881
0.81834
0.79277
0.80433
0.82744
0.79193
0.83756
0.80129
0.82084
0.80894
0.79694
0.79169
0.80134
0.83470
0.81326
0.79080
0.78887
0.82638
0.74843
0.81811
0.79731
0.82247
0.78831
0.82758
0.79465
0.80796
0.79477
0.68666
0.80727
0.76161
0.77325
0.29262
0.36712
0.28132
0.49499
0.33217
0.25227
0.39745
0.25720
0.59284
0.28705
0.23667
0.24029
0.30136
0.32325
0.49475
0.32879
0.44269
0.22683
0.26278
0.24396
0.22117
0.43517
0.21563
0.23642
0.25281
0.35209
0.42933
0.21476
0.28594
0.20848
0.27841
0.28382
0.23696
0.22168
0.26129
0.29347
0.26409
0.31250
0.21679
0.24954
0.23188
0.30662
0.25968
0.30916
0.21119
0.22317
0.27268
0.28157
0.30061
0.23180
0.22913
0.25906
0.20339
0.25127
0.33269
0.21638
0.21340
0.25868
0.25452
0.25757
0.19214
0.33000
0.29215
0.33943
0.25163
0.23405
0.21678
0.23040
0.23111
0.50757
0.25064
0.20639
0.51115
0.26505
0.32621
0.24405
0.23697
0.27994
0.40389
0.26623
0.34858
0.30569
0.25508
0.20493
0.41359
0.32668
0.26414
0.41186
0.61085
0.25168
0.30565
0.45332
0.25806
0.29145
0.33900
0.25952
0.37378
0.40998
0.32008
0.23998
0.25731
0.26851
0.25751
0.26186
0.27065
0.34134
0.32771
0.31655
0.21881
0.25777
0.44721
0.24962
0.25519
0.74551
0.30673
0.27430
0.25286
0.39452
0.29251
0.37421
0.20088
0.28795
0.24239
0.24981
0.50247
0.28982
0.33863
0.25581
0.54400
0.19335
0.25015
0.21891
0.37224
0.22235
0.36938
0.25182
0.24308
0.26461
0.71285
0.42913
0.40430
0.27088
0.35653
0.24508
0.37823
0.40496
0.45366
0.25951
0.33592
0.25303
0.28384
0.32227
0.53827
0.31888
0.25073
0.31528
0.27874
0.25198
0.25039
0.27774
0.27972
0.27515
0.29830
0.39666
0.22791
0.38346
0.25271
0.27403
0.25576
0.41472
0.28027
0.25631
0.29558
0.19457
0.26022
0.21029
0.24032
0.27336
0.38521
0.22944
0.22765
0.27390
0.24695
0.27210
0.25069
0.21132
0.26720
0.19159
0.41323
0.23898
0.29052
0.25420
0.48859
0.43140
0.23162
0.25649
0.25426
0.32386
0.23414
0.24830
0.24309
0.28749
0.26188
0.29963
0.22622
0.22647
0.24558
0.26785
0.22369
0.25654
0.22831
0.22513
0.50813
0.39774
0.30424
0.23062
0.32001
0.25864
0.21964
0.22441
0.26156
0.24978
0.27050
0.24545
0.21726
0.27368
0.27012
0.21660
0.26466
0.36248
0.48841
0.67332
0.46830
0.26074
0.25271
0.27281
0.29027
0.47656
0.18989
0.28439
0.57936
0.25571
0.27118
0.30078
0.26075
0.30223
0.53274
0.47743
0.23196
0.24778
0.23204
0.24894
0.29033
0.26433
0.46221
0.48555
0.26662
0.25248
0.45561
0.25955
0.29827
0.23526
0.26321
0.26180
0.26493
0.28861
0.24115
0.26912
0.21539
0.20764
0.46957
0.37539
0.29088
0.22355
0.26477
0.30972
0.26894
0.31087
0.23725
0.24258
0.27598
0.24515
0.19077
0.22882
0.25444
0.21628
0.26182
0.34326
0.25408
0.27367
0.24966
0.23259
0.27713
0.26747
0.26521
0.27037
0.27359
0.24187
0.22986
0.23533
0.24954
0.36182
0.70826
0.31816
0.23360
0.23935
0.35702
0.30982
0.32773
0.34623
0.28394
0.32086
0.24998
0.41213
0.24585
0.54800
0.22178
0.25637
0.26336
0.46573
0.43504
0.24509
0.41032
0.41631
0.24864
0.29858
0.29103
0.50664
0.20636
0.24026
0.21227
0.27565
0.20522
0.26959
0.24912
0.21957
0.23604
0.27154
0.36768
0.27732
0.28467
0.24014
0.24900
0.25802
0.25427
0.24944
0.21911
0.24757
0.31049
0.25493
0.52228
0.28111
0.23771
0.28494
0.27444
0.27737
0.23356
0.23340
0.23491
0.24269
0.36068
0.28261
0.33540
0.27588
0.46421
0.35628
0.31179
0.24868
0.22952
0.27645
0.25186
0.28675
0.27002
0.24023
0.29522
0.22749
0.24439
0.23519
0.27609
0.38607
0.50697
0.34198
0.23482
0.23163
0.34006
0.22167
0.25980
0.38059
0.23037
0.29327
0.28027
0.21767
0.43332
0.29090
0.25462
0.23885
0.27702
0.24729
0.20939
0.23289
0.22694
0.27776
0.26577
0.24308
0.32932
0.39954
0.41887
0.31958
0.24988
0.22747
0.25966
0.27302
0.23430
0.26376
0.38088
0.31300
0.25128
0.54121
0.31140
0.24219
0.32133
0.22306
0.29814
0.22395
0.27344
0.20558
0.21490
0.24491
0.26173
0.28009
0.22145
0.23949
0.29991
0.34872
0.31113
0.47106
0.22282
0.26461
0.28333
0.25296
0.25486
0.26177
0.26281
0.32718
0.34865
0.45631
0.23928
0.24207
0.34231
0.32303
0.25632
0.52222
0.29230
0.27896
0.25089
0.25568
0.25826
0.31057
0.21349
0.23002
0.27017
0.30476
0.27535
0.22577
0.28390
0.21641
0.40026
0.22279
0.25821
0.25267
0.20236
0.29433
0.31952
0.47663
0.28108
0.22721
0.25343
0.25260
0.24892
0.32617
0.27125
0.26742
0.27296
0.23403
0.39388
0.23691
0.24379
0.27925
0.27040
0.22117
0.24732
0.22934
0.24757
0.22396
0.24459
0.39747
0.27426
0.31798
0.23167
0.24352
0.26651
0.48325
0.24400
0.23867
0.29478
0.26652
0.24144
0.27693
0.21930
0.25534
0.26276
0.32143
0.29721
0.24930
0.39724
0.24843
0.34630
0.30488
0.27422
0.30851
0.46637
0.23392
0.38527
0.24763
0.48237
0.47769
0.24112
0.26666
0.24831
0.51554
0.26322
0.29690
0.25889
0.26224
0.28114
0.24944
0.41873
0.34426
0.21332
0.24682
0.24512
0.25235
0.64373
0.25177
0.22579
0.49695
0.25248
0.19238
0.24799
0.19044
0.22383
0.55439
0.21796
0.25465
0.28235
0.22450
0.22548
0.28511
0.23650
0.18405
0.25145
0.22808
0.25342
0.22463
0.24739
0.27640
0.50470
0.36045
0.55649
0.26510
0.32512
0.28067
0.37372
0.30880
0.29183
0.27924
0.26454
0.42501
0.36139
0.28369
0.23416
0.26070
0.42680
0.49576
0.20243
0.20573
0.29924
0.23902
0.24538
0.31771
0.30421
0.43029
0.46499
0.29395
0.21903
0.32819
0.38852
0.23842
0.30662
0.38381
0.74867
0.69615
0.41115
0.31929
0.27343
0.59422
0.54266
0.29273
0.25690
0.24390
0.20776
0.26907
0.26721
0.27713
0.24806
0.24031
0.22144
0.69081
0.50772
0.54270
0.38643
0.20263
0.18747
0.26796
0.26051
0.35537
0.23280
0.24827
0.21027
0.25383
0.22743
0.60424
0.25543
0.25305
0.24793
0.22257
0.22207
0.41401
0.24275
0.23983
0.20997
0.26210
0.21750
0.25988
0.27290
0.24764
0.25433
0.51741
0.27545
0.28264
0.25861
0.25288
0.24371
0.64679
0.23806
0.25551
0.28040
0.33924
0.27198
0.26501
0.27931
0.24223
0.26889
0.33039
0.39785
0.38486
0.22000
0.27557
0.25392
0.20688
0.28266
0.26072
0.24960
0.26030
0.22199
0.26548
0.24584
0.26822
0.25996
0.41208
0.24815
0.26010
0.26398
0.21952
0.25166
0.17591
0.26812
0.23305
0.21432
0.20800
0.31048
0.22461
0.25242
0.25550
0.44418
0.23679
0.19995
0.24907
0.19842
0.30322
0.32424
0.27294
0.25335
0.34017
0.20014
0.19796
0.26458
0.24608
0.23709
0.25494
0.25450
0.24668
0.32327
0.25390
0.28436
0.28736
0.23979
0.38201
0.21457
0.36459
0.26515
0.25121
0.30551
0.28028
0.21639
0.27549
0.43366
0.26791
0.26333
0.25176
0.32606
0.32533
0.23730
0.25204
0.32564
0.23257
0.49473
0.28314
0.25745
0.25446
0.28858
0.52505
0.61366
0.24876
0.24366
0.56698
0.26627
0.27050
0.29730
0.26136
0.21781
0.22220
0.25937
0.22947
0.24778
0.30402
0.23837
0.28011
0.23409
0.25696
0.23028
0.26001
0.23480
0.34648
0.27089
0.46097
0.24466
0.26260
0.23989
0.27271
0.28629
0.33854
0.48426
0.25735
0.25904
0.21707
0.43452
0.31935
0.41883
0.29130
0.50885
0.41567
0.38086
0.28281
0.33048
0.21790
0.23682
0.22806
0.23093
0.69802
0.28083
0.23721
0.50939
0.26182
0.46502
0.42268
0.23270
0.20506
0.40247
0.24717
0.30012
0.46967
0.24336
0.50642
0.26580
0.37487
0.24646
0.26261
0.48155
0.26719
0.26601
0.25949
0.35297
0.23570
0.26136
0.31337
0.23612
0.28718
0.23048
0.20784
0.22039
0.24775
0.33977
0.25740
0.68188
0.27868
0.22395
0.29800
0.22867
0.29803
0.23213
0.30033
0.60070
0.44144
0.20691
0.29417
0.23314
0.57628
0.27842
0.31424
0.24090
0.31129
0.22450
0.24187
0.26382
0.30241
0.29009
0.35148
0.24786
0.26536
0.52624
0.26085
0.50867
0.25545
0.26081
0.26635
0.24641
0.22263
0.22493
0.39920
0.23929
0.23492
0.24219
0.23449
0.23556
0.21694
0.36540
0.25958
0.23238
0.25211
0.28064
0.31577
0.25257
0.36875
0.27677
0.28685
0.24903
0.26552
0.26623
0.62549
0.25544
0.17226
0.24968
0.22968
0.32601
0.37994
0.23538
0.22305
0.27079
0.27826
0.25917
0.23845
0.26052
0.22269
0.23703
0.22815
0.23247
0.22289
0.25797
0.24104
0.37608
0.26453
0.28729
0.19240
0.26984
0.41888
0.26816
0.24104
0.26970
0.24164
0.21832
0.58047
0.25372
0.22903
0.24272
0.55894
0.27106
0.23633
0.23855
0.23365
0.22857
0.22100
0.23036
0.21457
0.26296
0.20939
0.25560
0.26632
0.26925
0.24158
0.27678
0.35453
0.25504
0.24251
0.25884
0.23079
0.25992
0.24173
0.26825
0.27296
0.23195
0.22377
0.27613
0.20697
0.27436
0.31058
0.22206
0.21760
0.27717
0.26399
0.23003
0.25419
0.24078
0.25228
0.25421
0.50363
0.73689
0.26316
0.25951
0.41372
0.45930
0.24289
0.30851
0.46446
0.61627
0.25344
0.40875
0.39723
0.26549
0.56985
0.60769
0.33859
0.29680
0.31138
0.37379
0.49974
0.27617
0.22622
0.49710
0.23871
0.58586
0.46800
0.25406
0.25715
0.25677
0.26819
0.26026
0.25307
0.21522
0.24336
0.23819
0.27463
0.21319
0.24285
0.19863
0.29394
0.28248
0.22304
0.24146
0.23436
0.21646
0.22417
0.23305
0.54967
0.21845
0.25814
0.29480
0.64963
0.57987
0.25437
0.37455
0.21627
0.26522
0.24873
0.24430
0.26336
0.57131
0.57118
0.24830
0.18847
0.23991
0.19186
0.20375
0.19643
0.25401
0.25976
0.29574
0.27952
0.56206
0.35669
0.21280
0.60516
0.23459
0.23543
0.25843
0.24142
0.25189
0.21519
0.26071
0.25680
0.27173
0.63279
0.24660
0.27121
0.22973
0.21279
0.36507
0.23262
0.27837
0.28158
0.26359
0.22572
0.41836
0.24733
0.31967
0.51719
0.43733
0.48693
0.22967
0.39246
0.58517
0.29207
0.25851
0.23301
0.24772
0.22868
0.35611
0.22470
0.23062
0.22631
0.19850
0.24119
0.23333
0.25921
0.22348
0.22215
0.23695
0.47347
0.29368
0.26328
0.41464
0.42779
0.32755
0.30531
0.24182
0.59618
0.24960
0.27375
0.36869
0.26686
0.42846
0.22131
0.21354
0.23816
0.46096
0.27266
0.26244
0.20524
0.25245
0.24418
0.22797
0.27245
0.22139
0.27547
0.22727
0.25065
0.22016
0.23104
0.21327
0.28288
0.32042
0.25558
0.21662
0.32630
0.23686
0.41760
0.25535
0.24872
0.24971
0.27233
0.21215
0.22902
0.25918
0.27887
0.24819
0.22236
0.24495
0.23282
0.26985
0.21670
0.25699
0.28003
0.27519
0.26439
0.26164
0.35580
0.26051
0.21718
0.28887
0.25535
0.28370
0.53019
0.26444
0.26441
0.27382
0.28174
0.30879
0.23287
0.63158
0.28840
0.25340
0.20609
0.22787
0.23723
0.58619
0.48650
0.45576
0.20984
0.24770
0.23168
0.21340
0.24416
0.21829
0.25029
0.24007
0.25208
0.24493
0.27830
0.28838
0.26532
0.28789
0.68923
0.28853
0.28061
0.21890
0.19761
0.56895
0.25075
0.19967
0.25144
0.26468
0.25839
0.24592
0.25720
0.20531
0.30305
0.20641
0.28357
0.22477
0.24851
0.21009
0.38379
0.25134
0.21755
0.21832
0.22866
0.28036
0.32482
0.59806
0.28074
0.37161
0.32881
0.24203
0.26416
0.26083
0.29151
0.26000
0.34509
0.56363
0.54858
0.34983
0.23693
0.28473
0.33067
0.67338
0.21925
0.28396
0.25041
0.55423
0.26546
0.28162
0.47527
0.25333
0.33785
0.32816
0.63086
0.27136
0.35847
0.47648
0.29099
0.27658
0.30114
0.31048
0.28658
0.25568
0.26251
0.26850
0.26403
0.22483
0.28783
0.54112
0.24571
0.27169
0.28668
0.23537
0.24464
0.25335
0.23962
0.21958
0.34439
0.20771
0.47501
0.21747
0.26322
0.22946
0.39618
0.29692
0.23225
0.27223
0.31790
0.27825
0.26439
0.25448
0.27364
0.24093
0.21482
0.32364
0.25786
0.22178
0.28320
0.34556
0.20898
0.23891
0.27976
0.57854
0.28040
0.21246
0.22843
0.25014
0.26008
0.35447
0.21097
0.29693
0.24545
0.21812
0.24494
0.31217
0.28202
0.23665
0.30741
0.22711
0.27354
0.27773
0.23163
0.41009
0.21352
0.24700
0.22970
0.25542
0.22206
0.23356
0.28393
0.21530
0.23010
0.24806
0.26678
0.27717
0.25477
0.45588
0.50110
0.34263
0.28877
0.26894
0.34752
0.25698
0.32006
0.26021
0.27144
0.22336
0.20411
0.24460
0.30416
0.21759
0.25174
0.24855
0.24931
0.28419
0.26767
0.36459
0.25485
0.27584
0.25670
0.26449
0.30346
0.29721
0.23051
0.27862
0.32640
0.29712
0.43918
0.27085
0.30308
0.29227
0.26356
0.30462
0.23775
0.40910
0.21628
0.24387
0.24389
0.35666
0.42302
0.25064
0.27932
0.44984
0.31336
0.27445
0.42064
0.23494
0.27454
0.29455
0.27767
0.24961
0.26698
0.26105
0.40261
0.35321
0.23780
0.24747
0.22865
0.22889
0.28492
0.25654
0.38340
0.25874
0.23274
0.28126
0.26478
0.22770
0.24929
0.25969
0.25011
0.26994
0.27256
0.26370
0.42030
0.19630
0.26082
0.19596
0.21123
0.25454
0.22782
0.50386
0.21638
0.22388
0.52919
0.21988
0.20821
0.26377
0.26143
0.25747
0.34718
0.24989
0.33048
0.35610
0.37158
0.26452
0.27201
0.24209
0.30760
0.22770
0.41529
0.50822
0.68576
0.25931
0.57385
0.30736
0.25725
0.23720
0.46141
0.26236
0.24146
0.28829
0.38363
0.23973
0.27154
0.23355
0.26997
0.33648
0.27972
0.22959
0.23790
0.34304
0.27435
0.24550
0.21166
0.25723
0.26708
0.23009
0.29656
0.50344
0.33442
0.26568
0.25620
0.33328
0.36066
0.25934
0.32402
0.48451
0.27840
0.21709
0.22716
0.33285
0.43739
0.27201
0.32633
0.29632
0.23098
0.25967
0.37101
0.32990
0.31957
0.35615
0.33011
0.24871
0.44579
0.23003
0.23685
0.46864
0.44336
0.34143
0.24639
0.34707
0.28842
0.48792
0.41143
0.24923
0.26725
0.25104
0.26755
0.65303
0.27263
0.46520
0.26629
0.24340
0.27855
0.23172
0.51631
0.31461
0.40409
0.28398
0.61697
0.21790
0.28192
0.47979
0.31950
0.25481
0.32090
0.27242
0.26836
0.23703
0.22273
0.68153
0.48727
0.29618
0.23109
0.28512
