1.55590
1.08590
2.02080
0.73910
1.44610
1.17430
0.84720
1.60590
1.48470
0.59710
2.36120
2.57910
1.81660
1.45390
1.64690
2.26940
1.69820
1.51660
1.55960
2.62100
5.84320
7.28040
6.68290
2.69410
7.63340
8.06200
6.13460
4.17010
7.23180
3.62730
8.28430
8.37750
7.26760
8.08090
7.70200
6.23230
5.63590
3.29110
2.43930
6.30970
3.10150
3.88990
7.95440
9.30090
6.87380
8.49940
7.79680
8.02670
4.09810
8.47990
5.44850
8.58880
3.16600
3.49280
3.09590
4.97910
3.21850
4.89490
2.96250
6.16190
3.19130
4.88400
6.04680
7.40110
5.05080
8.00990
9.34110
6.01750
7.16880
7.61380
8.50390
6.16220
1.83030
3.14640
1.85930
1.69150
1.84390
2.55220
2.80050
1.95190
1.69210
1.61190
2.36410
2.79260
3.69400
2.64080
2.54590
2.85870
3.96230
2.37380
1.82680
2.40180
3.85770
3.61480
3.43520
1.16780
2.62190
7.72490
9.03120
7.73630
10.80610
8.46780
7.60410
6.80770
7.37210
7.68820
7.36350
1.47110
3.57360
1.54200
1.30620
2.57420
2.27130
3.14220
2.61140
1.88450
2.96630
2.65930
4.26310
2.36500
1.88920
1.99890
2.27640
3.35220
3.25950
3.77210
2.57620
3.22780
3.51330
8.37940
7.58610
3.48610
7.83590
7.40050
8.93220
6.80010
7.74930
6.63660
7.61910
1.96880
1.39480
2.11520
2.04960
1.46430
1.96700
1.87500
1.77600
2.69430
1.17920
1.58730
2.05190
2.30340
2.39810
2.74280
2.61210
2.75490
6.16390
6.19830
7.19760
9.98650
2.56440
7.92080
7.76250
1.59920
4.84710
8.20110
5.82600
5.92450
1.32770
1.60750
0.04280
1.63400
1.58910
1.17090
1.36780
0.99310
0.91310
0.36150
3.36180
3.78040
2.98740
2.17120
2.18610
3.24990
3.53730
3.04880
3.25480
2.93520
2.09620
1.48030
3.97860
3.00790
2.62470
1.60190
2.48880
2.63750
2.37160
2.24720
4.74050
6.25410
6.22860
6.46440
4.64610
6.94510
4.79290
6.57350
7.24590
5.86090
6.38530
4.11710
6.92200
5.78990
7.71780
7.61670
4.43650
6.38980
5.38100
5.19900
2.98690
5.18790
3.70500
5.69620
5.72340
3.76570
3.77440
5.99310
2.83200
2.06000
2.03220
1.95820
2.56850
2.23650
2.12300
2.62120
2.02700
4.52740
1.56160
2.42500
2.75640
2.05580
3.19210
2.64070
1.94770
2.01530
2.55720
2.11170
0.92710
1.65920
0.95610
2.01280
1.15150
1.02480
0.35200
1.84970
0.58000
0.91380
1.21090
1.59460
0.44920
0.72630
1.76720
1.13320
1.74980
2.26120
1.82490
2.71350
1.79590
2.12310
1.29890
1.40410
3.52240
1.42290
2.26250
2.67120
1.11360
2.23750
1.71700
1.54970
7.43790
6.94210
6.86110
6.71480
6.54220
6.65700
7.24200
6.73620
7.27210
6.00780
7.67410
6.84500
7.01460
6.86680
7.26130
6.11150
7.70940
6.58560
5.62530
5.96650
3.84000
7.15930
5.83940
5.85730
3.87050
8.75480
2.34750
2.70850
7.53730
4.98930
2.40500
2.69690
3.13880
1.80880
1.49150
1.50750
1.46720
2.30480
2.67780
1.71960
3.14400
3.04570
2.62420
2.40010
2.40230
2.73600
2.44480
2.67410
2.15810
3.74970
2.71870
1.71060
3.21720
3.80710
2.80340
2.50190
1.83710
2.74300
3.23600
3.21860
6.91380
7.98590
6.99810
6.80230
7.23570
6.69850
5.51570
6.31950
6.08340
5.21950
5.36210
6.55320
7.33120
4.78610
6.33570
8.60220
5.95570
2.75590
5.48560
5.99870
0.94970
2.35410
2.16420
2.47200
2.49850
2.41460
2.22570
3.25150
2.71640
3.22970
4.91270
2.15410
3.32630
3.40590
6.42180
3.78090
5.54830
2.70450
5.84380
4.51300
1.06450
2.19630
1.63860
2.94160
2.27900
1.87170
2.12930
2.12470
1.42110
1.73430
2.68600
8.78820
4.83720
10.03070
6.14740
7.92440
7.57310
7.48210
6.33860
9.04290
2.40270
3.25730
1.52470
1.14160
1.21300
1.68500
1.12590
4.04460
2.21720
2.94550
1.96550
2.14180
2.54950
1.67700
2.34650
2.32730
2.21330
3.45960
1.73490
1.83040
2.67500
5.74800
2.98380
4.35640
3.84240
6.20450
2.13890
3.31620
3.03400
3.16930
8.02350
6.18910
2.99870
5.17860
7.22590
6.16710
6.73250
7.69710
3.72440
5.53230
2.63430
2.96540
2.13260
3.18000
2.41700
2.56070
2.20600
2.92040
3.04640
2.77010
2.27570
3.56690
2.11160
2.88210
2.85580
3.34310
2.84300
3.14640
2.91590
3.02090
0.38830
8.10420
7.61330
10.57940
8.29280
5.94860
7.69490
7.26320
6.45870
6.20170
7.84680
7.97560
6.84410
6.15390
6.76470
7.69030
7.47190
8.14290
7.26600
4.70850
4.64830
2.59600
3.21290
6.64240
5.55090
3.13380
6.24730
4.03710
7.00750
5.53430
3.67630
3.00130
5.60730
3.84300
6.18800
1.54050
2.39310
4.49150
3.63150
8.43570
7.59460
8.63890
7.27660
8.67450
5.16920
6.36070
5.41150
5.87190
6.44210
2.60660
1.23820
3.28460
2.85830
2.15230
2.62490
4.75610
3.27080
2.71800
1.81690
2.62220
2.47300
3.66860
2.25090
3.01630
2.12050
2.53050
3.16470
4.25160
5.01060
2.79360
4.48340
7.43250
7.26430
7.60070
2.50700
5.69560
2.24820
4.67490
0.74530
0.38160
0.78070
1.44360
1.58620
0.83600
2.00160
1.39910
0.28340
1.08260
7.46560
6.93030
6.68900
6.45420
6.95650
7.41780
6.99120
7.66130
8.40550
7.69490
7.36790
7.01980
7.65860
7.84250
8.41890
8.55320
8.55710
7.88470
8.01220
8.37850
9.66340
4.71790
6.68320
2.10210
9.50490
7.29860
8.23680
6.89680
3.24000
6.85940
3.34500
2.91460
2.27160
2.64570
1.29180
3.15680
3.02840
2.75280
3.43150
1.76530
2.75290
1.63120
3.12070
1.95230
1.27680
1.83140
1.93390
2.39170
2.16700
1.47030
1.09600
1.13150
0.27420
1.54510
0.21820
1.01970
1.11970
1.95580
1.32700
1.10040
1.09280
1.90080
1.34240
2.05320
0.97250
0.97270
1.49020
1.41880
0.99050
1.01590
1.39630
1.90760
0.23290
1.05190
1.15120
1.81100
1.51420
0.63250
1.94710
1.37610
0.97890
1.09100
1.62930
2.01250
2.24020
1.22820
0.83020
2.11390
1.50250
1.87470
6.58900
7.37970
8.11520
7.85400
7.38200
10.03740
8.91810
7.99730
8.37990
7.86120
1.86930
2.00510
1.36910
0.74520
1.72630
0.88500
1.48700
1.52090
2.25010
1.94620
7.75390
7.64020
8.09210
9.14480
9.80040
6.59860
7.19640
6.92720
9.25580
5.90730
4.52610
3.37170
2.77450
8.18370
3.57170
3.39660
5.56360
2.50090
2.65090
2.71820
4.02530
2.52050
3.31060
2.84450
3.32900
2.29540
2.14510
2.73450
2.95380
3.10480
2.59950
3.29160
2.69310
3.86940
3.14570
2.45560
2.44570
3.50780
3.72910
2.76470
1.02930
1.42880
2.04050
1.24120
1.69770
0.94980
2.30810
1.97810
1.40420
1.50960
7.95150
8.79300
6.97730
8.19520
3.19700
5.48120
4.39640
7.66750
8.46270
6.30390
2.22440
2.64330
1.31840
1.92050
2.40510
3.10080
2.86580
3.17780
2.90860
2.01560
1.82840
3.11010
2.22350
2.33000
2.46940
2.04880
1.93330
2.22380
3.01540
1.66980
2.53890
2.71210
2.54330
2.34430
2.13930
1.81690
2.13180
2.09750
2.23010
3.39060
4.48290
3.81250
2.76410
2.99030
4.51650
3.13340
2.75810
2.57220
3.45300
4.46330
0.85170
2.90270
0.79270
1.63480
1.89900
3.02460
2.56090
1.34740
1.63700
1.66740
2.10900
1.16630
0.93710
0.98060
2.67870
2.12870
2.50200
1.82980
1.20410
1.16370
1.95160
2.47920
2.14500
2.83490
3.29350
2.92970
2.43860
1.79980
2.98740
1.32550
0.39620
2.01270
2.13810
2.35150
1.99380
2.14350
1.61450
2.30840
2.84200
2.30690
1.95460
2.15560
1.44610
2.21840
1.05360
0.91430
1.46590
1.34500
1.54250
1.42240
3.73110
3.54920
5.02680
3.59150
3.25810
2.99100
3.99270
4.35320
4.28930
2.11550
1.53250
1.84670
3.14030
2.24910
2.58220
3.17570
2.29540
2.70210
2.75700
0.07480
0.96630
3.07300
2.39050
1.15190
2.07100
1.63560
1.25930
1.85300
2.41590
1.96680
7.74320
4.38120
5.90380
4.50010
5.70020
0.86310
5.08280
8.61880
7.21930
8.47920
1.27840
2.28630
2.12060
3.79770
1.79200
1.19750
2.74080
2.48680
2.80960
1.33120
5.09060
6.17930
5.61380
8.11920
6.74300
6.25060
6.79000
6.49180
7.70870
7.10920
1.56070
2.49340
1.86880
1.73300
1.45910
2.19660
1.53510
2.83850
1.93160
3.72410
2.15180
2.19660
2.46970
3.21480
3.14300
2.21260
2.08390
2.85850
2.23100
3.42160
5.74630
5.80070
6.55600
6.97980
5.98400
5.94810
5.60950
5.82320
4.97900
5.01940
5.21680
3.69720
3.42990
5.20450
3.92220
4.21910
3.11930
2.95780
3.06420
3.69020
2.60080
7.25160
5.80610
1.62660
6.49580
4.99320
0.94760
8.21420
7.42930
6.38890
2.53080
2.03910
1.99820
1.66930
0.85060
1.85270
1.23090
1.79340
1.50470
0.81570
7.02460
8.05060
4.71820
5.17190
6.70860
9.09960
5.47300
4.39190
6.48600
7.57500
3.29460
3.10000
2.59300
2.00400
3.14770
1.79310
3.59610
3.86640
3.70140
2.90280
2.65240
3.09020
3.59300
2.95060
2.04890
2.13020
2.96980
2.87500
3.12840
1.85170
2.28340
2.10480
1.95160
3.50620
2.41450
1.49890
2.21680
1.96900
2.26910
2.15920
1.54920
1.60970
2.41260
1.68930
3.14650
3.10880
3.72530
2.96730
2.72350
3.04640
1.64930
2.11750
0.73300
2.01830
1.41590
2.67430
2.03210
0.73570
1.81450
2.27690
1.69190
1.48590
2.19280
1.93780
1.54520
0.82150
2.10500
1.40180
7.30460
6.36860
7.31080
8.17220
5.30500
6.58810
6.47420
7.72990
8.71250
9.19610
0.53240
0.90380
0.96960
1.30590
0.91030
0.47900
-0.25550
1.57620
0.00860
0.43280
6.96750
5.97530
8.01890
5.62600
5.76170
5.91210
7.04710
6.48620
6.95340
5.56220
1.65690
3.53740
3.13610
3.77730
4.78180
4.40310
3.32900
3.00200
3.30810
2.55070
1.96290
8.41420
8.29660
8.82060
7.49740
7.03680
7.50890
6.99550
7.91630
9.15290
7.90310
2.27240
1.45890
1.77040
2.10190
1.25000
2.21480
2.55220
1.67530
2.53730
1.77670
1.29210
3.07090
1.00670
1.21170
2.71280
0.84250
1.68300
1.11100
0.10390
1.58860
0.92220
0.28540
2.67670
1.29500
1.29110
1.32140
1.41200
1.74990
0.99640
1.32440
1.13410
1.54780
1.70790
2.96350
1.23940
2.16340
2.60760
2.66770
2.73580
1.82660
1.76370
1.73420
2.00120
1.50360
1.79240
1.64530
1.77120
1.32900
1.43980
1.71340
1.85150
2.11640
2.74560
3.48540
2.35430
3.17850
3.19820
3.45330
2.53740
2.74880
1.96270
3.77570
3.35640
5.34960
8.03540
4.19430
6.33510
8.48700
7.35700
6.37840
7.80990
5.72290
5.25690
5.04180
6.08440
5.13650
4.86290
5.53350
6.94450
5.06620
5.60570
6.47300
1.49020
1.26180
0.10660
1.33640
1.47630
1.22710
0.85470
1.24030
1.84230
1.14520
1.39060
1.19330
0.92750
1.94600
1.54150
1.88250
2.60520
2.15210
2.22770
2.16360
2.20000
3.83420
2.21180
3.51800
4.27050
3.98840
4.05030
3.27630
3.89950
3.26580
7.30550
6.25450
6.22650
6.90420
6.99940
7.86040
9.45500
7.81780
7.84190
8.02960
2.71230
1.28980
2.80830
3.35200
2.73820
3.06570
2.87530
1.27820
3.41980
3.24170
2.38930
2.27440
3.49640
4.41880
3.68800
2.77310
3.59810
3.37810
3.50940
4.55360
3.48970
3.57290
3.12700
2.51360
3.02330
3.11530
2.14820
1.98670
2.83400
3.21930
2.56590
2.14840
3.07740
3.35120
2.23740
2.23780
3.37920
2.00170
3.33390
2.69220
3.92300
3.14730
2.04380
2.31730
2.07930
3.24130
2.01820
3.51680
3.70620
2.91150
2.62620
3.17240
0.37000
3.52270
3.24280
2.03900
1.82470
1.81130
2.52960
2.60940
2.35250
2.29170
0.94930
0.50050
1.66030
0.89070
1.05660
1.47140
0.75790
2.11320
1.47800
0.54710
0.61390
1.65730
0.52550
1.37300
0.74860
1.53910
0.95770
0.76640
7.18360
7.77010
7.17340
7.78520
6.43300
6.78360
6.29290
7.37990
9.26230
6.77060
7.40680
7.99740
7.08580
7.50080
9.14320
7.91140
7.34480
6.19130
7.22330
7.14320
5.58790
7.48780
2.56960
5.81230
3.77920
4.42360
5.86770
5.37060
3.64120
7.17090
1.68550
1.32100
1.60360
0.93870
0.77300
1.05230
1.70770
1.07910
1.34470
0.39730
1.96370
2.38770
1.34820
2.55190
2.28700
2.15690
2.05050
2.08060
2.27060
2.96860
3.19900
2.36040
2.41020
2.69800
2.67020
2.92230
3.10290
2.90790
1.00810
0.37680
1.14330
0.94890
1.25430
1.14210
1.21720
1.33500
1.28100
1.23100
2.26130
2.77140
5.56010
6.65490
6.26280
5.67380
6.04260
6.27200
6.13260
6.21410
7.14980
9.39030
2.28150
1.97340
1.92800
2.04590
2.06820
2.25600
1.87630
1.73350
2.20030
2.36300
1.41640
1.74490
2.83480
2.07620
2.02980
1.10380
2.18770
2.54780
3.50050
2.12750
1.67480
2.18490
2.44570
1.33870
2.14270
2.20260
1.99480
1.12380
2.01030
2.16240
1.06120
1.32730
0.45080
0.63760
0.24650
0.71250
0.97530
0.98550
0.04350
0.69520
2.14180
2.96750
3.76670
4.20290
3.21230
2.29030
2.54220
3.20770
3.22680
3.84880
6.80290
4.58500
5.76310
2.25740
6.10180
7.65630
8.22580
6.63370
9.58460
9.33510
7.52950
6.17980
7.78950
8.89700
8.22210
8.52440
8.18230
8.03920
9.28790
6.37850
2.81010
1.96630
2.04820
2.01340
2.75670
2.84450
1.79380
3.07700
2.22940
2.99900
2.74800
3.12570
1.80540
1.52330
2.84780
2.73850
2.62250
3.44950
2.83890
3.74960
4.53780
8.86920
9.66220
7.80800
6.73440
7.78050
9.34730
8.99470
9.77610
7.23780
1.09300
1.21240
1.21180
1.13110
0.66100
1.07210
1.04450
2.10180
0.90470
1.47250
0.63690
1.45590
0.65990
1.17740
0.98140
1.23870
1.27010
1.66830
1.68500
1.31500
2.17700
2.78610
2.11080
1.38510
1.12590
2.83790
2.43820
1.24440
1.62390
2.46430
1.66300
2.76410
2.89550
1.60140
3.01750
2.11260
0.85990
1.42680
1.84420
2.71580
1.87310
2.47630
2.16730
3.38380
3.76880
4.15980
2.08780
3.50120
5.22510
3.10400
8.76880
6.47780
8.08750
7.67200
8.27510
4.61710
8.38380
3.81070
7.19930
6.17020
3.16880
3.19980
2.42230
2.08410
2.39720
3.00600
1.77350
2.33990
2.29250
3.40310
2.60530
2.65220
2.90880
2.53160
3.48900
4.03630
1.39960
3.07580
2.62210
3.36380
-1.12500
-2.50100
-2.81400
-4.21200
-2.86700
-4.10700
-0.81700
-1.43300
-2.94100
-3.30600
-2.01500
-0.53800
-1.21700
-2.53100
-1.67800
-0.34700
-0.51200
-1.70700
-2.46400
-2.25500
-3.07900
-2.40100
-4.33600
-0.67900
-1.51700
-1.93900
-3.22900
-2.96900
-3.31800
-3.14200
-1.54200
-2.29300
-2.05600
-4.16800
-1.46700
-4.73000
-3.11300
-1.75000
-2.93200
-5.08900
-2.84600
-1.03200
-0.47100
-2.45300
-3.79700
-3.03000
-0.76000
-2.89800
-1.87100
-3.04500
-3.63700
-2.67800
-2.86000
-0.60000
-1.02500
-4.28700
-1.01200
-2.12300
-1.15700
-2.06000
-1.27300
-0.66300
0.21200
-0.34000
-2.68500
-3.50700
-3.78600
-3.88000
-2.25900
-2.03600
-3.40600
-4.53700
-0.25100
-1.57200
-2.17700
-2.41400
-1.57200
-0.96900
-0.29000
-0.59900
-2.39100
-2.68200
-0.65700
-1.24700
0.74300
-0.75500
-0.99300
0.09900
0.68400
-1.48300
-2.03700
-1.27800
-0.13000
-1.23100
0.61000
-0.73900
-1.08700
-2.40100
-0.45600
-4.74200
-1.21600
-2.76900
-3.53600
-3.54300
-3.97500
-1.62600
-3.70100
-1.90200
-2.92600
-2.23100
-2.95500
-1.86900
-3.09300
-0.12100
-3.43300
-3.05100
-2.84700
-1.11400
-2.16600
-0.06900
-2.82600
0.33300
0.32400
-1.55400
-2.19900
-2.02500
-1.58100
-2.74400
-1.77900
-2.99000
-2.05300
-2.92200
-2.73900
-4.26700
-1.58400
-2.64600
-3.91600
-3.52900
-0.91000
-2.32000
-2.59600
-2.12700
-2.40000
-3.17600
-0.83200
-1.69300
-0.68500
-2.91300
-2.30900
-0.44300
-0.39400
-1.05200
-2.59500
-1.94200
-2.62700
-3.02300
-1.30800
-2.79700
-2.76300
-1.46600
-1.44200
-4.23100
-4.33500
-2.77400
-3.63400
-2.15000
-2.95800
-2.78900
-1.86000
0.28000
-2.98600
-2.42400
-1.92200
-2.51100
-2.00700
-2.49700
-2.11900
-2.87600
0.64700
-2.10400
-1.46500
-2.76400
-2.33400
-1.50100
-3.23400
-2.60800
-1.66600
-2.32700
0.24200
-3.61200
-0.46500
-2.15000
-1.95300
0.47900
-2.70500
-2.78100
-2.39600
0.17800
-5.97400
-5.28200
-7.43100
-3.03700
-4.56200
-5.09800
-4.62200
-2.78200
-1.18000
-0.48600
-1.35400
-3.19000
-3.21300
-4.24700
-2.54100
-3.02100
-2.00400
-4.17100
-1.44400
-3.84000
0.70900
-2.99600
-1.64500
-3.66400
-2.97800
-1.57300
-2.85100
-2.91900
-1.79500
-0.96500
-0.73400
-2.09900
-1.83000
-2.26300
-2.49900
-0.11000
-2.19300
-1.79900
-0.47900
-0.32600
-1.46200
-2.35600
-1.19400
-1.99900
-1.65800
-0.67900
-1.95900
-0.92600
-2.35100
-0.97100
-1.47600
-1.28600
-0.68400
-1.82700
-1.63200
-1.36900
-1.68300
0.49300
-1.09300
-1.29300
-0.81100
-1.59800
-1.89800
-1.70200
-0.69600
-0.30500
0.10200
-1.03300
-1.82100
-0.36700
-2.01300
-1.81600
-0.37400
-0.99500
-0.32200
-1.45900
-1.31600
-0.93700
-1.92100
-1.42100
-5.47600
-3.48200
-4.70400
-3.95500
-4.99300
-5.52300
-3.70100
-6.13500
-2.02600
-5.01400
-1.81500
-0.25500
-1.09700
-2.83000
-1.85000
-3.73300
-2.32200
-1.87800
-3.40000
-3.91500
-1.97100
-3.81200
-3.83100
-2.63100
-1.51700
-2.37300
-2.94200
-1.43400
-2.03900
-3.98500
0.11000
-1.26300
0.56500
-3.46900
-3.10700
-0.83800
-2.54500
-2.29100
-2.86300
-2.88800
-0.37700
-2.06500
-1.23600
-3.25700
-3.12100
0.63850
-2.84800
-3.49600
-1.93900
-0.58400
-0.56600
-0.83300
-1.43300
-0.26200
-1.82200
-0.66300
0.14300
-1.22200
-1.25900
-1.36300
-2.93100
-2.30300
-4.80300
-2.15800
-4.21400
-3.17000
-4.40800
-5.94500
-4.19000
-4.49800
-2.83500
-3.21800
-0.10200
-3.15700
-2.64500
-0.61700
-0.68300
-0.08600
-3.32800
-3.52000
-2.46000
-4.09500
0.03300
-3.87100
-3.71400
-0.75800
-3.28700
-1.80500
-2.62600
-1.78100
-2.13500
-0.45500
-2.14400
-1.43900
0.43400
-1.94000
-2.99000
-2.10300
-3.05900
-2.96100
-1.03900
-1.70000
-1.11400
-0.28700
-1.31600
-1.30600
0.03100
-0.39000
-1.99900
-1.79700
-1.82000
-3.01200
-3.41900
-4.02600
-1.81500
-3.22800
-3.60200
-3.21200
-1.68200
-0.84200
-2.04300
-1.30700
-2.75900
-2.50400
-3.02800
-0.84200
-2.12300
-2.02100
0.43540
-1.82800
-1.01700
-0.88100
-1.55000
-1.79000
-1.64200
-0.67300
-1.57700
-1.73000
-1.59700
0.90100
-1.50900
-1.97100
-0.53300
-2.56100
-0.35400
-3.64300
-2.94200
-3.15100
-2.11000
-1.73700
-2.91600
-1.07300
-2.59400
-2.08500
-3.25100
-3.06700
-1.54600
-0.22100
-3.55300
-2.13500
0.88070
-1.51600
-0.55400
-0.12100
-0.22100
-0.46500
0.34510
-2.15700
-1.73000
0.19400
-2.86100
-1.85200
-1.88300
-2.76500
-3.44200
-2.68200
-3.91400
-3.88100
-3.40100
-0.50600
-2.32300
-4.72000
-5.03500
-2.14500
-4.64600
-5.27500
-2.06400
-7.51000
-6.66200
-3.52900
-3.70300
-1.46200
-4.04600
-4.42900
-3.26000
-2.03600
-3.95200
-2.96100
-5.59800
-2.47600
-0.96700
-1.02700
-3.25600
-1.08900
0.16100
-3.09100
-0.39700
-2.71100
-2.42200
-1.49000
-0.40400
0.52600
-1.89800
-2.52000
-2.16700
-0.45700
-2.62800
-1.54600
-1.68100
-0.08700
-5.06300
-2.88200
-3.81000
-3.60000
-3.09600
-3.89400
-4.01300
-3.95500
-5.24100
-0.20200
-2.08700
-4.10200
-1.03500
-2.76000
-0.99300
-1.70300
-2.81800
-2.48100
-0.74900
-0.90600
-1.00900
-2.59800
-0.39100
-1.37700
-1.36300
-2.21800
-0.49000
-2.73900
-0.13400
-1.77400
-2.94400
-0.44000
0.36400
-3.15700
-2.44000
-3.25100
-1.95000
-2.94200
-1.95300
-1.92200
-2.10900
-1.07400
-1.62200
-1.48100
-1.46500
-0.85300
-1.32800
0.30300
-3.25400
-4.85900
-3.84200
-4.92800
-6.14300
-5.77600
-4.48600
-1.39900
-0.96700
-3.47400
-4.33100
-3.46900
-5.30800
-1.56600
-4.42400
-5.62900
-2.04000
-7.04300
-3.91700
-4.81800
-1.91100
-0.75100
-4.59600
1.02400
-2.89600
-0.90000
-1.39900
-2.35800
0.39600
-1.01800
-1.72400
-0.75400
0.86300
-0.31100
-1.59500
-0.19100
0.79500
-0.16100
-1.38900
-1.78900
0.97290
-0.87700
-0.62400
0.46000
-3.39000
-0.19200
-1.29100
-1.93700
-1.97300
-2.75800
-0.46500
-0.24100
-2.31900
-0.60400
-1.21700
-1.65100
-0.19300
-0.41300
0.01300
-1.75500
-1.30200
-2.97000
-2.29400
-3.25100
-2.31400
-2.79400
-3.13900
-1.36900
-1.87800
-2.22200
-2.88000
-0.21600
-3.46700
-2.29200
-2.49300
-2.25500
-2.77500
-1.67800
-1.60900
-2.96900
-2.24100
-1.43000
-1.91200
-0.91900
-1.71200
0.33000
-2.70000
-0.76500
-2.30100
-1.88400
-4.97000
-4.90300
-4.85900
-7.14800
-2.88300
-1.81300
-4.56700
-6.03000
-5.41300
-5.92000
-0.68600
-3.06600
-1.61300
-2.94800
-2.84600
-2.40800
-1.73000
-0.65700
-3.07000
-2.15800
-3.04200
-4.02900
-3.31200
-2.74500
-0.23000
-1.74300
-1.87800
-3.52300
-3.78600
-3.29900
-1.89600
0.76800
-2.01700
-2.30700
-2.35000
-2.27500
-2.76000
-2.45200
-2.72100
-3.15600
-1.41400
-1.17800
-0.70700
-0.07500
-2.55500
-0.44600
-1.82200
-0.61200
-0.65300
-1.55100
-2.22100
-2.42700
-1.93200
-3.38800
-2.43300
-3.02400
-1.62600
-1.02400
-3.02600
-3.97100
-2.61900
-1.32000
-3.46300
-1.15000
-1.80500
-0.63100
-2.18500
-2.27500
-3.01900
-2.69500
-2.35700
-3.30600
-3.64900
-0.91600
-3.53300
-2.65200
-0.58400
-3.29000
-2.11700
-1.06000
-0.48400
-1.30300
-2.57100
-2.07700
-0.31000
0.69000
0.22600
-0.29200
-1.47700
-1.25400
-0.77700
0.34300
-1.82300
-0.52100
0.04800
-1.24400
-1.11700
-1.36800
-0.78300
-2.26500
-0.55500
-0.17200
-1.14900
-0.40300
-0.63500
-1.30400
-0.81500
-0.70600
-0.59900
-0.53900
-0.80100
-1.00600
-1.83600
0.21900
-2.60300
-1.74700
-0.05300
-1.28700
-1.36800
-2.29300
-1.41700
0.71300
-1.89300
-1.08900
-1.30000
-0.28900
-1.54500
-0.15900
-2.77500
-1.66100
-1.93100
-1.91200
-0.48600
-1.85400
0.55600
-2.14300
-1.61600
-1.57900
-2.12400
-2.20100
0.55700
-3.00600
-0.80700
-1.98700
1.11390
-2.30700
0.50800
-1.21900
-2.02300
-2.34400
-1.15600
-1.08900
-2.06000
-0.29900
-1.12300
0.29500
0.67870
-1.54200
-1.14900
-1.80300
0.38150
-0.53800
0.48100
-0.36900
-0.19100
-1.83700
0.75500
-0.20500
-0.78300
-0.95100
-2.06800
-2.48900
0.30500
-0.85000
-0.90200
-1.02200
-2.62300
-2.48000
-1.57900
-0.90400
-0.99300
-0.86300
-1.71900
-1.97300
-0.99000
-2.05900
-0.09400
-0.58400
-0.39000
-1.24400
-2.09900
0.47300
-0.69600
-0.61600
-0.97600
-1.37700
-0.25900
-0.72800
-1.23900
-1.03700
-2.20300
-1.22500
-0.94200
-0.69100
-2.59400
0.26000
-2.70600
-3.10200
-2.46800
-2.87300
-2.69400
-0.62600
-3.02300
-1.66900
-0.04100
-2.31300
0.36850
-2.34600
-0.54600
-2.32100
-4.07900
-6.46200
-5.09700
-4.38300
-5.06700
-4.43400
-2.70200
-0.78700
-2.49400
-5.09900
-0.93100
-0.78500
-1.45600
-1.38700
-0.93100
-1.65500
-0.66600
-1.75500
-0.83000
0.23600
-3.11400
-2.84900
-2.72000
-2.98200
-0.67200
-1.91000
-1.54800
-3.03800
-1.62500
-2.21000
-3.32700
-6.05400
-2.17100
-1.63100
-2.16300
-3.91100
-3.79300
-4.74300
-4.62200
-3.21800
-2.24500
-1.53000
-1.43400
-2.55400
0.60400
-2.10700
-1.57900
-1.48500
-0.47200
-1.56400
-1.66000
-2.28800
-2.30000
-4.16400
-4.13400
-1.68900
-3.84500
-3.73900
-4.15400
-4.19100
-2.47800
-0.83200
-1.60600
-2.00700
-2.97200
-2.58800
-2.77800
-3.05200
-3.51300
-3.79900
-3.57800
-0.93400
-2.82800
-3.68100
-0.40900
-0.95800
-0.27500
-0.45100
-1.60800
-3.04800
-0.49600
-1.34700
-2.46000
-2.31500
-2.35100
-1.58100
-0.81900
-2.40100
-2.36100
-0.66700
-2.49400
-0.97100
-0.97800
-0.70300
-1.74400
-2.34800
-1.02800
-0.81800
-1.36200
-1.61300
-0.39800
-2.42500
-1.93400
-2.39900
-1.35800
-2.92600
-2.97600
-2.95700
-0.19000
-0.10400
-0.58700
-3.26600
-3.42000
0.03700
-3.33800
-2.53900
-2.27100
-3.84400
-0.02800
-0.12800
-0.80700
-0.71100
-2.07200
-2.28700
-1.16500
-1.40800
-1.04000
-2.25700
-2.21500
-2.62300
-1.31800
-2.15800
-1.55900
-1.28800
-2.00900
-2.05300
-2.21600
-0.24000
0.11900
-3.75300
-0.79600
-2.52800
-4.37000
-3.16600
-3.53700
-3.81100
-3.76700
-1.82500
-1.82600
-2.18200
-2.39900
-0.09400
-1.88500
-3.05400
-3.30800
-3.19300
-2.23300
-2.45000
-3.30800
-5.29900
-1.77600
-3.68900
-4.15900
-4.47000
-5.20500
-5.37800
-3.45700
-5.46100
-2.82900
-1.15300
-1.70800
-3.16500
-0.91000
-2.99100
-2.90300
-2.08700
-2.16700
-2.18300
-1.40200
-4.60500
-4.55800
-1.35200
-3.92400
-3.46700
-5.58000
-3.90100
-2.95200
-3.45700
-3.82800
-2.64600
-1.22100
-1.84100
-1.91800
0.10300
-2.59600
-2.39800
-1.97800
-2.54100
-1.76100
-0.75200
-1.97200
-2.71300
-2.51200
-0.84000
-2.96200
0.05500
-2.85200
-2.17100
-2.16300
-2.31400
-1.45300
-2.71500
-1.95800
-2.97900
-2.51700
-1.83300
-2.01800
-1.37800
-2.61200
-2.54500
-3.16400
-2.31700
-0.57000
-1.24600
-2.75300
-1.93600
0.07600
0.42900
-0.83600
-1.88000
-2.43500
-1.52700
-0.32100
0.66700
-2.28100
-2.37600
-3.17400
-1.22800
-2.51900
-1.82800
-2.56400
-3.36500
-2.64800
-2.65300
-2.98800
-1.61600
-2.45600
-2.02400
-3.27600
-2.52200
-2.96900
-2.87000
-3.37800
-3.60700
-1.80500
-1.70600
-3.55700
-2.94500
-3.91700
-1.96200
-2.55700
-2.70100
-2.22500
-3.52100
-3.91500
-5.21600
-3.81700
-1.31300
-2.79100
-3.67300
-3.14300
-3.57300
-1.93400
-3.20600
-2.43700
-0.45600
-3.19300
-3.31700
-2.22400
-1.55300
-2.70900
-1.97200
-3.11000
-2.37300
-0.68200
-3.43100
-2.25800
0.15500
-2.66100
-3.18500
-0.21300
-2.82400
-2.79200
-1.94500
-0.98100
-1.34500
-1.94000
-2.32900
0.63200
-1.52600
-1.48700
-3.72000
-3.73900
-4.23100
-2.29200
-1.39700
-3.81700
-1.39700
-4.80500
-1.37300
-5.38800
-1.21100
-1.87800
-2.42900
-2.24600
-1.31800
-2.15800
-1.57500
-1.61500
-1.53900
0.92600
-1.04600
-0.93200
-2.68100
0.52100
-1.49600
-2.28400
-1.89700
-1.19800
-0.63000
-1.33600
-2.40900
-2.08800
-1.84000
-2.89100
-0.23100
-2.16800
-2.01800
-3.30100
-2.85300
-2.40900
-3.12600
-0.04200
-2.05100
-3.14600
-3.30900
-1.33000
-0.62800
-2.91200
-4.15600
-3.42700
0.53900
-0.46200
-3.13900
-3.63800
-2.80200
-0.64600
-3.56000
-2.59100
-3.05100
-0.99900
-2.47400
-3.76900
-3.44100
-3.94500
-0.08000
-3.11500
-2.87500
-4.10600
-0.93400
-3.95900
-2.05300
-2.89400
-2.79300
-1.27100
-0.95800
-2.41000
-1.88400
-2.01200
-2.52900
-0.24300
-0.34900
-1.65300
-2.07900
0.09700
-2.32500
-1.92200
-1.83200
-1.00000
-1.22100
-1.73600
-3.13000
-5.12000
-2.64600
-2.79100
-3.33700
-4.65300
-3.10000
-3.39000
-0.85400
-4.25800
-4.95600
-4.43600
-4.89100
-5.48400
-0.78100
-3.47600
-4.37200
-4.56600
-5.17200
-5.62000
-3.20200
-3.70800
-1.85700
-3.76100
-3.35100
-3.37200
-3.20500
-2.71600
-2.17500
-3.28400
-1.87900
-2.89300
-2.18600
-0.35200
-1.67000
-1.98200
-2.08300
-1.79900
-1.68700
-2.82500
-0.70200
-0.86900
-0.72100
-2.44600
-1.42500
-0.46300
-0.80400
-0.23500
-2.97400
-2.36800
-1.55500
-0.86400
-1.66000
-1.62500
0.37400
-1.08900
-1.79200
-0.83800
-1.39400
-0.66400
-1.97400
-2.05300
-1.27500
-1.08900
-2.55600
-0.22100
-2.20300
-1.32800
-2.42200
-1.01400
-3.10700
-5.32600
-4.62500
-4.53100
-5.47800
-6.16200
-4.27400
-2.45700
-4.96500
-1.85400
-1.80400
-2.56400
-2.51700
-2.99700
-3.46500
-2.61300
-0.55300
-0.67100
-0.23200
-1.96600
-1.87700
-0.77300
0.58900
-3.33100
-3.47500
-1.38800
-2.28900
-0.46700
-3.10900
-0.07900
-2.14600
-3.10200
-2.48500
-0.70000
-0.56700
-2.81600
-1.83300
-3.26400
-3.80700
-2.53300
-1.15700
-2.25200
-1.81100
-1.48000
-2.38700
-2.09800
-1.14100
-2.70600
-2.34100
-3.60700
-2.70500
-1.63400
-2.35800
-2.69400
-2.28800
-2.30600
-2.52900
-2.82400
-1.86900
0.05100
-1.61400
-3.43100
-2.31300
-1.04200
-0.87300
-3.16300
-2.70700
-3.05900
0.07800
-0.18700
-3.66200
-4.71300
-4.52500
-5.41200
-5.04500
-3.91000
-5.10400
-5.33600
-2.43400
-3.88200
-3.42400
-1.22900
-0.65500
-1.83800
0.98720
-1.94100
-2.38600
-2.26700
-1.35900
-0.51500
-0.25500
-2.37900
-2.22800
-2.25600
-3.03600
0.69760
-2.76100
-2.91000
-3.30000
-1.69800
-2.26400
-3.39200
-2.48700
-3.14200
-4.44700
-3.27900
0.10900
-4.32800
-5.14800
-2.85000
-3.01100
-1.70300
-2.89800
-3.15500
-3.20500
-0.28400
-2.94500
-3.01600
-2.88200
-2.93800
-1.02100
-0.27700
-1.39000
-1.25900
-1.72900
-1.53400
-1.45200
-1.23600
0.41900
-1.48200
0.12500
0.25700
1.04900
-1.48100
-2.07900
-1.95800
-2.12000
-1.78300
-0.66000
-0.35600
-2.38300
-2.18000
0.47900
-2.02900
0.29900
-1.67100
-2.93500
-2.12000
-2.84500
-3.17500
-2.50300
-2.29700
-0.92500
-2.18700
-1.86300
-2.07700
0.78000
0.87600
-2.35500
-2.40600
-2.51000
-3.60300
-4.46300
0.79710
-2.06600
-2.89400
-0.27600
-3.33900
-3.48600
-1.65100
0.82000
-3.13400
-1.91400
-2.87700
-0.70800
-3.43300
-3.91300
-3.15800
-2.66600
-3.47700
-2.80300
-0.68700
-3.44200
-3.15600
-3.32700
0.70480
-1.15200
-0.12900
-3.04800
-0.05600
