1.55590
1.08590
2.02085
0.73905
1.44609
1.17430
0.84724
1.60588
1.48472
0.59708
2.36125
2.57908
1.81663
1.45385
1.64694
2.26939
1.69817
1.51661
1.55964
2.62103
5.84316
7.28043
6.68292
2.69411
7.63340
8.06202
6.13457
4.17006
7.23182
3.62732
8.28427
8.37752
7.26764
8.08086
7.70201
6.23234
5.63593
3.29105
2.43928
6.30972
3.10147
3.88988
7.95439
9.30087
6.87378
8.49939
7.79679
8.02671
4.09809
8.47987
5.44846
8.58883
3.16602
3.49279
3.09592
4.97913
3.21854
4.89491
2.96247
6.16188
3.19134
4.88401
6.04685
7.40111
5.05083
8.00987
9.34105
6.01752
7.16883
7.61383
8.50389
6.16220
1.83025
3.14638
1.85929
1.69147
1.84389
2.55218
2.80053
1.95188
1.69208
1.61193
2.36414
2.79257
3.69404
2.64077
2.54588
2.85869
3.96226
2.37376
1.82684
2.40180
3.85774
3.61477
3.43524
1.16784
2.62195
7.72489
9.03119
7.73631
10.80612
8.46781
7.60412
6.80766
7.37214
7.68815
7.36349
1.47113
3.57356
1.54200
1.30620
2.57424
2.27128
3.14216
2.61142
1.88447
2.96635
2.65925
4.26308
2.36499
1.88921
1.99888
2.27637
3.35224
3.25953
3.77212
2.57623
3.22777
3.51332
8.37944
7.58606
3.48609
7.83587
7.40046
8.93223
6.80013
7.74931
6.63657
7.61913
1.96875
1.39477
2.11517
2.04958
1.46428
1.96700
1.87498
1.77600
2.69433
1.17919
1.58728
2.05193
2.30336
2.39811
2.74281
2.61211
2.75489
6.16395
6.19825
7.19758
9.98655
2.56441
7.92085
7.76248
1.59922
4.84713
8.20108
5.82599
5.92445
1.32771
1.60753
0.04284
1.63400
1.58910
1.17089
1.36782
0.99306
0.91312
0.36154
3.36180
3.78042
2.98744
2.17120
2.18612
3.24989
3.53726
3.04881
3.25479
2.93525
2.09623
1.48028
3.97863
3.00793
2.62473
1.60190
2.48882
2.63749
2.37161
2.24720
4.74048
6.25406
6.22856
6.46435
4.64611
6.94505
4.79288
6.57349
7.24595
5.86087
6.38530
4.11709
6.92196
5.78986
7.71776
7.61670
4.43647
6.38984
5.38098
5.19900
2.98689
5.18786
3.70496
5.69622
5.72341
3.76568
3.77438
5.99312
2.83201
2.06003
2.03222
1.95821
2.56850
2.23653
2.12298
2.62121
2.02701
4.52740
1.56157
2.42503
2.75638
2.05578
3.19215
2.64072
1.94769
2.01534
2.55722
2.11169
0.92709
1.65918
0.95609
2.01275
1.15146
1.02481
0.35196
1.84966
0.57998
0.91376
1.21093
1.59457
0.44923
0.72634
1.76721
1.13322
1.74978
2.26124
1.82490
2.71346
1.79587
2.12308
1.29893
1.40413
3.52239
1.42292
2.26250
2.67118
1.11363
2.23754
1.71701
1.54970
7.43794
6.94212
6.86113
6.71479
6.54223
6.65703
7.24204
6.73622
7.27212
6.00783
7.67405
6.84498
7.01458
6.86682
7.26131
6.11150
7.70939
6.58558
5.62526
5.96654
3.83995
7.15934
5.83938
5.85735
3.87054
8.75478
2.34751
2.70847
7.53733
4.98929
2.40501
2.69690
3.13883
1.80882
1.49150
1.50755
1.46721
2.30483
2.67784
1.71962
3.14401
3.04573
2.62418
2.40008
2.40232
2.73596
2.44484
2.67413
2.15814
3.74970
2.71871
1.71060
3.21715
3.80710
2.80344
2.50190
1.83711
2.74303
3.23599
3.21860
6.91382
7.98595
6.99814
6.80230
7.23571
6.69852
5.51569
6.31951
6.08337
5.21955
5.36206
6.55318
7.33122
4.78614
6.33572
8.60217
5.95571
2.75595
5.48565
5.99870
0.94970
2.35412
2.16423
2.47200
2.49850
2.41463
2.22569
3.25151
2.71639
3.22972
4.91275
2.15409
3.32634
3.40589
6.42182
3.78093
5.54829
2.70448
5.84382
4.51305
1.06453
2.19632
1.63864
2.94158
2.27900
1.87174
2.12932
2.12473
1.42110
1.73426
2.68599
8.78817
4.83717
10.03067
6.14739
7.92444
7.57305
7.48208
6.33864
9.04292
2.40272
3.25730
1.52474
1.14155
1.21301
1.68505
1.12588
4.04459
2.21725
2.94550
1.96550
2.14177
2.54954
1.67704
2.34648
2.32725
2.21332
3.45958
1.73492
1.83041
2.67495
5.74798
2.98383
4.35639
3.84243
6.20453
2.13891
3.31619
3.03403
3.16934
8.02349
6.18912
2.99874
5.17858
7.22594
6.16711
6.73247
7.69711
3.72439
5.53232
2.63433
2.96544
2.13261
3.18000
2.41701
2.56072
2.20601
2.92042
3.04644
2.77012
2.27567
3.56687
2.11165
2.88207
2.85575
3.34309
2.84297
3.14640
2.91590
3.02088
0.38827
8.10418
7.61331
10.57943
8.29281
5.94865
7.69486
7.26320
6.45874
6.20170
7.84683
7.97562
6.84405
6.15387
6.76473
7.69028
7.47190
8.14290
7.26603
4.70847
4.64833
2.59600
3.21293
6.64238
5.55089
3.13383
6.24732
4.03714
7.00749
5.53434
3.67632
3.00127
5.60726
3.84305
6.18803
1.54049
2.39310
4.49151
3.63145
8.43572
7.59461
8.63892
7.27663
8.67448
5.16922
6.36070
5.41146
5.87194
6.44209
2.60660
1.23818
3.28458
2.85828
2.15227
2.62492
4.75609
3.27077
2.71801
1.81692
2.62223
2.47301
3.66857
2.25094
3.01631
2.12053
2.53051
3.16467
4.25158
5.01056
2.79356
4.48338
7.43245
7.26430
7.60070
2.50697
5.69555
2.24818
4.67492
0.74525
0.38160
0.78067
1.44357
1.58618
0.83597
2.00164
1.39909
0.28338
1.08264
7.46557
6.93031
6.68900
6.45418
6.95649
7.41780
6.99116
7.66125
8.40551
7.69493
7.36786
7.01979
7.65859
7.84246
8.41894
8.55321
8.55705
7.88475
8.01223
8.37851
9.66342
4.71790
6.68324
2.10207
9.50488
7.29863
8.23681
6.89676
3.23995
6.85939
3.34505
2.91458
2.27162
2.64569
1.29180
3.15677
3.02841
2.75275
3.43153
1.76534
2.75290
1.63125
3.12074
1.95235
1.27683
1.83141
1.93390
2.39173
2.16697
1.47030
1.09597
1.13151
0.27420
1.54507
0.21824
1.01971
1.11970
1.95584
1.32702
1.10044
1.09277
1.90081
1.34236
2.05322
0.97254
0.97266
1.49017
1.41882
0.99050
1.01586
1.39629
1.90764
0.23292
1.05188
1.15124
1.81102
1.51419
0.63250
1.94712
1.37613
0.97889
1.09098
1.62930
2.01250
2.24017
1.22825
0.83022
2.11386
1.50246
1.87472
6.58896
7.37968
8.11520
7.85401
7.38200
10.03740
8.91807
7.99730
8.37993
7.86116
1.86931
2.00507
1.36912
0.74517
1.72631
0.88498
1.48699
1.52093
2.25013
1.94619
7.75388
7.64015
8.09214
9.14484
9.80040
6.59860
7.19643
6.92724
9.25580
5.90725
4.52607
3.37166
2.77453
8.18370
3.57165
3.39660
5.56359
2.50088
2.65089
2.71824
4.02530
2.52046
3.31061
2.84452
3.32902
2.29537
2.14510
2.73450
2.95384
3.10485
2.59949
3.29165
2.69314
3.86945
3.14569
2.45558
2.44566
3.50780
3.72910
2.76475
1.02930
1.42881
2.04050
1.24119
1.69767
0.94985
2.30813
1.97806
1.40421
1.50959
7.95149
8.79302
6.97730
8.19516
3.19701
5.48122
4.39643
7.66753
8.46275
6.30391
2.22439
2.64335
1.31844
1.92053
2.40505
3.10077
2.86579
3.17783
2.90858
2.01564
1.82843
3.11007
2.22345
2.33002
2.46939
2.04882
1.93330
2.22383
3.01544
1.66981
2.53885
2.71210
2.54335
2.34425
2.13929
1.81689
2.13178
2.09748
2.23007
3.39061
4.48294
3.81253
2.76411
2.99033
4.51650
3.13339
2.75806
2.57225
3.45299
4.46327
0.85170
2.90273
0.79274
1.63483
1.89897
3.02461
2.56089
1.34739
1.63700
1.66742
2.10896
1.16626
0.93715
0.98060
2.67873
2.12868
2.50198
1.82984
1.20406
1.16370
1.95164
2.47915
2.14496
2.83487
3.29354
2.92974
2.43860
1.79980
2.98738
1.32552
0.39616
2.01269
2.13815
2.35149
1.99384
2.14353
1.61451
2.30845
2.84196
2.30690
1.95461
2.15562
1.44612
2.21835
1.05360
0.91429
1.46588
1.34504
1.54253
1.42240
3.73110
3.54922
5.02682
3.59149
3.25807
2.99096
3.99275
4.35316
4.28925
2.11551
1.53253
1.84666
3.14028
2.24911
2.58221
3.17566
2.29541
2.70208
2.75701
0.07478
0.96626
3.07302
2.39050
1.15191
2.07096
1.63564
1.25928
1.85298
2.41587
1.96684
7.74324
4.38120
5.90383
4.50014
5.70020
0.86306
5.08281
8.61883
7.21930
8.47917
1.27836
2.28628
2.12060
3.79775
1.79202
1.19754
2.74077
2.48676
2.80956
1.33124
5.09062
6.17935
5.61378
8.11917
6.74300
6.25059
6.78998
6.49177
7.70869
7.10921
1.56072
2.49342
1.86880
1.73297
1.45914
2.19662
1.53513
2.83849
1.93158
3.72405
2.15179
2.19665
2.46970
3.21476
3.14303
2.21255
2.08387
2.85848
2.23101
3.42156
5.74630
5.80068
6.55603
6.97983
5.98399
5.94813
5.60954
5.82321
4.97901
5.01936
5.21683
3.69724
3.42986
5.20447
3.92218
4.21907
3.11934
2.95778
3.06421
3.69021
2.60082
7.25163
5.80613
1.62663
6.49582
4.99324
0.94763
8.21422
7.42927
6.38893
2.53075
2.03912
1.99819
1.66932
0.85061
1.85266
1.23093
1.79341
1.50468
0.81568
7.02456
8.05061
4.71815
5.17194
6.70860
9.09955
5.47303
4.39186
6.48599
7.57500
3.29455
3.09997
2.59297
2.00396
3.14768
1.79312
3.59613
3.86645
3.70137
2.90283
2.65238
3.09015
3.59304
2.95056
2.04893
2.13018
2.96982
2.87499
3.12841
1.85174
2.28343
2.10475
1.95163
3.50615
2.41452
1.49886
2.21676
1.96901
2.26912
2.15922
1.54919
1.60967
2.41261
1.68934
3.14648
3.10877
3.72530
2.96732
2.72350
3.04638
1.64929
2.11753
0.73299
2.01832
1.41586
2.67435
2.03205
0.73571
1.81450
2.27686
1.69189
1.48587
2.19283
1.93779
1.54523
0.82154
2.10505
1.40178
7.30464
6.36859
7.31080
8.17219
5.30503
6.58809
6.47424
7.72992
8.71251
9.19612
0.53239
0.90383
0.96959
1.30585
0.91031
0.47904
-0.25548
1.57619
0.00864
0.43279
6.96746
5.97526
8.01892
5.62597
5.76169
5.91208
7.04714
6.48620
6.95337
5.56216
1.65695
3.53738
3.13612
3.77728
4.78181
4.40311
3.32905
3.00202
3.30812
2.55069
1.96289
8.41424
8.29656
8.82062
7.49744
7.03684
7.50888
6.99547
7.91632
9.15290
7.90314
2.27242
1.45888
1.77042
2.10194
1.24998
2.21476
2.55216
1.67530
2.53731
1.77674
1.29213
3.07089
1.00672
1.21170
2.71283
0.84251
1.68304
1.11101
0.10388
1.58865
0.92222
0.28537
2.67674
1.29497
1.29111
1.32141
1.41196
1.74986
0.99644
1.32436
1.13408
1.54783
1.70785
2.96353
1.23944
2.16340
2.60765
2.66769
2.73575
1.82662
1.76373
1.73419
2.00121
1.50356
1.79243
1.64525
1.77120
1.32896
1.43985
1.71338
1.85151
2.11643
2.74557
3.48539
2.35430
3.17852
3.19819
3.45326
2.53742
2.74878
1.96274
3.77571
3.35642
5.34959
8.03536
4.19430
6.33508
8.48700
7.35704
6.37839
7.80994
5.72288
5.25695
5.04178
6.08445
5.13652
4.86291
5.53354
6.94454
5.06617
5.60566
6.47296
1.49024
1.26176
0.10656
1.33643
1.47633
1.22708
0.85471
1.24025
1.84234
1.14522
1.39060
1.19330
0.92745
1.94597
1.54154
1.88251
2.60525
2.15206
2.22771
2.16360
2.19999
3.83417
2.21181
3.51797
4.27055
3.98843
4.05032
3.27628
3.89951
3.26578
7.30553
6.25454
6.22655
6.90424
6.99944
7.86038
9.45499
7.81777
7.84188
8.02955
2.71228
1.28980
2.80828
3.35195
2.73821
3.06573
2.87532
1.27819
3.41977
3.24171
2.38927
2.27437
3.49642
4.41884
3.68796
2.77308
3.59811
3.37807
3.50942
4.55363
3.48971
3.57290
3.12702
2.51357
3.02333
3.11527
2.14824
1.98674
2.83399
3.21926
2.56591
2.14837
3.07741
3.35115
2.23741
2.23777
3.37919
2.00165
3.33386
2.69222
3.92302
3.14726
2.04381
2.31733
2.07929
3.24127
2.01818
3.51682
3.70619
2.91146
2.62622
3.17239
0.37001
3.52274
3.24284
2.03897
1.82468
1.81131
2.52964
2.60939
2.35255
2.29172
0.94932
0.50050
1.66033
0.89071
1.05657
1.47141
0.75787
2.11322
1.47802
0.54707
0.61388
1.65730
0.52550
1.37304
0.74865
1.53906
0.95770
0.76643
7.18356
7.77012
7.17341
7.78524
6.43298
6.78360
6.29291
7.37995
9.26227
6.77058
7.40684
7.99741
7.08578
7.50076
9.14320
7.91141
7.34476
6.19125
7.22334
7.14322
5.58788
7.48784
2.56960
5.81232
3.77915
4.42361
5.86769
5.37062
3.64121
7.17086
1.68549
1.32098
1.60361
0.93867
0.77300
1.05228
1.70766
1.07915
1.34466
0.39728
1.96374
2.38771
1.34824
2.55191
2.28700
2.15693
2.05054
2.08060
2.27059
2.96858
3.19896
2.36039
2.41019
2.69802
2.67025
2.92234
3.10293
2.90787
1.00812
0.37683
1.14329
0.94888
1.25429
1.14206
1.21719
1.33501
1.28103
1.23098
2.26135
2.77136
5.56006
6.65493
6.26281
5.67384
6.04259
6.27205
6.13261
6.21414
7.14978
9.39028
2.28152
1.97337
1.92805
2.04593
2.06816
2.25599
1.87633
1.73353
2.20026
2.36297
1.41638
1.74487
2.83478
2.07622
2.02976
1.10380
2.18771
2.54779
3.50050
2.12750
1.67482
2.18491
2.44570
1.33872
2.14271
2.20263
1.99476
1.12376
2.01028
2.16235
1.06121
1.32735
0.45077
0.63757
0.24647
0.71245
0.97530
0.98547
0.04348
0.69525
2.14181
2.96752
3.76667
4.20286
3.21234
2.29034
2.54224
3.20767
3.22685
3.84882
6.80295
4.58503
5.76313
2.25742
6.10176
7.65632
8.22576
6.63369
9.58465
9.33507
7.52950
6.17975
7.78950
8.89704
8.22214
8.52438
8.18228
8.03924
9.28787
6.37850
2.81011
1.96630
2.04820
2.01342
2.75673
2.84451
1.79382
3.07704
2.22942
2.99895
2.74802
3.12570
1.80539
1.52331
2.84783
2.73852
2.62254
3.44947
2.83889
3.74963
4.53781
8.86924
9.66220
7.80804
6.73436
7.78052
9.34732
8.99475
9.77608
7.23776
1.09302
1.21237
1.21181
1.13106
0.66104
1.07210
1.04449
2.10180
0.90469
1.47252
0.63690
1.45588
0.65986
1.17741
0.98135
1.23872
1.27011
1.66833
1.68504
1.31496
2.17697
2.78607
2.11084
1.38512
1.12588
2.83786
2.43823
1.24444
1.62386
2.46428
1.66299
2.76412
2.89554
1.60139
3.01747
2.11256
0.85985
1.42683
1.84422
2.71581
1.87310
2.47626
2.16730
3.38380
3.76884
4.15984
2.08785
3.50121
5.22513
3.10400
8.76878
6.47780
8.08750
7.67199
8.27514
4.61708
8.38376
3.81067
7.19931
6.17021
3.16880
3.19981
2.42229
2.08414
2.39721
3.00599
1.77347
2.33994
2.29248
3.40308
2.60529
2.65220
2.90875
2.53157
3.48901
4.03629
1.39962
3.07581
2.62207
3.36378
-1.48637
-2.52400
-3.47200
-3.46100
-3.51100
-4.40500
-2.01500
-1.63200
-3.52100
-3.72200
-3.04300
-0.72000
-2.10700
-2.93900
-1.56900
-0.33800
-0.70400
-2.06800
-2.38700
-2.68300
-3.48700
-2.71700
-4.29600
-0.92500
-2.10000
-1.62900
-3.65500
-3.37400
-3.98100
-3.11900
-1.67200
-2.73800
-1.75500
-4.58800
-1.13700
-4.17600
-3.29900
-1.92700
-3.40200
-4.98600
-2.89700
-1.83100
-0.81500
-2.25400
-4.22000
-3.29800
-0.50700
-3.37200
-2.39400
-3.30800
-4.16200
-2.67100
-3.27000
-1.22400
-1.42900
-4.40700
-1.28800
-2.52800
-1.42900
-2.14000
-1.54400
-1.47000
-0.15900
-0.82800
-2.96900
-3.77400
-4.15800
-4.05500
-3.01900
-0.61700
-3.22500
-4.98200
-0.37000
-2.33700
-3.21200
-2.79900
-1.74200
-1.16800
-1.33900
-0.65100
-2.38000
-2.78600
-0.97400
-1.17000
0.76000
-0.97700
-1.13300
-0.21000
-0.27900
-1.91200
-1.74900
-1.16100
-0.39800
-1.73400
-0.20800
-1.46400
-1.30300
-2.60100
-0.70400
-4.20800
-1.64400
-2.54600
-3.49700
-3.19900
-3.23900
-2.01700
-3.57700
-2.27100
-3.62300
-2.58900
-3.20800
-2.92800
-2.55100
-1.57600
-4.28900
-4.04300
-2.64900
-1.45200
-2.67500
-0.35000
-3.09500
0.00800
-0.07000
-2.24200
-2.39100
-2.19200
-2.77700
-2.92300
-2.27100
-3.24300
-1.56700
-3.19700
-2.73100
-4.35800
-1.57200
-2.90900
-3.64300
-3.09900
-0.38300
-2.63500
-2.90100
-2.73700
-2.70000
-3.32700
-1.53900
-2.57400
-1.18800
-3.04100
-3.00700
-0.42100
-0.35500
-1.36300
-2.85900
-2.63300
-3.18300
-2.82300
-1.25200
-2.87600
-2.73700
-1.11800
-1.61500
-4.52900
-3.94100
-3.20400
-3.40800
-2.23600
-3.39400
-3.44700
-1.98200
-0.22300
-3.38300
-2.43000
-1.85500
-2.58700
-1.93800
-2.62300
-2.94400
-3.00500
-0.20500
-2.54100
-1.93300
-3.05200
-2.89500
-2.31400
-3.83600
-2.89400
-2.56800
-2.96400
-0.03600
-3.88900
-1.09900
-2.42700
-2.03300
-0.24300
-3.25300
-2.35000
-3.31100
-0.25200
-6.00000
-5.26900
-7.72500
-2.38800
-4.78500
-5.37200
-4.80000
-2.78500
-1.60400
-0.91400
-1.78100
-4.01900
-3.21100
-4.08300
-2.49700
-3.24800
-1.78900
-4.35600
-1.72400
-3.70300
0.10300
-3.16900
-2.01100
-3.65900
-3.20200
-1.85000
-2.82800
-3.07600
-1.87200
-1.45700
-0.77200
-2.97700
-2.27200
-3.51800
-3.09900
-0.00800
-2.40800
-2.60300
-0.61300
-0.66700
-1.71300
-2.28600
-1.86200
-2.64300
-2.11200
-1.03400
-2.54400
-0.74900
-1.35500
-0.97600
-1.66400
-1.62200
-1.01000
-1.74600
-1.65900
-1.70700
-1.67200
-0.12400
-1.35000
-1.23200
-1.33700
-1.69400
-1.86300
-2.08900
-0.84200
-0.23200
-0.17300
-1.89200
-2.02300
-0.70700
-1.92400
-2.31900
-0.72800
-1.14500
-0.42300
-1.81200
-1.62300
-1.59800
-2.14500
-1.30500
-5.82000
-3.78900
-4.91900
-3.90000
-5.55300
-6.06600
-4.04700
-5.71600
-1.47700
-5.18600
-2.39900
0.11000
-1.53200
-3.14600
-1.91100
-3.80900
-2.08700
-2.47700
-3.23100
-3.85000
-2.37000
-4.27000
-3.61300
-2.57300
-1.36800
-2.55100
-3.61400
-1.96000
-1.71200
-4.07600
-0.33700
-2.37700
-0.10900
-3.71800
-3.44300
-0.99900
-2.39700
-2.64800
-2.85200
-2.53700
-0.62200
-2.63000
-2.01900
-3.61100
-3.84200
0.63854
-3.01200
-4.56400
-3.20400
-0.72600
-1.40700
-1.57400
-1.53500
-0.40400
-2.50000
-0.91000
0.13900
-1.39800
-1.55200
-2.01300
-3.12100
-2.19300
-4.91900
-2.83300
-4.48800
-3.77400
-4.74800
-6.25900
-4.44700
-4.63600
-2.45000
-2.98800
0.69500
-2.97300
-2.73800
-0.19400
-0.70300
-0.14600
-3.50700
-3.44000
-2.95500
-4.57000
-1.13400
-4.69800
-4.03100
-1.00700
-3.62400
-3.19700
-3.09400
-2.34700
-2.56200
-1.02500
-2.76200
-1.84700
-0.19600
-2.44900
-3.19400
-2.77400
-3.14400
-3.14000
-1.47200
-1.44000
-1.73400
-0.53400
-1.17800
-1.35300
0.03100
-0.89500
-1.54300
-2.04600
-2.35500
-2.88300
-3.26700
-3.98300
-1.93400
-3.23900
-3.47100
-3.75800
-2.00900
-0.41400
-2.23800
-0.98800
-3.02100
-2.91500
-3.28100
-1.39200
-3.19200
-2.73600
0.43542
-2.14100
-1.29500
-1.14400
-2.22800
-1.69800
-1.99300
-0.95300
-1.94900
-2.79800
-2.22300
-0.10600
-2.01000
-1.58300
-0.82200
-2.90800
-1.23500
-3.88100
-3.24300
-3.30600
-2.49100
-2.01400
-3.52200
-0.54000
-2.70300
-2.01400
-3.25700
-3.28600
-1.81800
-0.05200
-3.11400
-2.64100
0.88069
-2.39200
-0.33700
-0.52200
-0.43700
-0.52300
0.34506
-2.40400
-2.45800
-0.46900
-2.82700
-2.32000
-2.51600
-3.41100
-4.16700
-3.88100
-4.41800
-4.59400
-4.13900
-1.53800
-2.57400
-4.60700
-5.29900
-2.55000
-4.55100
-4.93000
-2.52100
-7.44500
-6.32800
-3.73400
-3.78500
-1.35900
-4.15400
-4.48200
-3.20700
-2.12000
-4.21700
-3.02400
-5.85400
-2.54400
-1.12500
-0.38800
-3.33300
-1.59900
-0.54000
-3.41700
0.03800
-3.16000
-2.54000
-1.86900
-0.33000
0.11100
-2.28700
-2.98600
-2.40000
-0.59800
-3.43400
-2.22900
-2.42800
-0.29800
-5.01800
-3.14400
-3.72700
-4.07200
-2.81300
-4.22200
-4.19300
-3.72300
-5.42900
-1.12400
-2.42900
-3.66200
-1.33200
-4.21200
-1.55100
-2.98700
-3.47100
-2.87700
-0.72300
-1.21900
-1.12200
-2.71700
-1.10900
-1.76500
-2.03600
-2.65900
-0.05100
-4.13700
-0.49400
-2.18000
-3.66900
-0.77300
0.31700
-2.88800
-2.33100
-3.16600
-2.28300
-2.73300
-2.44300
-2.37500
-2.44900
-1.80000
-1.96600
-1.86900
-1.30000
-1.20200
-1.16900
-0.50800
-2.89500
-5.35000
-4.07000
-5.34600
-6.29000
-5.64000
-4.71800
-1.31900
0.05100
-3.06100
-4.33300
-3.40200
-5.36500
-1.80800
-4.75700
-5.52100
-1.50700
-7.11000
-4.48200
-5.16700
-2.25800
-0.24900
-4.53300
0.28000
-2.82400
-1.35700
-1.78500
-2.38200
0.15100
-1.45700
-2.08900
-0.91700
0.33900
-0.62700
-1.74900
-0.80000
0.22300
-0.29100
-1.80500
-2.08100
0.97294
-1.54700
-0.92200
0.30200
-2.95900
-0.67200
-1.86600
-2.24200
-2.51900
-2.42800
-0.67300
-0.55100
-2.66100
-1.13800
-2.01600
-1.17000
-0.61300
-1.59600
-0.16200
-2.11700
-1.56400
-2.58400
-2.36000
-3.75500
-2.41100
-3.22300
-3.02600
-1.62300
-1.88500
-2.52700
-2.79900
-0.38000
-3.37500
-2.23000
-2.75800
-2.47500
-2.92300
-1.41400
-1.79300
-2.61200
-2.36800
-1.40600
-2.11600
-1.18700
-2.25200
0.06000
-2.54600
-1.39100
-2.69900
-1.52200
-5.08200
-5.12900
-5.10800
-7.50700
-2.70000
-1.77000
-4.16800
-5.93100
-5.41000
-5.91600
-1.70400
-3.46800
-1.09700
-2.62800
-2.99000
-2.93700
-2.32400
-0.92900
-3.67300
-2.15400
-3.19900
-4.18400
-2.67200
-2.76000
0.22500
-1.43600
-2.54300
-3.35900
-3.85600
-3.78200
-2.69800
-0.52200
-1.95700
-2.45600
-2.43400
-2.44300
-2.94900
-2.72600
-3.14800
-3.66900
-1.86900
-1.61000
-1.00500
-0.48900
-2.98200
-0.98500
-1.91200
-0.84900
-1.34000
-2.45700
-3.06600
-3.19100
-2.40500
-4.04700
-2.99100
-3.47300
-1.82800
-1.56700
-3.81000
-4.51900
-2.69300
-1.90800
-2.94000
-1.22200
-2.08400
-0.71100
-2.17300
-2.26500
-2.66700
-2.58900
-2.92500
-3.07800
-3.72800
-1.69100
-3.73300
-2.09600
-1.76700
-3.17000
-1.48400
-0.69300
-1.06100
-1.82900
-2.21500
-2.33000
-0.58400
0.39300
0.36300
-0.21300
-1.65500
-1.25800
-1.03000
-0.23200
-1.81000
-1.07100
0.26300
-0.97900
-1.33700
-1.51600
-1.48300
-2.49500
-0.98300
-0.33300
-1.36900
-1.13500
-1.07100
-1.54900
-0.73800
-0.78200
-0.83600
-0.81200
-0.96200
-1.38000
-2.16300
-0.16000
-2.89300
-2.32900
-0.29500
-1.71700
-1.71400
-2.46300
-1.82400
0.47300
-1.87100
-0.78900
-1.38300
-0.51500
-1.65700
-0.12800
-2.56000
-1.63800
-2.34800
-1.84600
-1.26300
-2.16600
-0.66900
-2.47200
-1.51300
-1.47800
-2.25000
-2.24800
0.47000
-3.29800
-1.20000
-1.75300
1.11387
-2.94300
0.33800
-1.53500
-2.20900
-1.86700
-0.86000
-1.19800
-2.17600
-0.37900
-1.38700
-0.33300
0.67873
-1.44800
-1.76700
-2.17900
0.38155
-0.65000
-0.23600
-0.43300
-0.40500
-2.02600
-0.05200
-0.52800
-1.35200
-1.01200
-2.75700
-2.98600
-1.35100
-1.44400
-1.65200
-2.14600
-2.93200
-3.12900
-2.21900
-1.68800
-1.55900
-1.28800
-1.74400
-2.18600
-1.17600
-1.59000
-0.76600
-0.61800
-0.46500
-1.49900
-1.92400
0.16800
-1.20800
-1.39000
-1.05300
-1.24000
-0.11400
-1.09800
-1.63700
-1.55500
-2.35500
-1.49800
-1.71200
-0.94600
-2.69800
-0.45800
-2.97300
-3.57000
-3.06900
-3.76300
-3.08400
-0.86600
-3.10000
-1.64000
-0.86800
-2.36300
0.36847
-2.77600
-0.77100
-2.62700
-4.25700
-6.15000
-5.12800
-4.16400
-5.24600
-4.57000
-2.56700
-0.27400
-2.89200
-4.99400
-0.73300
-1.28700
-2.20800
-1.87100
-1.17100
-1.49500
-0.51900
-2.38900
-0.91300
-0.38600
-3.77000
-3.34400
-3.14900
-3.10200
-0.91000
-2.51400
-1.89400
-3.65400
-2.22000
-2.47200
-3.57600
-6.05400
-2.56500
-2.02100
-2.32800
-4.16000
-3.95000
-5.20400
-4.88200
-3.30000
-2.76300
-1.95000
-1.64300
-2.93300
-0.29500
-2.30000
-2.23400
-2.19200
-0.30200
-2.02100
-1.21200
-1.93300
-2.17400
-4.47700
-4.53200
-2.47800
-4.25600
-4.01800
-4.20100
-4.07100
-2.65200
-1.35100
-1.69300
-2.80600
-3.62500
-2.91100
-3.02200
-3.50300
-3.53900
-3.72800
-3.73600
-0.55100
-2.53100
-3.41000
-0.32700
-1.04300
-0.25300
-0.19900
-2.08700
-2.81000
-1.00100
-1.71600
-2.47000
-2.92800
-2.92300
-2.09400
-1.18800
-2.67400
-2.65000
-1.08000
-2.82400
-1.61700
-1.41400
-0.84000
-2.65000
-2.91400
-1.14800
-0.98100
-1.54300
-1.96800
-1.08700
-2.96800
-3.21700
-3.69700
-1.98100
-3.78100
-3.16900
-2.76600
-0.89400
-0.05400
-1.85900
-3.70500
-3.59000
-0.55000
-4.62300
-3.51700
-2.98700
-4.03400
-0.51800
-0.20500
-1.21800
-1.31400
-1.85100
-2.72400
-1.57100
-1.80100
-1.74200
-3.16100
-2.56600
-3.01100
-1.90400
-2.77600
-1.81700
-1.49900
-2.32000
-2.20600
-2.46100
-0.63600
0.08900
-3.92100
-0.62000
-2.46300
-4.62700
-3.42800
-3.66800
-4.33100
-4.12000
-1.22100
-2.03800
-2.27400
-2.27900
-0.80800
-1.75400
-2.87900
-3.89100
-2.51800
-2.33800
-2.69700
-3.06900
-5.43400
-1.26000
-3.31900
-4.64200
-4.22400
-5.71900
-5.14000
-3.69700
-5.97400
-2.92600
-1.85200
-2.41100
-3.63300
-1.36200
-3.93800
-3.34300
-2.18300
-2.55900
-2.87300
-1.74900
-5.00200
-4.79200
-1.13700
-4.30500
-3.47700
-5.60200
-3.72600
-3.38700
-3.69300
-3.47600
-2.44500
-1.39800
-1.86800
-2.31900
-0.34000
-3.16700
-2.53700
-2.01700
-2.72800
-2.04300
-0.83400
-1.98700
-2.74500
-2.65100
-1.61100
-3.54800
-1.16300
-3.13400
-2.62500
-2.62400
-2.29800
-1.52500
-2.42900
-2.07400
-3.00700
-2.48300
-1.55900
-2.25500
-1.39500
-2.74600
-2.65100
-3.16000
-1.39900
-0.76500
-1.94300
-2.28800
-2.22200
0.20400
0.07000
-1.35400
-1.88200
-2.29600
-2.00000
-0.34900
-0.12600
-2.54800
-2.34300
-3.30800
-1.39900
-2.67700
-2.08800
-2.65500
-3.44200
-2.53900
-3.22600
-3.16300
-2.89400
-2.38600
-2.45500
-3.51600
-2.91800
-3.02600
-2.48700
-3.58300
-3.61600
-1.45600
-2.15700
-4.12200
-3.39000
-4.33700
-1.71900
-2.66400
-2.74500
-3.03600
-3.99100
-4.28300
-5.44400
-4.06100
-0.65900
-2.81100
-3.80000
-2.73500
-3.56600
-2.24600
-3.24400
-2.32100
-0.35000
-3.20800
-3.59000
-2.12500
-1.39200
-2.73400
-2.70200
-3.89100
-2.64800
-1.52300
-3.50000
-3.27700
-0.33000
-3.15000
-3.14300
-0.22200
-3.30900
-3.22800
-2.06300
-1.54900
-1.69300
-2.63700
-2.93900
0.19900
-2.01300
-1.51700
-3.80100
-4.07700
-4.50800
-1.91700
-1.44300
-3.94900
-1.11100
-5.06900
-1.62200
-5.66600
-1.34800
-2.10100
-2.60200
-3.19900
-1.97400
-2.57400
-2.06900
-1.44500
-1.59500
0.11300
-1.38300
-1.82100
-3.24700
-0.54400
-2.26800
-2.33600
-2.06400
-1.59600
-1.38100
-1.77700
-2.84800
-2.82600
-2.03800
-3.45900
-0.41600
-2.67000
-2.64700
-3.67900
-2.99200
-2.96200
-3.57000
-1.37700
-2.56500
-3.69500
-3.82800
-2.49100
-1.02200
-3.35000
-3.84600
-3.78500
0.04900
-1.95400
-3.52900
-4.51000
-3.47100
-1.17800
-3.82300
-3.26700
-3.00800
-1.64200
-2.50600
-5.28600
-3.45900
-4.93300
-1.56600
-3.62000
-2.89400
-4.46800
-1.56100
-3.99900
-2.39700
-2.99400
-2.86800
-1.52700
-0.96100
-1.92800
-1.90300
-2.43500
-3.38200
-0.79800
-0.99300
-2.08700
-2.32400
-0.31800
-2.61200
-2.38500
-2.30600
-1.63400
-1.73900
-2.14600
-3.73200
-5.10800
-2.17200
-3.29000
-3.58000
-4.71200
-3.21900
-3.81900
-0.49700
-4.28000
-5.13500
-4.55300
-4.93600
-5.77000
-0.46200
-3.63400
-4.33000
-4.88400
-5.49600
-5.28600
-3.56700
-3.74800
-3.06500
-3.95400
-3.25400
-3.52200
-3.61900
-2.89900
-2.23000
-3.55400
-2.53800
-3.42400
-2.16500
-0.16600
-1.97900
-2.07200
-2.25800
-2.03700
-1.73600
-3.41600
-0.78900
-0.68200
-0.47000
-2.54600
-0.78900
0.00700
-1.02100
-0.72600
-2.48700
-2.53600
-2.06300
-1.49300
-2.00400
-2.05500
-0.08400
-1.75800
-1.82300
-1.31100
-1.52700
-0.96800
-2.09400
-1.77500
-1.22100
-1.42100
-2.25000
-0.55300
-2.07800
-1.53600
-2.34600
-2.20700
-3.15200
-5.24200
-4.86500
-4.95500
-5.44500
-6.75100
-4.82200
-2.67000
-5.40700
-1.56100
-1.78900
-2.37600
-2.68600
-3.28800
-3.30900
-3.58800
-0.96000
-1.20400
-1.75200
-2.18900
-2.07500
-1.10200
-0.33000
-3.49700
-3.77700
-0.94600
-2.41200
-0.38200
-3.80300
-1.37500
-1.91300
-3.54900
-3.06500
-1.59300
-2.15900
-2.84700
-1.89900
-3.84500
-4.07900
-2.99500
-1.26900
-3.17900
-2.79500
-2.09200
-2.58900
-2.27000
-1.80900
-2.97200
-2.67800
-3.92600
-3.04400
-2.48200
-3.15600
-3.16700
-2.44100
-2.64000
-3.00200
-3.19700
-2.02400
-1.22000
-1.78700
-3.78000
-2.65300
-1.21800
-1.34800
-3.04400
-3.15300
-3.45300
-0.37400
-0.59300
-3.70700
-5.01900
-4.54100
-5.63800
-5.20200
-3.98600
-5.04900
-5.35400
-2.17000
-4.11800
-3.55000
-1.24600
-1.44900
-2.73700
0.98717
-1.93700
-2.22000
-3.03000
-2.21200
-0.89000
-0.56800
-2.88800
-2.51800
-2.58200
-3.33700
0.69759
-3.51500
-2.83800
-3.12500
-2.07100
-2.41900
-3.77500
-2.31800
-2.85400
-4.00700
-3.46100
0.00400
-4.38200
-5.18300
-3.03000
-3.33500
-2.78200
-2.83500
-3.35700
-3.46000
0.02400
-2.93900
-2.53300
-3.35300
-2.73600
-1.62800
-0.74600
-1.78200
-2.26100
-2.14900
-2.16400
-1.67500
-1.43000
0.15900
-1.30000
-0.24500
-0.41500
0.04500
-1.85600
-2.08100
-2.39700
-2.21900
-2.11400
-1.17700
-0.72000
-2.31100
-2.17600
-1.49600
-2.62000
-0.65400
-2.07600
-3.31300
-2.47300
-3.55500
-4.09100
-2.71400
-3.08800
-1.99300
-2.46200
-2.00700
-2.66500
0.18200
-0.31900
-3.36100
-2.45600
-3.45100
-4.10500
-4.73900
0.79706
-1.70200
-3.43000
-1.02100
-3.81100
-3.43300
-1.85300
0.24000
-3.21500
-2.66900
-3.42100
-0.91300
-3.86600
-4.13500
-3.51800
-3.34000
-3.53700
-3.11000
-0.76300
-4.02900
-3.48600
-3.59900
0.70481
-2.45800
-0.74100
-3.27400
-0.08100
