2.313 
1.490 
-0.784 
2.389 
2.518 
1.061 
0.967 
2.899 
2.830 
0.777 
2.780 
2.768 
2.389 
3.244 
3.087 
3.144 
2.539 
0.683 
1.498 
5.597 
3.210 
1.995 
3.233 
3.606 
4.356 
5.408 
3.020 
4.727 
5.986 
3.613 
3.900 
7.183 
2.542 
3.738 
5.218 
3.349 
3.779 
1.696 
1.677 
3.959 
0.583 
3.019 
5.590 
3.288 
3.429 
4.748 
4.369 
4.671 
2.697 
4.835 
3.720 
4.577 
3.939 
3.720 
3.384 
5.460 
2.849 
4.740 
3.780 
5.219 
6.166 
4.899 
4.981 
4.069 
3.610 
1.967 
5.314 
4.379 
4.372 
1.500 
2.544 
4.089 
1.289 
2.733 
1.043 
3.823 
2.253 
2.481 
2.820 
2.689 
3.535 
2.266 
2.891 
2.226 
3.075 
1.762 
3.046 
2.838 
2.873 
1.335 
0.915 
1.887 
4.215 
3.212 
1.010 
3.286 
3.043 
3.791 
5.222 
3.958 
3.503 
3.710 
5.802 
5.090 
6.369 
4.340 
4.026 
0.798 
2.678 
0.426 
0.995 
3.908 
2.914 
3.020 
3.167 
1.640 
4.387 
1.538 
3.492 
3.082 
3.233 
0.900 
2.065 
2.585 
4.221 
3.889 
2.538 
3.843 
4.642 
5.109 
3.136 
3.608 
2.975 
1.924 
3.310 
2.403 
2.937 
3.053 
2.252 
2.127 
2.250 
2.897 
2.138 
1.554 
2.393 
1.406 
1.581 
3.792 
1.109 
3.027 
0.316 
1.337 
1.606 
3.306 
2.122 
2.853 
4.253 
4.085 
3.331 
3.148 
3.625 
4.185 
3.175 
1.933 
2.654 
4.707 
4.127 
3.856 
2.024 
1.473 
1.812 
0.985 
3.137 
1.999 
2.141 
1.195 
2.677 
-0.225 
1.532 
2.652 
2.842 
0.876 
0.576 
1.237 
0.971 
3.419 
2.023 
3.120 
5.342 
2.905 
3.308 
4.097 
4.036 
2.463 
4.013 
3.932 
4.660 
3.674 
2.148 
2.592 
3.513 
2.768 
2.190 
2.866 
2.069 
3.116 
1.962 
2.519 
1.481 
2.738 
3.041 
0.851 
5.528 
2.455 
1.655 
3.351 
1.670 
1.743 
3.852 
4.926 
4.939 
5.629 
7.153 
6.878 
5.369 
6.317 
5.294 
3.529 
3.320 
1.545 
2.535 
2.221 
2.716 
1.751 
1.479 
2.980 
0.866 
3.003 
2.857 
4.036 
2.446 
4.061 
3.722 
4.657 
3.182 
3.675 
2.445 
3.083 
0.923 
0.242 
0.982 
1.440 
1.503 
4.262 
2.865 
0.519 
0.841 
3.177 
0.978 
1.630 
1.873 
1.086 
1.873 
2.053 
3.399 
0.587 
1.585 
1.808 
1.361 
1.548 
3.840 
1.068 
3.188 
4.413 
2.312 
1.079 
1.725 
2.891 
2.749 
2.568 
2.465 
3.110 
4.454 
4.407 
4.052 
2.588 
3.439 
4.020 
3.502 
1.666 
3.376 
3.892 
1.548 
0.907 
3.938 
2.085 
1.092 
0.844 
3.029 
4.702 
2.309 
1.826 
2.610 
5.477 
1.839 
1.170 
2.504 
2.796 
2.167 
3.824 
5.386 
2.233 
3.271 
2.482 
2.249 
2.716 
3.055 
2.156 
0.562 
3.995 
3.204 
2.137 
2.615 
1.722 
2.711 
3.252 
2.641 
2.667 
2.085 
0.578 
2.886 
2.856 
3.542 
2.236 
1.362 
3.253 
2.629 
2.205 
4.044 
1.032 
4.698 
3.092 
3.961 
3.229 
0.329 
2.445 
1.917 
1.499 
3.324 
4.645 
4.702 
4.075 
3.890 
5.253 
4.859 
3.366 
4.707 
5.087 
1.718 
2.482 
-1.165 
2.613 
3.375 
2.269 
2.305 
3.982 
4.523 
6.674 
4.919 
3.504 
7.352 
5.347 
5.164 
4.725 
7.005 
3.795 
6.815 
5.068 
2.680 
0.722 
1.998 
1.583 
3.708 
1.501 
-0.565 
2.121 
2.005 
2.315 
3.635 
4.261 
4.418 
6.521 
2.530 
5.732 
3.701 
5.291 
5.059 
6.443 
3.478 
3.357 
0.286 
1.187 
0.346 
2.491 
0.979 
2.827 
2.610 
3.735 
4.533 
3.457 
4.412 
2.476 
3.884 
4.203 
2.613 
4.737 
2.049 
1.596 
3.047 
3.515 
3.467 
4.440 
4.140 
6.889 
2.626 
4.636 
4.765 
2.921 
3.714 
3.325 
3.458 
3.822 
3.891 
2.985 
4.658 
4.442 
4.474 
4.016 
1.720 
0.701 
3.257 
3.049 
1.332 
2.003 
0.870 
2.882 
1.761 
2.667 
3.170 
3.699 
3.495 
2.470 
3.591 
3.105 
3.114 
3.715 
3.795 
2.448 
2.171 
4.007 
2.894 
3.771 
3.174 
1.683 
2.564 
3.203 
3.322 
2.511 
3.173 
3.076 
3.473 
3.202 
1.914 
2.014 
2.231 
3.154 
4.064 
6.544 
2.642 
1.593 
4.799 
4.317 
3.870 
3.446 
3.969 
2.953 
6.349 
3.288 
3.807 
2.116 
4.860 
4.253 
4.645 
1.678 
3.214 
3.704 
4.683 
3.172 
4.229 
3.474 
3.267 
4.195 
3.742 
4.570 
3.389 
4.282 
5.066 
0.774 
-0.048 
1.787 
3.930 
1.999 
3.180 
2.746 
3.364 
1.135 
3.273 
3.589 
2.138 
4.024 
0.787 
2.411 
1.741 
2.398 
2.599 
1.829 
2.496 
5.239 
4.464 
5.049 
5.945 
6.186 
3.460 
3.944 
3.646 
4.648 
0.742 
-0.373 
-0.313 
2.676 
3.238 
0.855 
1.930 
2.647 
1.155 
0.493 
3.001 
3.602 
2.819 
2.683 
3.937 
3.567 
2.480 
2.651 
2.576 
2.633 
5.497 
4.136 
4.749 
3.713 
3.883 
4.344 
1.707 
4.014 
1.822 
3.280 
3.387 
3.241 
4.328 
2.697 
6.706 
4.307 
3.270 
3.445 
1.476 
2.897 
4.255 
1.799 
0.959 
3.116 
1.434 
2.237 
1.703 
1.465 
1.936 
0.981 
3.256 
2.804 
5.308 
3.662 
2.142 
0.948 
2.512 
1.581 
2.470 
1.750 
3.056 
2.556 
-0.300 
0.401 
2.286 
0.573 
0.951 
1.235 
1.995 
1.531 
2.219 
0.689 
2.789 
2.434 
0.897 
3.103 
2.399 
2.927 
0.849 
4.176 
2.344 
0.413 
2.625 
1.842 
0.710 
0.659 
1.956 
1.173 
3.529 
1.480 
1.759 
3.249 
1.795 
3.067 
3.497 
-0.563 
0.597 
0.503 
1.289 
1.244 
4.831 
3.552 
4.247 
3.667 
3.464 
2.716 
5.130 
4.030 
3.636 
3.991 
1.143 
3.755 
0.878 
0.631 
1.818 
0.782 
3.387 
1.065 
1.355 
1.310 
4.419 
5.299 
5.964 
4.936 
4.628 
1.291 
3.883 
1.486 
5.269 
4.254 
6.205 
3.988 
4.256 
5.358 
5.807 
5.210 
4.475 
4.161 
4.438 
5.010 
4.071 
3.717 
5.625 
1.952 
5.840 
5.346 
5.844 
3.911 
4.231 
5.204 
2.640 
2.435 
1.964 
3.203 
3.014 
0.872 
2.613 
3.209 
2.857 
2.335 
0.871 
0.046 
2.094 
0.705 
1.819 
-0.588 
0.950 
2.074 
0.630 
1.807 
3.532 
5.824 
2.931 
1.974 
2.857 
3.376 
0.919 
5.508 
1.621 
2.800 
2.273 
1.527 
1.293 
2.452 
2.413 
2.418 
2.151 
3.194 
2.572 
1.343 
0.657 
3.246 
2.636 
2.576 
1.363 
2.583 
3.591 
3.116 
3.744 
2.222 
3.243 
3.331 
1.912 
1.494 
1.933 
0.277 
2.037 
1.304 
2.102 
1.158 
3.802 
5.067 
3.012 
2.870 
4.977 
3.543 
1.094 
3.391 
2.951 
5.603 
0.404 
1.209 
-0.385 
0.906 
0.588 
2.181 
3.118 
2.198 
0.784 
3.336 
0.779 
1.523 
0.817 
0.240 
2.349 
2.034 
2.440 
0.940 
1.243 
0.706 
2.349 
2.711 
1.900 
2.205 
2.095 
3.870 
3.321 
3.354 
2.999 
3.283 
0.012 
2.904 
0.630 
1.878 
1.792 
3.367 
1.938 
3.417 
3.174 
2.833 
1.630 
3.640 
2.322 
2.378 
1.397 
1.865 
0.922 
0.921 
2.156 
0.974 
1.781 
2.475 
3.377 
3.547 
1.698 
1.813 
2.846 
3.031 
1.883 
0.256 
1.899 
3.611 
2.966 
2.233 
3.396 
2.530 
1.550 
1.666 
2.802 
0.666 
1.635 
3.915 
4.236 
1.823 
1.928 
3.787 
0.778 
1.392 
2.839 
1.446 
7.224 
7.390 
3.974 
4.192 
5.257 
0.043 
4.395 
3.587 
2.460 
5.595 
0.792 
3.735 
2.358 
3.977 
2.170 
0.529 
2.365 
3.540 
4.784 
-0.174 
3.068 
5.137 
3.197 
3.743 
3.659 
3.340 
3.921 
2.749 
4.557 
4.207 
1.332 
2.122 
0.719 
0.576 
1.160 
1.671 
0.222 
2.576 
0.481 
2.273 
1.927 
2.081 
0.736 
1.690 
3.091 
1.819 
2.076 
2.826 
2.380 
2.481 
3.724 
4.049 
0.914 
3.222 
1.383 
2.240 
3.403 
2.442 
1.439 
1.731 
6.171 
4.253 
5.168 
5.127 
4.147 
6.870 
3.314 
4.166 
2.556 
6.666 
4.226 
3.007 
2.054 
1.213 
1.952 
1.603 
0.037 
3.080 
3.288 
2.363 
3.325 
0.769 
2.127 
1.948 
1.697 
1.755 
3.721 
2.136 
2.691 
0.783 
4.708 
4.241 
3.097 
3.291 
1.931 
2.063 
2.877 
3.314 
0.821 
3.296 
2.674 
4.079 
3.666 
0.735 
2.124 
1.390 
4.158 
5.155 
4.353 
2.786 
2.728 
4.458 
4.968 
3.195 
2.084 
2.220 
2.304 
3.910 
3.541 
3.067 
1.311 
3.516 
2.773 
2.946 
2.255 
3.062 
3.657 
2.593 
4.767 
2.715 
1.064 
3.196 
2.237 
1.039 
1.099 
3.964 
2.941 
3.371 
2.617 
3.653 
-0.405 
3.239 
1.083 
1.128 
1.902 
2.367 
4.312 
0.429 
2.742 
1.670 
1.553 
1.512 
3.710 
3.079 
2.081 
0.923 
2.666 
0.290 
5.516 
3.303 
3.693 
4.776 
4.581 
4.422 
3.952 
4.162 
4.320 
1.682 
0.311 
-0.055 
0.809 
0.650 
0.965 
-0.307 
0.321 
1.189 
-0.015 
-0.080 
3.210 
2.677 
2.186 
1.651 
2.982 
2.239 
3.548 
3.220 
1.179 
0.456 
2.952 
3.042 
3.357 
2.550 
2.524 
3.791 
3.002 
3.756 
2.913 
0.210 
1.825 
4.627 
5.809 
2.193 
5.450 
2.653 
3.233 
3.669 
5.641 
4.965 
3.943 
2.552 
1.200 
1.689 
1.491 
1.577 
1.404 
3.499 
1.802 
3.261 
1.289 
1.121 
3.472 
1.517 
3.124 
3.911 
0.836 
0.762 
1.904 
0.878 
2.516 
2.959 
2.987 
0.732 
2.119 
1.914 
0.401 
0.931 
1.106 
1.080 
1.471 
2.094 
1.798 
1.608 
2.111 
2.705 
0.574 
0.669 
2.658 
3.546 
1.295 
1.180 
0.592 
3.780 
2.081 
2.354 
4.365 
4.119 
0.631 
3.006 
3.265 
4.243 
4.352 
1.286 
1.938 
1.393 
2.562 
2.054 
1.962 
1.271 
1.514 
1.574 
3.307 
2.980 
3.775 
4.054 
3.094 
3.096 
3.182 
4.709 
4.625 
3.303 
2.554 
3.388 
4.092 
2.858 
2.680 
2.265 
2.616 
4.499 
1.576 
2.691 
1.655 
1.738 
1.310 
1.088 
2.273 
0.793 
2.069 
1.759 
1.136 
3.321 
3.097 
0.929 
0.457 
3.169 
2.402 
1.219 
3.829 
1.082 
2.370 
2.921 
1.220 
2.484 
4.105 
1.108 
4.723 
4.200 
2.894 
2.648 
1.832 
3.099 
3.645 
4.001 
2.703 
2.105 
3.787 
2.575 
4.422 
4.351 
5.517 
4.353 
4.053 
2.659 
1.221 
0.921 
1.148 
3.903 
2.783 
2.881 
1.892 
2.561 
2.590 
2.265 
2.344 
4.033 
2.919 
3.007 
2.772 
3.783 
4.117 
3.413 
4.453 
3.151 
3.571 
4.188 
2.832 
3.369 
1.322 
2.552 
2.839 
1.790 
3.467 
3.579 
0.690 
0.897 
2.854 
1.683 
1.877 
3.405 
2.988 
3.194 
3.535 
4.979 
1.675 
2.051 
2.139 
2.027 
3.083 
2.593 
3.972 
1.696 
2.438 
4.903 
0.605 
0.284 
2.986 
1.552 
2.824 
2.047 
2.538 
2.206 
3.636 
2.913 
1.679 
1.610 
0.846 
2.723 
1.789 
2.595 
2.880 
1.205 
1.712 
2.508 
-0.386 
-0.776 
1.429 
1.052 
0.972 
1.141 
1.151 
1.507 
2.212 
3.637 
3.832 
2.127 
3.523 
0.909 
1.404 
3.171 
2.332 
1.831 
0.626 
2.981 
1.773 
2.115 
2.491 
2.090 
2.407 
2.341 
3.199 
2.676 
3.538 
3.428 
3.449 
2.544 
2.903 
3.678 
1.220 
2.273 
2.683 
1.389 
4.070 
2.462 
2.177 
3.654 
0.247 
1.075 
2.094 
2.588 
2.159 
2.831 
0.393 
0.598 
1.978 
1.726 
5.011 
4.038 
2.646 
4.296 
2.346 
1.547 
3.025 
1.470 
2.466 
2.276 
3.269 
1.796 
3.417 
3.572 
4.005 
0.599 
-0.564 
0.821 
2.190 
2.410 
0.283 
1.263 
1.727 
1.906 
0.344 
0.961 
1.281 
1.885 
3.179 
2.667 
2.903 
3.118 
2.713 
1.786 
0.920 
2.737 
2.651 
1.858 
1.361 
3.344 
1.360 
1.964 
3.035 
2.057 
2.022 
1.233 
5.069 
1.949 
1.122 
3.289 
1.662 
2.049 
1.706 
1.868 
1.928 
3.060 
1.341 
1.360 
-0.030 
3.230 
1.344 
1.407 
2.255 
2.116 
1.577 
2.982 
2.388 
0.504 
0.639 
0.653 
0.022 
1.560 
0.049 
0.846 
2.203 
0.538 
0.882 
1.555 
3.323 
4.023 
5.529 
3.235 
4.221 
0.218 
2.090 
1.954 
3.901 
1.604 
1.224 
1.566 
0.793 
0.334 
2.877 
4.688 
3.822 
2.787 
6.227 
4.485 
4.241 
2.535 
3.899 
3.058 
3.394 
4.458 
4.394 
2.257 
2.022 
5.345 
3.722 
4.486 
3.741 
1.735 
4.712 
3.611 
2.199 
3.235 
5.040 
4.516 
4.101 
2.554 
2.465 
3.877 
2.988 
2.574 
3.028 
3.967 
3.966 
4.499 
5.528 
3.532 
3.128 
3.982 
3.494 
4.825 
3.106 
4.799 
3.671 
3.528 
0.934 
3.121 
1.172 
1.087 
-0.613 
1.328 
1.966 
2.706 
0.661 
1.329 
0.224 
-0.056 
1.684 
1.496 
1.549 
0.663 
2.805 
2.758 
1.724 
4.024 
2.980 
0.797 
1.559 
0.360 
3.799 
3.546 
3.015 
2.881 
3.669 
1.972 
2.116 
2.007 
0.494 
3.722 
0.915 
0.322 
2.035 
1.503 
1.234 
0.775 
1.169 
3.039 
1.472 
2.952 
3.946 
2.379 
4.221 
3.299 
4.084 
4.214 
0.811 
6.152 
2.054 
0.837 
2.179 
4.247 
1.647 
2.056 
1.097 
1.470 
2.727 
2.207 
2.021 
1.684 
3.488 
0.713 
1.987 
1.782 
0.893 
4.285 
3.639 
1.676 
2.282 
5.080 
1.593 
0.428 
2.748 
4.258 
3.379 
-3.352 
-1.506 
-7.484 
-4.489 
-5.078 
-4.566 
-3.563 
-2.545 
-4.406 
-4.488 
-2.376 
-2.209 
-3.733 
-2.871 
-2.652 
-0.955 
-0.580 
-3.094 
-3.854 
-1.815 
-2.891 
-3.897 
-3.503 
-0.367 
-2.428 
-0.216 
-2.695 
-3.663 
-2.443 
-5.072 
-2.041 
-1.199 
-0.735 
-4.572 
-2.869 
-3.629 
-3.248 
-2.836 
-5.482 
-5.272 
-7.032 
-2.673 
-0.850 
-4.028 
-3.974 
-3.180 
-3.190 
-2.810 
-4.717 
-4.585 
-6.445 
-3.644 
-4.278 
-2.322 
-3.154 
-4.674 
-3.834 
-3.505 
-3.125 
-1.255 
-1.248 
-2.856 
-0.410 
-1.896 
-3.916 
-5.050 
-2.946 
-2.965 
-3.283 
-1.079 
-1.944 
-4.556 
-1.925 
-2.872 
-3.977 
-2.797 
-3.049 
-1.524 
-2.370 
-2.198 
-2.362 
-3.383 
-2.134 
-2.796 
-0.729 
-2.015 
-2.589 
-1.669 
-1.543 
-4.792 
-4.557 
-2.420 
-1.859 
-4.417 
-2.417 
-0.328 
-1.439 
-4.888 
-2.070 
-4.807 
-3.453 
-4.176 
-5.200 
-2.880 
-4.701 
-2.699 
-3.501 
-2.818 
-4.949 
-4.813 
-2.643 
-2.598 
-3.219 
-2.036 
-5.242 
-6.070 
-3.146 
-3.347 
-4.560 
-0.820 
-2.776 
-2.645 
-0.615 
-4.400 
-4.379 
-3.232 
-3.286 
-4.298 
-2.274 
-2.276 
-2.215 
-3.417 
-4.063 
-4.923 
-2.002 
-4.243 
-4.411 
-4.706 
-2.132 
-3.743 
-3.082 
-3.982 
-4.413 
-4.791 
-3.279 
-2.592 
-2.854 
-3.551 
-5.789 
-0.588 
-2.001 
-3.882 
-4.168 
-4.737 
-4.609 
-4.754 
-1.527 
-2.914 
-3.903 
-5.204 
-3.385 
-4.208 
-4.508 
-4.492 
-4.354 
-2.467 
-1.777 
-4.201 
-1.892 
0.660 
-1.420 
-2.893 
-1.988 
-2.373 
-1.526 
-2.095 
-2.656 
-4.254 
-2.977 
-6.092 
-3.847 
-6.069 
-5.196 
-4.978 
-7.061 
-4.838 
-4.352 
-4.771 
1.594 
-3.907 
-2.821 
-3.950 
-2.413 
-0.615 
-5.326 
-2.922 
-3.567 
-0.849 
-3.007 
-2.620 
-3.455 
-2.119 
-2.345 
-3.857 
-3.291 
-4.268 
-2.873 
-2.146 
-4.951 
-4.445 
-3.980 
-6.005 
-2.157 
-3.559 
-2.995 
-5.631 
-3.750 
-6.062 
-1.781 
-1.478 
-2.799 
-2.579 
-2.331 
-1.473 
-2.936 
-1.989 
-3.042 
-0.624 
-0.668 
-4.036 
-3.153 
-3.828 
-3.960 
-1.864 
-4.905 
-3.692 
-2.664 
-1.091 
-2.900 
-1.161 
-2.752 
-3.291 
-2.756 
-1.166 
-2.676 
-0.867 
-3.239 
-0.742 
-1.624 
-3.518 
-2.649 
-1.439 
-1.507 
-0.515 
0.757 
0.213 
-2.824 
-1.044 
-3.122 
-1.962 
-6.451 
-3.133 
-2.587 
-2.487 
0.041 
-5.471 
-3.070 
-1.790 
-2.059 
-2.535 
-2.852 
-2.519 
-1.070 
-2.438 
-1.872 
-2.985 
-2.868 
-2.084 
-4.317 
-5.443 
-4.645 
-4.116 
-4.235 
-3.636 
-2.916 
-4.742 
-0.734 
-4.197 
-2.641 
-1.704 
-1.791 
-2.627 
-1.214 
-4.936 
-1.501 
-4.287 
-5.947 
-5.156 
-1.557 
-2.665 
-2.751 
-2.843 
-3.243 
-2.986 
-5.395 
-3.349 
-4.555 
-5.794 
-1.563 
-0.791 
-0.680 
-4.040 
-2.725 
-2.444 
-4.288 
-2.998 
-5.402 
-3.870 
-3.844 
-4.115 
-2.756 
-4.656 
-4.018 
-3.027 
-4.928 
-4.847 
-3.679 
-2.421 
-4.230 
-4.242 
-5.156 
-1.533 
-4.861 
-3.255 
-2.099 
-4.054 
-5.869 
-5.985 
-2.206 
-2.218 
-1.565 
-1.843 
-1.309 
-0.891 
-5.504 
-2.420 
-4.110 
-3.013 
-5.164 
-4.081 
-2.278 
-4.575 
-4.143 
-1.110 
-2.094 
0.453 
-4.339 
-5.388 
-3.721 
-5.645 
-3.509 
-6.970 
-3.999 
-2.261 
-3.444 
-3.693 
-3.981 
-2.824 
-1.562 
-0.218 
-1.696 
-2.857 
-0.938 
-5.038 
-1.862 
-3.959 
-1.305 
-4.122 
0.286 
-2.700 
-2.373 
-2.669 
-1.624 
-3.151 
-1.556 
-2.534 
-2.908 
-0.961 
-3.816 
-3.758 
-5.097 
-4.954 
-4.058 
-4.900 
-5.405 
-4.069 
-3.827 
-1.799 
-3.064 
-3.273 
-5.463 
-4.644 
-6.307 
-2.649 
-3.537 
-4.367 
-1.354 
-1.769 
-1.732 
-0.821 
-1.644 
-2.177 
-2.673 
-0.910 
-3.718 
-2.697 
-3.115 
0.373 
-3.832 
-1.795 
-1.605 
-2.816 
-0.078 
-2.788 
-3.866 
-2.360 
-3.160 
-4.530 
-3.024 
-2.397 
-4.507 
-4.256 
-4.696 
-4.947 
-2.566 
-1.958 
-5.774 
-1.985 
0.697 
-5.897 
-0.258 
-0.708 
-0.864 
-3.882 
-0.226 
-5.758 
-5.346 
-1.574 
-4.168 
-2.691 
-3.249 
-4.579 
-6.489 
-6.684 
-4.531 
-5.982 
-6.023 
-2.703 
-2.838 
-3.180 
-4.201 
-2.840 
-3.931 
-4.977 
-2.784 
-3.683 
-4.002 
-3.652 
-3.888 
-3.170 
-3.144 
-3.684 
-4.551 
-2.582 
-3.631 
-3.819 
-3.496 
-3.358 
-3.692 
-1.928 
-3.439 
-1.878 
-1.351 
-6.069 
-1.521 
-5.054 
-3.147 
-3.936 
-2.542 
-0.488 
-1.926 
-3.566 
-2.044 
-1.981 
-4.139 
-3.995 
-3.343 
-0.892 
-4.237 
-4.906 
-4.060 
-3.065 
-3.375 
-2.694 
-3.577 
-3.889 
-3.000 
-4.018 
-4.847 
-6.407 
-3.126 
-4.659 
-2.621 
-5.977 
-3.694 
-4.838 
-0.491 
-1.840 
-2.596 
-3.612 
-3.028 
-3.386 
-3.325 
-3.488 
-1.607 
-5.762 
-1.886 
-3.479 
-3.904 
-0.266 
0.354 
-4.217 
-3.132 
-5.052 
-3.207 
-4.528 
-5.236 
-4.820 
-5.656 
-3.659 
-2.406 
-4.365 
-0.928 
-2.034 
-0.962 
-1.117 
-5.024 
-1.463 
-3.225 
-3.199 
-1.440 
-1.485 
-2.710 
-4.767 
-3.093 
-3.212 
-3.936 
-2.417 
-2.955 
-2.597 
-3.976 
-4.141 
-3.031 
-2.889 
-5.513 
-3.306 
-2.990 
-1.564 
-5.282 
-0.346 
-3.395 
-2.072 
-3.856 
-6.106 
-1.399 
-3.545 
-2.665 
-4.210 
-1.542 
-0.860 
-4.187 
-2.245 
-0.717 
-2.690 
-5.172 
-4.390 
0.310 
-1.898 
-2.163 
0.497 
-4.242 
-1.596 
-3.521 
-3.662 
-2.778 
-3.484 
-0.843 
-1.719 
-4.250 
-1.889 
0.026 
-0.339 
-2.217 
-2.591 
-0.910 
-2.405 
-2.895 
-4.276 
-1.942 
-4.133 
-3.527 
-1.188 
-2.499 
-2.524 
-2.471 
-0.645 
-1.337 
-0.233 
-2.291 
-2.335 
-3.701 
-3.443 
-2.907 
-2.111 
-0.284 
-2.862 
-3.074 
-1.673 
-4.469 
-2.501 
-3.599 
-0.039 
-3.044 
-4.403 
-3.109 
-3.610 
-2.539 
-2.777 
-2.870 
-4.627 
-3.411 
-0.534 
-4.187 
-3.858 
-5.340 
-3.378 
-2.928 
-3.181 
-3.285 
-3.706 
-4.289 
-5.591 
-3.285 
-2.562 
-5.157 
-4.994 
-4.693 
-2.782 
-3.104 
-2.568 
-2.209 
-4.723 
-1.174 
-4.284 
-3.201 
-3.148 
-2.102 
-0.889 
-1.652 
-2.502 
-1.379 
-0.856 
-2.281 
-1.938 
-2.199 
-2.935 
-3.020 
-1.862 
-1.726 
-2.293 
-2.061 
0.766 
-2.834 
-1.567 
-1.033 
-1.717 
-3.065 
-3.584 
-4.009 
-4.108 
-3.023 
-4.904 
-3.414 
-2.499 
-3.887 
-5.373 
-2.740 
-3.431 
-2.103 
-2.132 
-1.627 
-1.921 
-3.529 
-2.507 
-3.498 
-2.797 
-2.042 
-3.087 
-3.765 
-1.949 
-4.172 
-3.904 
-4.209 
-3.285 
-3.103 
-0.872 
-0.509 
-3.667 
-4.505 
-4.644 
-2.205 
-0.197 
-1.730 
-0.858 
-3.827 
-2.396 
-2.678 
-0.958 
-2.375 
-2.493 
-0.918 
-2.520 
-0.977 
-3.091 
-2.211 
-1.918 
-1.960 
0.253 
-0.380 
-0.149 
-1.410 
-1.462 
0.625 
-0.679 
-2.821 
-0.427 
-1.460 
-1.784 
-3.636 
-0.998 
-3.719 
-3.412 
-1.143 
-3.653 
-3.910 
-2.730 
-2.236 
-1.921 
-4.211 
-3.163 
-3.536 
-3.382 
-3.618 
-0.678 
-5.881 
-1.112 
-4.120 
-3.426 
-0.853 
-3.277 
-0.956 
-3.644 
-2.809 
-3.053 
-4.371 
-3.878 
0.328 
-5.348 
-3.424 
-4.697 
-0.409 
-4.358 
0.359 
-1.093 
-4.414 
-2.781 
-3.786 
-4.128 
-4.531 
-1.674 
-4.544 
-0.328 
0.074 
-3.101 
-3.963 
-4.499 
-1.117 
-0.844 
-0.403 
-1.636 
-1.366 
-2.311 
-2.439 
-1.158 
-2.341 
-2.522 
-4.822 
-4.575 
-1.998 
-2.673 
-2.207 
-3.493 
-2.949 
-4.628 
-4.661 
-5.419 
-2.920 
-0.359 
-4.715 
-4.413 
-2.054 
-3.991 
-0.745 
-3.315 
-0.953 
-3.867 
-3.709 
-0.491 
-0.784 
-2.560 
-2.530 
-1.511 
-0.890 
-2.993 
-3.088 
-3.565 
-2.386 
-1.665 
-2.338 
-3.231 
-4.117 
-1.282 
-4.091 
-4.657 
-1.332 
-4.945 
-4.376 
-1.891 
-4.769 
-3.377 
-2.761 
-3.866 
-1.535 
-3.264 
-2.669 
-4.284 
-5.077 
-4.681 
-3.651 
-4.652 
-3.804 
-3.141 
-3.416 
-1.646 
-4.686 
-4.411 
-0.574 
-1.762 
-3.331 
-4.117 
-2.677 
-1.553 
-3.005 
-5.354 
-3.586 
-3.374 
-4.627 
-3.933 
-5.020 
-4.004 
-0.813 
-1.952 
-2.752 
-3.877 
-2.131 
-3.011 
-2.464 
-3.448 
-5.308 
-1.505 
-4.887 
-4.736 
-2.225 
-5.353 
-4.488 
-6.360 
-2.014 
-3.302 
-1.568 
-2.497 
-1.637 
-3.581 
-4.663 
-1.613 
-0.467 
-1.388 
-1.436 
-2.949 
-3.603 
-4.852 
-4.808 
-1.264 
-4.988 
-4.008 
-3.641 
-4.562 
-2.345 
-3.017 
-1.903 
-3.187 
-3.534 
-4.046 
-1.258 
-3.727 
-3.189 
-4.165 
-3.079 
-2.606 
-3.426 
-4.047 
-0.441 
-2.473 
-0.311 
-0.940 
-4.152 
-4.212 
-4.064 
-1.350 
-4.529 
-5.031 
-4.077 
-5.910 
-2.610 
-4.859 
-3.351 
-2.639 
-4.037 
-2.502 
-1.745 
-2.174 
-2.126 
-2.978 
-3.670 
-1.895 
-2.201 
-2.413 
-4.344 
-2.840 
-3.006 
-3.029 
-4.152 
-2.778 
-2.562 
-3.001 
-1.433 
-0.322 
-4.568 
-3.368 
-6.082 
-2.070 
-5.986 
-2.888 
-3.420 
-5.616 
-2.344 
-0.820 
-5.937 
-2.725 
-2.892 
-3.501 
-1.814 
-2.026 
-1.825 
-4.853 
-2.926 
-3.711 
-2.959 
-3.454 
-2.043 
-1.567 
-3.074 
-1.245 
-2.747 
-1.080 
-1.649 
-3.411 
-3.410 
-2.949 
-3.469 
-3.287 
-4.128 
-3.851 
-3.156 
-2.282 
-3.073 
-2.355 
-1.754 
-0.037 
-2.943 
-2.018 
-2.208 
-3.054 
-2.186 
-2.180 
-2.781 
-4.389 
-5.353 
-3.420 
-3.141 
-3.533 
-3.927 
-4.003 
-2.805 
-5.567 
-4.780 
-2.514 
-1.533 
-3.453 
-2.279 
-3.918 
-3.219 
-3.017 
-3.395 
-3.253 
-1.266 
-4.418 
-4.596 
-2.220 
-2.041 
-4.363 
-4.680 
-3.251 
-2.390 
-3.753 
-2.648 
-3.307 
-3.222 
-2.187 
-3.766 
-1.179 
-5.545 
-3.344 
-3.731 
-4.201 
-3.589 
-2.309 
-3.404 
-1.924 
-2.955 
-1.158 
-4.342 
-2.095 
-2.834 
-2.539 
-2.760 
-3.365 
-1.408 
-3.777 
-2.887 
-2.024 
-3.297 
-3.852 
-1.760 
-0.371 
-1.430 
-0.868 
-3.559 
-4.579 
-3.192 
-3.529 
-4.559 
-4.465 
-2.233 
-0.304 
-1.721 
-2.924 
-3.676 
-2.500 
-0.729 
-2.332 
-1.657 
-2.630 
-5.420 
-1.057 
-2.692 
-0.994 
-2.356 
-4.089 
-3.135 
-5.065 
-2.662 
-3.537 
-2.302 
-3.275 
-3.624 
-3.178 
-4.388 
-4.415 
-5.269 
-4.763 
-1.676 
-5.485 
-5.084 
-4.131 
-5.048 
-4.030 
-3.643 
-2.114 
-4.701 
-6.359 
-4.795 
-6.167 
-5.244 
-2.631 
-6.164 
-2.853 
-4.277 
-1.837 
-1.730 
-2.678 
-0.110 
0.585 
-0.467 
-2.496 
-1.938 
-1.243 
-2.452 
-3.085 
-4.482 
-1.664 
-4.025 
-4.479 
-2.659 
-2.513 
-3.088 
-2.316 
-3.136 
-5.524 
-5.922 
-3.675 
-0.866 
-3.923 
-6.508 
-6.313 
-1.398 
-5.059 
-4.172 
-3.251 
-2.034 
-4.360 
-1.144 
-2.470 
-1.966 
-1.019 
-3.045 
-2.436 
-3.819 
-3.120 
-2.499 
-5.062 
-4.241 
-1.461 
-4.460 
-3.338 
-2.506 
-5.396 
-0.993 
-1.554 
-1.726 
-3.000 
-0.748 
-2.899 
-3.667 
-1.585 
-1.065 
-1.566 
-1.588 
-4.135 
-2.819 
-2.806 
-3.982 
-1.767 
-3.681 
-3.652 
-5.913 
-6.031 
-4.843 
-4.217 
-3.683 
-5.039 
-5.465 
-5.826 
-4.334 
-2.712 
-3.523 
-5.782 
-4.834 
-0.897 
-2.905 
-4.115 
-5.180 
-5.521 
-2.516 
-4.984 
-3.272 
-6.358 
-2.306 
-3.942 
-5.548 
-3.609 
-5.434 
-3.050 
-4.213 
-4.719 
-4.594 
-3.137 
-5.786 
-2.280 
-4.258 
-4.650 
-1.984 
-1.108 
-2.385 
-1.850 
-2.291 
-3.061 
-1.760 
-0.790 
-1.343 
-2.612 
0.240 
-1.970 
-2.894 
-2.921 
-2.999 
-2.391 
-1.410 
-5.146 
-4.183 
-4.766 
-5.404 
-5.940 
-4.598 
-4.714 
-4.937 
-3.382 
-2.865 
-3.414 
-4.999 
-4.390 
-5.167 
-4.580 
-6.626 
-5.396 
-5.401 
-3.983 
-5.195 
-5.515 
-3.583 
-5.437 
-4.691 
-5.973 
-4.238 
-4.245 
-4.613 
-3.938 
-3.978 
-3.314 
-3.239 
-0.806 
1.037 
-1.491 
-0.488 
-0.977 
-1.722 
-1.408 
-4.112 
-2.250 
-2.273 
0.061 
-1.367 
-0.772 
-1.130 
-0.737 
-2.016 
-4.738 
-3.980 
-6.048 
-4.775 
-4.614 
-4.672 
-2.245 
-2.694 
-5.235 
-2.656 
0.071 
-0.652 
-3.441 
-0.000 
-1.372 
-0.860 
-1.991 
-0.587 
-3.132 
-4.629 
-5.565 
-4.905 
-2.987 
-0.699 
-1.773 
-2.223 
-3.093 
-2.344 
-5.269 
-3.790 
-2.932 
-0.558 
-3.558 
-4.781 
-3.005 
-4.399 
-4.154 
-3.544 
-3.183 
-2.849 
-3.631 
-2.683 
-3.087 
-2.293 
-1.420 
-5.107 
-4.629 
-2.054 
-3.459 
-2.348 
-4.697 
-4.088 
-3.143 
-6.546 
-4.534 
-2.867 
-7.436 
-3.241 
-3.478 
-3.099 
-4.458 
-2.051 
0.206 
-2.564 
-2.524 
-0.986 
-2.679 
-0.505 
-1.973 
-1.769 
-1.576 
-3.894 
-4.277 
-2.890 
-3.265 
-2.052 
-3.799 
-2.023 
-4.258 
-4.919 
-3.143 
-1.647 
-1.984 
-4.120 
-3.313 
-3.427 
-2.824 
-3.372 
-2.619 
-1.219 
-1.888 
-0.696 
-1.191 
-2.983 
-4.397 
-4.009 
-4.907 
-2.945 
-3.472 
-4.283 
-1.984 
-4.168 
-3.854 
-1.870 
-0.814 
-3.028 
-1.122 
-1.392 
-3.739 
-4.343 
-2.737 
-1.584 
-0.766 
-3.913 
-3.938 
-4.378 
-4.071 
-0.145 
-6.324 
-4.810 
-4.220 
-3.028 
-3.922 
-3.447 
-2.016 
-3.025 
-5.604 
-4.732 
-2.345 
-4.699 
-4.975 
-3.707 
-0.568 
-1.656 
-0.189 
-2.286 
-1.752 
-1.399 
-1.507 
-1.924 
-2.974 
-1.939 
-2.361 
-2.324 
-3.432 
-4.815 
-4.656 
-3.174 
-2.905 
-3.880 
-0.370 
-3.044 
1.225 
-1.077 
-1.002 
-1.674 
-3.958 
-3.330 
-3.400 
-2.293 
-2.241 
0.729 
-3.871 
-2.997 
-2.601 
-4.529 
-1.173 
-3.839 
-5.656 
-3.121 
-4.784 
-5.772 
-6.108 
-5.302 
-2.311 
-6.241 
-3.120 
-3.774 
-1.397 
-1.285 
-6.088 
-3.318 
-3.708 
-5.222 
-3.047 
-0.032 
-2.957 
-5.387 
-0.675 
-3.474 
-5.477 
-2.791 
-1.918 
-4.388 
-3.618 
-4.315 
-3.852 
-5.198 
-5.721 
-4.726 
-4.368 
-6.577 
-3.756 
-1.393 
-6.435 
-6.455 
-3.595 
1.143 
-4.940 
-2.193 
-4.412 
-1.361 
