0.94323
0.91082
0.92600
0.90085
0.89965
0.95166
0.55887
0.95719
0.87807
0.94220
0.95742
0.97541
0.96568
0.96650
0.87083
0.96529
0.95442
0.81978
0.94684
0.95857
0.95630
0.96156
0.98898
0.95298
0.98504
0.95467
0.99505
0.99221
0.99714
0.94361
0.98491
0.99750
0.97673
0.99510
0.99679
0.99248
0.99107
0.97714
0.98998
0.99590
0.99405
0.99227
0.99877
0.99386
0.99765
0.99793
0.99843
0.99827
0.99687
0.99873
0.99498
0.99706
0.99374
0.98694
0.98739
0.99704
0.99370
0.99804
0.99032
0.99546
0.99112
0.99334
0.97931
0.99783
0.98656
0.98383
0.99763
0.99740
0.99175
0.98778
0.99411
0.99793
0.94746
0.96964
0.96303
0.97137
0.92745
0.94113
0.87800
0.96538
0.95902
0.93193
0.98668
0.98181
0.98997
0.97919
0.98804
0.98284
0.96085
0.99085
0.99191
0.96764
0.99354
0.97949
0.97927
0.96844
0.95109
0.99390
0.99051
0.99658
0.99169
0.99716
0.99834
0.99765
0.98223
0.99857
0.99796
0.96171
0.78393
0.67015
0.83046
0.79570
0.91331
0.47575
0.89497
0.86159
0.90958
0.99044
0.99369
0.94956
0.95215
0.81154
0.93622
0.81125
0.90004
0.92009
0.95232
0.93832
0.92351
0.99554
0.99535
0.99453
0.98636
0.99712
0.99100
0.99379
0.99406
0.99361
0.97512
0.98637
0.98130
0.98375
0.98385
0.98877
0.98783
0.78853
0.98512
0.98270
0.99033
0.90506
0.83432
0.96065
0.95973
0.94335
0.93514
0.92277
0.99345
0.99376
0.99531
0.97904
0.96079
0.99344
0.99746
0.93650
0.97667
0.99497
0.99730
0.98827
0.88896
0.63214
0.75750
0.77666
0.89133
0.93166
0.96296
0.55179
0.91984
0.86667
0.97676
0.99112
0.99271
0.98583
0.98885
0.99126
0.99265
0.98921
0.98869
0.98894
0.96873
0.95515
0.96584
0.93712
0.90330
0.82769
0.95330
0.95847
0.94713
0.96157
0.91321
0.96710
0.98477
0.99009
0.98412
0.98149
0.98617
0.98696
0.98399
0.96631
0.95958
0.96219
0.99567
0.98219
0.99391
0.98530
0.99509
0.97839
0.98276
0.97679
0.96726
0.99824
0.99272
0.99856
0.99843
0.99057
0.99686
0.99782
0.99337
0.97966
0.94272
0.93039
0.93302
0.85749
0.81464
0.88071
0.88123
0.96613
0.76554
0.89809
0.95635
0.88628
0.96014
0.96843
0.95910
0.96735
0.96972
0.97040
0.56396
0.96890
0.47941
0.85206
0.57325
0.57134
0.47748
0.78367
0.70197
0.25591
0.66163
0.79673
0.97413
0.97480
0.97296
0.97306
0.98024
0.98337
0.97093
0.98050
0.98019
0.96500
0.98880
0.98855
0.97642
0.98550
0.98626
0.99302
0.97742
0.99063
0.98793
0.98531
0.96227
0.97256
0.97843
0.97777
0.97466
0.97860
0.97347
0.98314
0.98124
0.96624
0.99621
0.97241
0.98150
0.99186
0.97886
0.99587
0.98771
0.96946
0.99695
0.98902
0.94436
0.99066
0.99320
0.99606
0.99523
0.99229
0.97035
0.94501
0.99111
0.99640
0.97794
0.94202
0.98917
0.97178
0.96088
0.96810
0.97056
0.96994
0.98425
0.97841
0.95789
0.89872
0.96329
0.91643
0.92739
0.70631
0.96205
0.91468
0.85031
0.95948
0.98966
0.98884
0.99095
0.98697
0.98746
0.98510
0.97976
0.97894
0.98666
0.98651
0.97106
0.95181
0.97521
0.96446
0.97384
0.95981
0.98394
0.98138
0.97138
0.95766
0.99408
0.98726
0.98369
0.99404
0.98300
0.99791
0.98705
0.97771
0.99042
0.99707
0.91849
0.87397
0.30920
0.91443
0.93897
0.92020
0.94881
0.88581
0.88001
0.91452
0.99675
0.98518
0.99510
0.98881
0.99859
0.99435
0.99889
0.99105
0.99742
0.99587
0.93774
0.89271
0.80492
0.92540
0.91032
0.93208
0.55672
0.82497
0.83914
0.80916
0.98981
0.99808
0.99159
0.99878
0.98959
0.99670
0.98357
0.99791
0.99164
0.99838
0.95635
0.94903
0.90221
0.86558
0.41977
0.43071
0.83705
0.92415
0.51008
0.91458
0.95737
0.93271
0.82706
0.97471
0.92398
0.94453
0.97346
0.95250
0.95527
0.82061
0.96896
0.99340
0.97961
0.99654
0.99120
0.99809
0.98187
0.99164
0.98677
0.99142
0.99711
0.98545
0.98147
0.97982
0.99262
0.99084
0.99873
0.99824
0.97653
0.97575
0.96813
0.98923
0.95806
0.99241
0.97608
0.95586
0.96878
0.99334
0.99003
0.98780
0.84219
0.95837
0.95544
0.87936
0.95305
0.91491
0.92105
0.95644
0.94550
0.82867
0.75199
0.98232
0.98267
0.98494
0.97825
0.98114
0.98451
0.97610
0.97843
0.94989
0.98855
0.98933
0.97988
0.98964
0.97985
0.94605
0.98849
0.97902
0.98685
0.96384
0.70451
0.69044
0.86851
0.62196
0.59004
0.66603
0.70277
0.46668
0.78325
0.81026
0.57455
0.43615
0.92946
0.77067
0.88447
0.55601
0.79041
0.68099
0.75703
0.96823
0.98633
0.98439
0.99087
0.99260
0.95647
0.98255
0.98068
0.97156
0.97610
0.79669
0.72628
0.97246
0.97655
0.90314
0.96461
0.94822
0.96789
0.92475
0.95874
0.94091
0.96379
0.94338
0.67152
0.95239
0.87986
0.94437
0.92882
0.96692
0.58924
0.60138
0.82550
0.81319
0.78631
0.89907
0.61676
0.81534
0.59673
0.74267
0.88540
0.81173
0.89654
0.89818
0.70854
0.81894
0.60324
0.74707
0.47001
0.46983
0.96208
0.96824
0.98726
0.98734
0.98779
0.98637
0.98631
0.99206
0.94512
0.98543
0.98857
0.99187
0.98228
0.95363
0.99377
0.98962
0.95518
0.98484
0.98646
0.98547
0.99824
0.96962
0.96905
0.97710
0.99599
0.97523
0.99805
0.99699
0.98819
0.99504
0.99325
0.98805
0.92149
0.90710
0.87164
0.94941
0.92436
0.92564
0.95421
0.97880
0.98156
0.94410
0.96605
0.93383
0.97966
0.96450
0.87338
0.94891
0.97062
0.96141
0.95033
0.92394
0.91081
0.44395
0.90852
0.76250
0.88261
0.84438
0.89948
0.82923
0.88425
0.94180
0.93862
0.98016
0.89871
0.97011
0.93760
0.94329
0.67473
0.94852
0.92207
0.59106
0.76640
0.95562
0.86263
0.94164
0.89070
0.49125
0.91095
0.81874
0.24848
0.78108
0.74860
0.87276
0.80821
0.41649
0.92183
0.88227
0.94493
0.92431
0.98583
0.98457
0.99141
0.98692
0.99140
0.98815
0.99156
0.98522
0.98751
0.98019
0.46077
0.98733
0.97349
0.98986
0.98207
0.98972
0.99175
0.98753
0.98257
0.98782
0.99776
0.99510
0.99675
0.99723
0.99728
0.99599
0.98035
0.96412
0.99913
0.99436
0.99669
0.97194
0.98750
0.99854
0.99045
0.99404
0.99876
0.99281
0.99339
0.99333
0.98912
0.98092
0.98048
0.97666
0.98863
0.91189
0.97954
0.98845
0.99099
0.97898
0.98571
0.99319
0.99340
0.99378
0.99410
0.98681
0.99016
0.97916
0.98657
0.99141
0.71642
0.61998
0.88336
0.69248
0.77059
0.37835
0.89589
0.86048
0.58235
0.62260
0.93823
0.99208
0.98686
0.97805
0.97402
0.98338
0.84931
0.99372
0.99257
0.99463
0.99214
0.98348
0.98944
0.98417
0.98533
0.99045
0.97890
0.98622
0.98771
0.97547
0.95227
0.98275
0.98257
0.98619
0.98367
0.97798
0.98831
0.99098
0.98635
0.98983
0.98780
0.94463
0.95646
0.95503
0.96649
0.94521
0.95262
0.94709
0.98055
0.95782
0.99317
0.96457
0.93312
0.97485
0.99450
0.99067
0.92660
0.98334
0.98951
0.99550
0.98130
0.97870
0.97953
0.98615
0.98821
0.98435
0.98647
0.97827
0.97916
0.99191
0.97741
0.98697
0.97534
0.95876
0.97082
0.98316
0.97242
0.95542
0.98161
0.96987
0.92968
0.92656
0.96821
0.98082
0.96999
0.96050
0.98755
0.96922
0.95097
0.96736
0.24702
0.96491
0.97616
0.88567
0.94129
0.94947
0.91199
0.93964
0.96696
0.97503
0.82328
0.76179
0.76722
0.77037
0.41031
0.73086
0.69961
0.77079
0.67628
0.55300
0.99364
0.98643
0.97195
0.98965
0.99274
0.98624
0.99098
0.99111
0.98897
0.99333
0.98009
0.99047
0.98878
0.99343
0.98920
0.98037
0.98750
0.98331
0.98777
0.97809
0.97443
0.97767
0.97755
0.97393
0.98389
0.98268
0.98798
0.97732
0.98914
0.97405
0.98029
0.98472
0.93789
0.97243
0.98923
0.96679
0.98359
0.99058
0.92193
0.98244
0.97781
0.98519
0.98417
0.98232
0.79946
0.93275
0.93356
0.95415
0.97759
0.98343
0.96324
0.95939
0.97828
0.98572
0.97457
0.98233
0.98679
0.97467
0.97280
0.98001
0.96962
0.97899
0.98344
0.97346
0.99205
0.97363
0.98319
0.98413
0.98224
0.98009
0.99317
0.99229
0.98689
0.99050
0.93463
0.95864
0.97911
0.99321
0.98263
0.99162
0.96357
0.97879
0.97652
0.95873
0.91975
0.95255
0.87688
0.92167
0.96048
0.95511
0.99568
0.99054
0.97576
0.99692
0.98692
0.99005
0.99244
0.97736
0.95200
0.98647
0.80312
0.99379
0.96294
0.96744
0.99311
0.91765
0.93018
0.95758
0.99448
0.99120
0.97260
0.83467
0.93976
0.92638
0.88530
0.96692
0.91657
0.89638
0.94643
0.93231
0.99727
0.99841
0.98608
0.98028
0.97533
0.99309
0.97054
0.98456
0.99652
0.99383
0.96726
0.99172
0.99149
0.99020
0.98759
0.98507
0.99167
0.98959
0.98905
0.99287
0.99361
0.98914
0.99393
0.93046
0.98383
0.99370
0.98652
0.99220
0.99416
0.99165
0.93406
0.93886
0.89364
0.88618
0.94459
0.87180
0.93147
0.95359
0.92283
0.94556
0.88871
0.88931
0.95391
0.51275
0.89577
0.88936
0.96508
0.96640
0.95927
0.95681
0.87559
0.97573
0.93211
0.87529
0.78097
0.95344
0.88639
0.93250
0.96326
0.97369
0.86920
0.98030
0.93923
0.67845
0.95701
0.95449
0.97691
0.60260
0.98098
0.99781
0.99579
0.97825
0.99801
0.99435
0.98821
0.99002
0.99073
0.98668
0.93722
0.96309
0.98032
0.53159
0.72792
0.77755
0.84617
0.93917
0.57362
0.78860
0.98162
0.97191
0.95087
0.98885
0.98705
0.98122
0.97623
0.96996
0.99096
0.98111
0.97801
0.99255
0.99093
0.99340
0.98957
0.99296
0.98979
0.99363
0.99219
0.90284
0.97361
0.97688
0.98632
0.84262
0.97864
0.99441
0.98260
0.98873
0.98346
0.99076
0.99010
0.97119
0.92686
0.96029
0.95327
0.71248
0.97804
0.93969
0.95967
0.98029
0.97283
0.95735
0.97513
0.96373
0.96637
0.97736
0.94716
0.70740
0.94817
0.97207
0.95656
0.94049
0.90974
0.93920
0.88727
0.81937
0.75632
0.71563
0.89885
0.60249
0.89498
0.46355
0.92264
0.98715
0.98326
0.99039
0.97267
0.98136
0.98542
0.98848
0.97814
0.98441
0.98774
0.93785
0.39316
0.47968
0.87547
0.90276
0.74552
0.80850
0.87718
0.92680
0.88098
0.98955
0.98442
0.98575
0.98824
0.94122
0.96612
0.94982
0.99174
0.97762
0.98532
0.97997
0.98996
0.99775
0.99332
0.99174
0.99429
0.99843
0.99755
0.97212
0.99002
0.93068
0.96948
0.95718
0.91325
0.88661
0.92070
0.68347
0.83694
0.89416
0.90139
0.93922
0.97584
0.94000
0.96007
0.74722
0.95978
0.94306
0.89859
0.94908
0.95743
0.96766
0.96189
0.96691
0.97371
0.95931
0.96441
0.12709
0.96856
0.95673
0.96365
0.99429
0.99391
0.98991
0.99349
0.99203
0.99217
0.99487
0.98482
0.99437
0.99472
0.96323
0.96428
0.97432
0.97284
0.96709
0.98492
0.98923
0.98183
0.99087
0.98586
0.99255
0.96829
0.98812
0.98412
0.98612
0.99134
0.99037
0.98433
0.99309
0.98709
0.97412
0.93669
0.99081
0.89284
0.96247
0.97924
0.98760
0.95020
0.98484
0.97569
0.99337
0.99376
0.99350
0.98939
0.98490
0.99439
0.99458
0.99415
0.99308
0.99495
0.92872
0.68004
0.90681
0.93415
0.90053
0.96109
0.91503
0.85236
0.90445
0.90957
0.97177
0.87457
0.91221
0.90889
0.91889
0.97008
0.94939
0.95125
0.96355
0.94969
0.95947
0.92783
0.77892
0.89898
0.87128
0.94404
0.87862
0.93295
0.94029
0.91996
0.97659
0.95766
0.98056
0.97733
0.92920
0.95487
0.97538
0.93708
0.96669
0.93557
0.80425
0.76903
0.70483
0.52005
0.89835
0.79024
0.80496
0.77105
0.44310
0.82848
0.97160
0.96694
0.97591
0.97487
0.97779
0.95628
0.95725
0.98249
0.90557
0.97595
0.94510
0.98163
0.95981
0.96689
0.94849
0.98545
0.98268
0.96253
0.97824
0.97745
0.99617
0.98322
0.96396
0.98641
0.97941
0.97084
0.96662
0.89769
0.80236
0.98315
0.97967
0.96276
0.98554
0.80302
0.95281
0.95045
0.92844
0.96311
0.93815
0.90562
0.96287
0.98883
0.55493
0.96600
0.97449
0.98101
0.93564
0.98503
0.99003
0.98387
0.98797
0.98957
0.99188
0.99096
0.98749
0.98897
0.98840
0.98044
0.66862
0.11438
0.88150
0.77032
0.66166
0.76153
0.61779
0.76664
0.81609
0.73268
0.98041
0.98323
0.98561
0.97710
0.98564
0.98103
0.98075
0.99300
0.99437
0.98915
0.98476
0.89874
0.93688
0.96101
0.92637
0.94972
0.95901
0.94881
0.94043
0.96410
0.91689
0.97386
0.97760
0.95145
0.97079
0.95557
0.96443
0.94938
0.97250
0.94952
0.98156
0.75761
0.97739
0.97922
0.98421
0.92022
0.93697
0.97230
0.96800
0.95892
0.96921
0.96570
0.95004
0.95103
0.94293
0.62678
0.83036
0.80972
0.94593
0.88351
0.74692
0.89814
0.98903
0.96122
0.98941
0.99391
0.98965
0.98959
0.97518
0.99209
0.97172
0.78362
0.98609
0.94395
0.82511
0.97663
0.94207
0.97288
0.98790
0.99520
0.99579
0.99231
0.96780
0.98423
0.98349
0.99251
0.99236
0.99505
0.98749
0.99073
0.95735
0.99129
0.97093
0.85193
0.92623
0.95840
0.73380
0.95212
0.93228
0.96514
0.92577
0.95827
0.97766
0.96244
0.94927
0.86395
0.96039
0.76136
0.95541
0.91629
0.95675
0.93135
0.98709
0.98503
0.99380
0.99833
0.98510
0.97674
0.97130
0.99811
0.98752
0.98242
0.96664
0.95680
0.97233
0.97657
0.95720
0.68611
0.96427
0.96824
0.97032
0.94514
0.86623
0.45001
0.62067
0.70718
0.81782
0.91445
0.70743
0.92859
0.91542
0.74875
0.81978
0.94854
0.55117
0.94380
0.98080
0.95617
0.97747
0.97957
0.93453
0.91010
0.88506
0.90152
0.87086
0.82454
0.93218
0.95893
0.77228
0.72048
0.86234
0.85297
0.90707
0.91787
0.71612
0.90596
0.89832
0.95491
0.82516
0.95574
0.96257
0.96500
0.95822
0.98084
0.99696
0.99388
0.84456
0.97812
0.97837
0.97307
0.97405
0.99604
0.82725
0.96269
0.92535
0.93988
0.92198
0.93675
0.96001
0.95432
0.96756
0.94367
0.94031
0.97098
0.96325
0.94975
0.97228
0.95265
0.37828
0.97517
0.95974
0.94112
0.78659
0.91285
0.89587
0.82107
0.80335
0.84567
0.93047
0.75982
0.93429
0.90460
0.93861
0.87642
0.94388
0.89125
0.94638
0.92069
0.68561
0.95694
0.93106
0.88096
0.92061
0.79406
0.17122
0.90700
0.84093
0.35114
0.68873
0.86727
0.19379
0.87751
0.77318
0.77876
0.45134
0.45287
0.76221
0.26264
0.78892
0.84642
0.78674
0.17406
0.95420
0.93472
0.70796
0.29312
0.65401
0.15563
0.82412
0.52665
0.93705
0.24693
0.85861
0.51529
0.93156
0.97097
0.97779
0.71958
0.95240
0.92892
0.97745
0.51490
0.96645
0.97782
0.96058
0.70353
0.93212
0.74823
0.41666
0.41984
0.61324
0.47428
0.32743
0.34505
0.88909
0.94042
0.92377
0.93902
0.92814
0.82143
0.95394
0.83086
0.94429
0.94201
0.97796
0.96009
0.94172
0.94002
0.97461
0.90513
0.98786
0.96238
0.92319
0.95887
0.89146
0.91298
0.98182
0.95038
0.89217
0.96052
0.83639
0.38899
0.73357
0.71291
0.50097
0.40605
0.33335
0.76745
0.39717
0.89741
0.90583
0.80739
0.93445
0.88659
0.84052
0.93866
0.82600
0.88534
0.85048
0.96152
0.94627
0.95050
0.84298
0.98067
0.87608
0.84912
0.90599
0.86837
0.91595
0.85666
0.90371
0.62866
0.27320
0.85833
0.62510
0.39261
0.45396
0.65299
0.24748
0.32014
0.73108
0.97068
0.93896
0.89735
0.93556
0.95678
0.86093
0.95973
0.73518
0.94453
0.89889
0.88311
0.97952
0.91731
0.93065
0.93978
0.91753
0.90733
0.64609
0.62088
0.58543
0.66610
0.92492
0.23048
0.22730
0.93163
0.81192
0.47732
0.40946
0.84477
0.66071
0.97696
0.90403
0.92650
0.93070
0.96269
0.96214
0.94921
0.93318
0.91634
0.92633
0.87643
0.96682
0.91824
0.92292
0.90944
0.94618
0.93208
0.90999
0.92908
0.73756
0.87113
0.63974
0.84729
0.86831
0.96217
0.88956
0.89725
0.90525
0.79552
0.51597
0.38625
0.42867
0.76615
0.59796
0.70730
0.84513
0.67795
0.81479
0.87104
0.91369
0.93993
0.61690
0.62458
0.76796
0.64933
0.43820
0.51667
0.88126
0.55464
0.97849
0.77272
0.95789
0.34121
0.84331
0.96665
0.80157
0.37875
0.97200
0.97541
0.92950
0.92639
0.87124
0.76472
0.91308
0.86910
0.89601
0.94302
0.95726
0.75698
0.92244
0.94364
0.66732
0.92927
0.94916
0.87588
0.88682
0.87052
0.96460
0.75230
0.93896
0.95804
0.86396
0.91564
0.94931
0.93340
0.93665
0.97985
0.97009
0.95020
0.73502
0.84087
0.65730
0.85335
0.71821
0.88459
0.84910
0.83639
0.75924
0.79198
0.91209
0.97066
0.96107
0.93774
0.82541
0.88953
0.95448
0.95799
0.93968
0.92298
0.53921
0.71130
0.77290
0.70235
0.73180
0.80913
0.74191
0.87806
0.90157
0.81174
0.69626
0.80289
0.64866
0.32683
0.53825
0.31241
0.38155
0.82377
0.26556
0.22250
0.88501
0.41557
0.27905
0.31034
0.73063
0.47125
0.94349
0.94717
0.75799
0.82389
0.93759
0.98519
0.83838
0.89429
0.95743
0.91554
0.86064
0.97377
0.91297
0.87047
0.66802
0.84828
0.87915
0.88037
0.84687
0.70114
0.91793
0.83153
0.94091
0.71309
0.91209
0.94770
0.92843
0.91664
0.81795
0.82107
0.88507
0.80146
0.89407
0.93779
0.84850
0.80940
0.76936
0.79584
0.27619
0.63823
0.85001
0.79015
0.75319
0.82889
0.75785
0.62527
0.82246
0.65934
0.68349
0.85040
0.66771
0.91374
0.60705
0.30107
0.65385
0.91371
0.90541
0.86759
0.91878
0.81163
0.82673
0.88396
0.91020
0.93010
0.39907
0.96354
0.96150
0.98135
0.75499
0.97174
0.45183
0.95498
0.58045
0.92263
0.97711
0.65257
0.69379
0.96581
0.53068
0.96107
0.98115
0.95659
0.93909
0.97567
0.97296
0.41399
0.80358
0.41093
0.80390
0.40286
0.71150
0.38145
0.80786
0.82678
0.92560
0.91060
0.90680
0.91661
0.92148
0.75795
0.94463
0.89244
0.90305
0.89131
0.95129
0.93116
0.94206
0.96010
0.90746
0.88199
0.95317
0.92841
0.94031
0.83192
0.97845
0.55730
0.97761
0.40713
0.94835
0.41585
0.94517
0.92402
0.95929
0.96439
0.72893
0.81771
0.78580
0.94573
0.66731
0.27012
0.74938
0.77122
0.88810
0.90152
0.93603
0.87057
0.94970
0.91992
0.96111
0.91938
0.91285
0.91875
0.89185
0.87037
0.92079
0.86150
0.89992
0.88776
0.88296
0.85718
0.88885
0.87931
0.87924
0.89377
0.85496
0.79853
0.68411
0.81140
0.50105
0.70393
0.78513
0.48619
0.48666
0.38427
0.58508
0.93990
0.49272
0.77194
0.73296
0.87263
0.50722
0.69496
0.58442
0.68770
0.73948
0.66424
0.71347
0.68251
0.62323
0.70647
0.71737
0.73879
0.72857
0.71776
0.70936
0.60916
0.72210
0.70325
0.61225
0.67199
0.73185
0.66231
0.74692
0.88960
0.52185
0.87411
0.41844
0.81726
0.77238
0.65814
0.58015
0.46582
0.37800
0.94900
0.89598
0.88269
0.93978
0.89733
0.75313
0.91254
0.84651
0.78673
0.73421
0.77046
0.84715
0.86964
0.95853
0.86933
0.93431
0.92887
0.78508
0.86750
0.74570
0.80941
0.73655
0.78821
0.72450
0.53790
0.74248
0.56926
0.85581
0.60771
0.91103
0.76372
0.72520
0.89252
0.89812
0.93663
0.96843
0.91049
0.85910
0.84589
0.80737
0.70482
0.60380
0.57422
0.73450
0.75276
0.32751
0.82780
0.80677
0.76948
0.28304
0.75690
0.13394
0.70015
0.72627
0.33495
0.65578
0.23365
0.68948
0.24486
0.65369
0.81984
0.45462
0.88213
0.52660
0.79845
0.69835
0.74640
0.83045
0.84825
0.34894
0.91487
0.94074
0.88557
0.93395
0.91055
0.91992
0.96061
0.91476
0.91093
0.82607
0.97104
0.92801
0.69933
0.89595
0.87112
0.96721
0.70214
0.95799
0.73752
0.78640
0.92334
0.68425
0.95310
0.87963
0.52210
0.81433
0.94634
0.84032
0.92024
0.98020
0.95293
0.97492
0.98096
0.95451
0.96601
0.97024
0.87350
0.95569
0.98077
0.97452
0.82750
0.95942
0.89184
0.96194
0.95581
0.93209
0.84356
0.94720
0.96755
0.87625
0.89418
0.88074
0.94674
0.80442
0.96537
0.91393
0.97827
0.96898
0.97588
0.14883
0.50588
0.62747
0.58779
0.79255
0.79453
0.77310
0.74582
0.49709
0.57327
0.97675
0.95835
0.92707
0.91588
0.94520
0.93848
0.95094
0.83878
0.93582
0.74736
0.47131
0.37774
0.39260
0.28413
0.68938
0.56013
0.54061
0.55170
0.25980
0.16429
0.95225
0.96714
0.93579
0.58813
0.97118
0.97849
0.90473
0.96562
0.98354
0.95909
0.97412
0.92989
0.96986
0.98240
0.95264
0.91696
0.97005
0.96980
0.94746
0.94663
0.97011
0.97558
0.97637
0.96480
0.96930
0.94362
0.93185
0.97020
0.97854
0.94813
0.90322
0.71964
0.93251
0.96707
0.96192
0.90199
0.93277
0.95105
0.93195
0.93832
0.88582
0.42526
0.25759
0.76524
0.86622
0.68099
0.90061
0.23001
0.56775
0.79970
0.95626
0.86806
0.93717
0.89622
0.93310
0.95218
0.97254
0.97255
0.96989
0.97621
0.93266
0.94037
0.96475
0.94555
0.92689
0.97335
0.96521
0.93340
0.97012
0.96398
0.97948
0.98142
0.96376
0.96352
0.96234
0.97001
0.96695
0.95778
0.94824
0.96278
0.82748
0.95476
0.98071
0.96540
0.89729
0.94995
0.97549
0.96542
0.95441
0.73539
0.95736
0.93188
0.89209
0.96053
0.94520
0.94153
0.97196
0.89605
0.70229
0.52113
0.88307
0.57445
0.85714
0.35524
0.87046
0.88177
0.81345
0.81906
0.72980
0.90811
0.76398
0.88972
0.91700
0.80972
0.81413
0.87061
0.88495
0.86323
0.92265
0.90411
0.49508
0.93652
0.87444
0.94995
0.91785
0.85956
0.87392
0.89829
0.91970
0.91925
0.91426
0.56970
0.93128
0.98185
0.90314
0.93401
0.87802
0.97173
0.90088
0.95581
0.94554
0.88263
0.96646
0.94304
0.96453
0.93567
0.90708
0.92109
0.96192
0.72543
0.94938
0.90691
0.86546
0.92457
0.93448
0.88052
0.92474
0.89794
0.96578
0.87456
0.90611
0.87167
0.54694
0.75143
0.90147
0.81588
0.81901
0.88227
0.87541
0.87820
0.61265
0.70400
0.86394
0.94814
0.49949
0.58257
0.69636
0.60498
0.87530
0.33257
0.91131
0.97184
0.94911
0.97691
0.87028
0.94039
0.87926
0.88178
0.96761
0.95282
0.57999
0.76009
0.61790
0.68547
0.69155
0.53884
0.74555
0.84954
0.79170
0.34772
0.96694
0.95948
0.93446
0.72594
0.94421
0.89387
0.90432
0.91264
0.89041
0.97370
0.95813
0.97093
0.98144
0.86252
0.97797
0.97516
0.95980
0.98119
0.98266
0.97713
0.82646
0.80747
0.93027
0.92014
0.84839
0.83384
0.72552
0.79867
0.75299
0.84854
0.37187
0.95105
0.96177
0.85282
0.91951
0.96435
0.96391
0.97760
0.98159
0.96248
0.95361
0.76060
0.88881
0.85092
0.24382
0.82388
0.90372
0.70556
0.27508
0.33625
0.95844
0.96981
0.97760
0.93241
0.94904
0.96956
0.96467
0.92548
0.95437
0.95392
0.31315
0.87666
0.87380
0.62059
0.85184
0.77019
0.76287
0.92787
0.63260
0.42639
0.91676
0.84869
0.88111
0.90507
0.92082
0.93053
0.83848
0.72361
0.76932
0.94137
0.96413
0.95536
0.95253
0.89451
0.94464
0.96370
0.96187
0.94491
0.93401
0.95238
0.92234
0.88575
0.88717
0.90702
0.85539
0.86486
0.91242
0.92160
0.74585
0.75410
0.81334
0.87563
0.91397
0.90360
0.88379
0.89296
0.86982
0.89441
0.61111
0.87843
0.90399
0.95028
0.91176
0.91417
0.95022
0.89734
0.86330
0.91385
0.97515
0.96764
0.92139
0.95151
0.89751
0.96340
0.95957
0.95352
0.93877
0.97445
0.94741
0.38016
0.81231
0.58608
0.35760
0.30820
0.68488
0.47980
0.05794
0.23147
0.96792
0.97174
0.73545
0.98503
0.97614
0.95438
0.96222
0.92689
0.91757
0.93447
0.77938
0.82743
0.70950
0.80596
0.35325
0.51946
0.28494
0.54498
0.78845
0.30851
0.93785
0.94565
0.96910
0.95222
0.97544
0.97452
0.91283
0.94441
0.91278
0.95909
0.97034
0.76521
0.65711
0.90759
0.61702
0.92823
0.73574
0.49972
0.83196
0.79470
0.79796
0.95420
0.94816
0.94646
0.95659
0.97766
0.95611
0.95166
0.95472
0.93992
0.95987
0.58289
0.95715
0.91605
0.94093
0.96959
0.91720
0.98138
0.94500
0.94745
0.93601
0.87526
0.87823
0.93701
0.85981
0.96068
0.94869
0.94700
0.96575
0.98198
0.96268
0.90070
0.90844
0.95632
0.97610
0.96344
0.93519
0.90326
0.92516
0.95442
0.96146
0.92844
0.92585
0.95785
0.97769
0.73529
0.95523
0.96601
0.92646
0.97607
0.95167
0.97728
0.95936
0.98017
0.97214
0.94582
0.97300
0.94091
0.97181
0.98233
0.97000
0.95179
0.93475
0.95625
0.79763
0.64319
0.80650
0.85521
0.60708
0.37888
0.67816
0.68147
0.14020
0.77046
0.85621
0.77830
0.63851
0.76342
0.72034
0.82513
0.81838
0.77095
0.83239
0.95622
0.94200
0.91935
0.95995
0.97912
0.94191
0.89988
0.94360
0.97227
0.96041
0.91410
0.90553
0.96927
0.76223
0.86753
0.94959
0.88626
0.94719
0.95535
0.68821
0.93470
0.96639
0.96813
0.92190
0.91491
0.95097
0.96782
0.97167
0.94189
0.96619
0.82983
0.48224
0.50623
0.84395
0.82371
0.71053
0.84682
0.55065
0.79967
0.57467
0.96782
0.97461
0.93918
0.91635
0.85419
0.96556
0.91383
0.98243
0.95357
0.79810
0.96388
0.95006
0.97895
0.97995
0.96056
0.94093
0.97788
0.97915
0.95545
0.97964
0.93872
0.91727
0.83496
0.86230
0.96864
0.92544
0.94523
0.90436
0.92122
0.91062
0.79549
0.89879
0.57796
0.93788
0.85799
0.87765
0.90714
0.92275
0.89965
0.88802
0.91354
0.92533
0.93812
0.77900
0.93529
0.78447
0.91924
0.76064
0.92072
0.80798
0.93372
0.88836
0.93497
0.90238
0.93324
0.89986
0.80277
0.88088
0.56861
0.86686
0.97000
0.95094
0.97242
0.73253
0.97321
0.95404
0.97120
0.96548
0.94822
0.97471
0.94955
0.95933
0.92944
0.60447
0.95377
0.94105
0.90892
0.88630
0.87458
0.94853
0.70294
0.65571
0.91352
0.92441
0.86132
0.72573
0.74579
0.64615
0.78024
0.83370
0.72194
0.77692
0.51911
0.53122
0.86417
0.87951
0.88603
0.85593
0.62243
0.26211
0.82453
0.76410
0.91446
0.87834
0.58364
0.58903
0.64878
0.51390
0.88712
0.28896
0.94788
0.83615
0.93891
0.96621
0.95583
0.92067
0.94661
0.94690
0.96424
0.94124
0.97518
0.97851
0.98312
0.97022
0.96059
0.90301
0.95557
0.87543
0.93824
0.93679
0.85030
0.81315
0.89050
0.73150
0.88849
0.75750
0.78405
0.74204
0.55681
0.90586
0.91970
0.94049
0.58391
0.61970
0.63060
0.94108
0.85599
0.91752
0.85792
0.94929
0.94170
0.65774
0.73155
0.82247
0.59043
0.63286
0.85848
0.87028
0.29360
0.84812
0.94358
0.92158
0.91924
0.92270
0.92560
0.86673
0.94718
0.92125
0.90258
0.90549
0.77030
0.83709
0.84834
0.92380
0.80197
0.79056
0.93830
0.59490
0.93675
0.84975
0.77892
0.92815
0.92193
0.90590
0.84260
0.90144
0.92731
0.90055
0.93690
0.88252
0.87243
0.92991
0.87068
0.96823
0.89230
0.96737
0.96091
0.96679
0.93873
0.94664
0.97163
0.89230
0.94886
0.96848
0.94991
0.97495
0.97285
0.96138
0.96831
0.93636
0.88364
0.74020
0.57702
0.89086
0.77076
0.29137
0.51677
0.15068
0.85980
0.79180
0.54048
0.85975
0.73002
0.26340
0.64122
0.84607
0.67979
0.27493
0.69673
0.64577
0.96188
0.89999
0.90121
0.95026
0.93669
0.91113
0.92999
0.91951
0.93404
0.97152
0.78496
0.94135
0.93187
0.96122
0.89454
0.92730
0.91935
0.91970
0.93813
0.87224
0.94636
0.31767
0.30827
0.34235
0.73984
0.61026
0.69133
0.20789
0.46324
0.83481
0.65966
0.93864
0.58316
0.95322
0.93880
0.97078
0.95990
0.93050
0.97144
0.96155
0.92112
0.93834
0.91199
0.87928
0.80420
0.87635
0.83601
0.91184
0.80027
0.85730
0.70951
0.96593
0.98350
0.91658
0.92395
0.95349
0.58184
0.95565
0.83878
0.94160
0.92780
0.89079
0.96420
0.93304
0.82251
0.72762
0.88220
0.94182
0.88211
0.90356
0.94833
0.93627
0.93269
0.89143
0.88321
0.88469
0.96935
0.87015
0.92782
0.85268
0.79099
0.75129
0.30590
0.86179
0.58199
0.82668
0.87074
0.83002
0.65133
0.87464
0.96292
0.92369
0.95567
0.93160
0.92265
0.90273
0.90050
0.84272
0.85157
0.91187
0.92145
0.86788
0.91879
0.91912
0.91796
0.80372
0.92753
0.80798
0.85645
0.67419
