0.78972
0.79426
0.82002
0.76109
0.81738
0.80953
0.72696
0.81440
0.81077
0.80039
0.81647
0.78468
0.81398
0.82768
0.82705
0.78695
0.78917
0.81017
0.83055
0.81248
0.82147
0.77669
0.81138
0.80906
0.82149
0.83581
0.83287
0.83461
0.82903
0.82655
0.79800
0.80994
0.77494
0.82025
0.81548
0.79990
0.81094
0.79241
0.78932
0.81265
0.81297
0.80012
0.82072
0.78466
0.81103
0.81277
0.83366
0.82034
0.81944
0.82686
0.79463
0.82581
0.79995
0.81200
0.84628
0.83705
0.82830
0.82351
0.83593
0.83310
0.79717
0.84023
0.83325
0.80269
0.80932
0.80500
0.80757
0.81847
0.79913
0.79990
0.80653
0.79833
0.80967
0.78445
0.80482
0.79949
0.78749
0.73979
0.82097
0.77726
0.80436
0.81091
0.80973
0.80806
0.82347
0.82809
0.82055
0.82601
0.80317
0.81363
0.81297
0.79701
0.81915
0.82480
0.80880
0.78906
0.76085
0.81820
0.82730
0.80907
0.82849
0.81636
0.81727
0.80418
0.82751
0.82390
0.80393
0.81674
0.80723
0.79115
0.83322
0.81499
0.81641
0.79374
0.79939
0.81243
0.83151
0.81258
0.80851
0.75744
0.77242
0.81539
0.78670
0.77000
0.82584
0.82074
0.83492
0.82996
0.85297
0.82369
0.80436
0.80333
0.81688
0.80947
0.80420
0.81522
0.80356
0.80383
0.80625
0.81187
0.80292
0.80770
0.80877
0.82128
0.79936
0.75400
0.80594
0.81479
0.79922
0.78186
0.84345
0.81530
0.77370
0.81710
0.83478
0.79874
0.80178
0.80630
0.80592
0.79449
0.78617
0.79418
0.80756
0.79443
0.80307
0.80579
0.82729
0.80674
0.76931
0.78786
0.74036
0.77837
0.75088
0.80934
0.79764
0.78951
0.79350
0.72396
0.81829
0.81996
0.81999
0.80272
0.80846
0.79951
0.80064
0.80077
0.80772
0.81388
0.81834
0.80020
0.80126
0.73755
0.81735
0.82621
0.82291
0.79856
0.77605
0.80059
0.80283
0.76310
0.79313
0.81131
0.75502
0.78268
0.80498
0.81606
0.80324
0.83101
0.84548
0.78920
0.80168
0.81391
0.80352
0.81875
0.80320
0.81246
0.84297
0.80760
0.79776
0.81472
0.82604
0.83240
0.82443
0.80534
0.79940
0.82388
0.83677
0.83167
0.81952
0.77807
0.80288
0.79632
0.80119
0.80814
0.80130
0.79972
0.80753
0.82688
0.82537
0.83465
0.82265
0.80284
0.80518
0.83616
0.77193
0.80169
0.80684
0.80207
0.78428
0.81430
0.73576
0.75667
0.81834
0.77248
0.75233
0.71195
0.79079
0.83372
0.80041
0.78089
0.80867
0.80129
0.79022
0.79630
0.79539
0.80832
0.77950
0.80648
0.78756
0.80419
0.80984
0.80388
0.77478
0.81507
0.77561
0.82325
0.79768
0.79457
0.82711
0.81514
0.82643
0.84115
0.79314
0.82073
0.84244
0.81856
0.79671
0.81149
0.80092
0.78492
0.81036
0.82121
0.79062
0.82084
0.81108
0.79593
0.80757
0.80518
0.82185
0.81789
0.81674
0.80794
0.81232
0.84196
0.80519
0.82246
0.79123
0.82064
0.81699
0.83231
0.81681
0.81783
0.81950
0.77890
0.82304
0.76980
0.80604
0.80731
0.76649
0.76330
0.82820
0.81081
0.83712
0.72714
0.80455
0.81793
0.81740
0.81063
0.80005
0.80726
0.81945
0.78012
0.80154
0.78970
0.76668
0.79870
0.79791
0.78900
0.84541
0.79479
0.84431
0.83073
0.78605
0.82709
0.82509
0.83054
0.83473
0.80843
0.81898
0.82595
0.83088
0.81889
0.81996
0.82595
0.81709
0.86014
0.83614
0.82167
0.79946
0.80837
0.78513
0.76242
0.80396
0.80197
0.84237
0.78957
0.84205
0.83604
0.82518
0.82993
0.83968
0.83088
0.82584
0.82618
0.80411
0.83131
0.83033
0.82223
0.81645
0.78235
0.81779
0.82437
0.80899
0.79281
0.78574
0.82712
0.78096
0.83161
0.82434
0.82973
0.82752
0.82887
0.82794
0.79861
0.80753
0.79771
0.81269
0.82274
0.79295
0.75224
0.77885
0.79050
0.74532
0.74693
0.78661
0.82651
0.78627
0.79556
0.80802
0.84301
0.83221
0.81402
0.81193
0.81210
0.79920
0.81523
0.70947
0.78594
0.83796
0.81612
0.82457
0.81771
0.81149
0.81665
0.80277
0.80405
0.81991
0.79189
0.81408
0.82507
0.82705
0.82693
0.81476
0.81426
0.82935
0.81271
0.83397
0.83286
0.79240
0.80098
0.77833
0.79453
0.79282
0.79472
0.78143
0.81054
0.80804
0.78857
0.80009
0.79505
0.81678
0.81791
0.80158
0.81552
0.81863
0.79943
0.76721
0.83996
0.77937
0.81889
0.83407
0.82542
0.81146
0.80846
0.82339
0.81176
0.83447
0.81609
0.81104
0.80963
0.82004
0.83922
0.83318
0.79299
0.80318
0.80569
0.81980
0.81802
0.75708
0.81785
0.82230
0.76498
0.79671
0.79617
0.81010
0.79456
0.81953
0.78324
0.75535
0.80225
0.81218
0.78925
0.83372
0.74379
0.81261
0.81246
0.77762
0.82081
0.81229
0.81686
0.81703
0.83781
0.82652
0.81337
0.80933
0.78007
0.81013
0.82887
0.81890
0.81898
0.82019
0.82227
0.79732
0.79216
0.77887
0.78840
0.80894
0.80894
0.82114
0.78302
0.78822
0.80593
0.81091
0.79504
0.80061
0.72489
0.70600
0.82357
0.80397
0.83508
0.78478
0.84559
0.80460
0.79552
0.77389
0.80265
0.82457
0.79273
0.75265
0.78458
0.78087
0.80815
0.80427
0.84180
0.82289
0.72291
0.79910
0.81356
0.79918
0.82687
0.83727
0.80881
0.81473
0.83689
0.82142
0.82773
0.85227
0.83047
0.81607
0.81195
0.83213
0.82690
0.82126
0.80506
0.80167
0.81148
0.83860
0.79967
0.81505
0.83228
0.82110
0.81696
0.81687
0.83176
0.83131
0.78247
0.80234
0.84408
0.81966
0.72533
0.80979
0.79683
0.82296
0.78519
0.78846
0.77903
0.81917
0.85968
0.81433
0.81103
0.80979
0.81995
0.77943
0.76191
0.80625
0.75555
0.82035
0.78368
0.81041
0.74591
0.81028
0.76834
0.80241
0.82671
0.82928
0.79370
0.78817
0.74509
0.78966
0.79740
0.74235
0.80496
0.79801
0.76211
0.77500
0.72621
0.78963
0.77947
0.76734
0.75430
0.79626
0.83364
0.80557
0.80679
0.83002
0.78309
0.79276
0.76000
0.77936
0.79947
0.76504
0.74995
0.80659
0.82523
0.80341
0.79187
0.82395
0.82301
0.83203
0.82454
0.81968
0.81386
0.82846
0.82368
0.82332
0.81370
0.76527
0.81071
0.81440
0.81787
0.81529
0.80896
0.81160
0.78091
0.81511
0.80010
0.80809
0.80690
0.83117
0.81947
0.80476
0.78941
0.81024
0.81312
0.81993
0.81936
0.83301
0.82517
0.79842
0.82344
0.81305
0.84298
0.81750
0.81577
0.83061
0.82324
0.82171
0.80570
0.83553
0.84525
0.81997
0.81563
0.83720
0.81111
0.78896
0.82500
0.81290
0.81756
0.80718
0.79951
0.81492
0.81692
0.81418
0.82341
0.79873
0.80878
0.83526
0.80262
0.82745
0.76915
0.81927
0.76402
0.80114
0.80598
0.79324
0.75097
0.81445
0.80521
0.81184
0.80471
0.82304
0.81825
0.74181
0.80785
0.82370
0.81443
0.81603
0.81983
0.80917
0.80411
0.80971
0.81398
0.82167
0.78728
0.82340
0.80461
0.81212
0.80786
0.79538
0.81494
0.80392
0.81988
0.82835
0.83839
0.81105
0.81458
0.82371
0.78847
0.80429
0.80128
0.78084
0.76254
0.81571
0.78229
0.82816
0.80295
0.83687
0.82541
0.83453
0.83831
0.82661
0.81956
0.83008
0.83254
0.82957
0.82633
0.79288
0.83031
0.80054
0.81081
0.80993
0.80650
0.80790
0.81359
0.80596
0.84120
0.80621
0.79494
0.77971
0.78440
0.78518
0.79163
0.78069
0.74768
0.75972
0.79222
0.83202
0.84870
0.87869
0.83574
0.81513
0.84600
0.85135
0.79584
0.80889
0.79128
0.69670
0.78411
0.81307
0.75711
0.79904
0.81293
0.77333
0.82940
0.80469
0.85768
0.80774
0.73827
0.80333
0.79994
0.75073
0.76384
0.75844
0.82194
0.81511
0.77883
0.81837
0.80611
0.79267
0.80782
0.80121
0.80781
0.80419
0.79787
0.81055
0.81137
0.77770
0.81908
0.79957
0.80380
0.80936
0.81203
0.81621
0.79062
0.80832
0.80602
0.79848
0.81626
0.79861
0.81191
0.81386
0.79410
0.78741
0.80315
0.78638
0.77101
0.84224
0.84945
0.85798
0.84316
0.82208
0.82645
0.83700
0.81314
0.80774
0.82801
0.83757
0.82351
0.81524
0.83638
0.79664
0.82731
0.84856
0.83060
0.84671
0.80795
0.82097
0.79151
0.80744
0.80592
0.82267
0.82141
0.82834
0.81580
0.79696
0.81240
0.80196
0.78542
0.79374
0.79670
0.80252
0.79743
0.81336
0.80434
0.79174
0.81810
0.81795
0.80185
0.80164
0.80120
0.79195
0.79825
0.81931
0.79250
0.79575
0.81095
0.78332
0.79736
0.77336
0.75564
0.78256
0.78437
0.73156
0.77693
0.78988
0.75531
0.81593
0.82875
0.82749
0.83628
0.83307
0.81255
0.80503
0.83294
0.83356
0.80722
0.80368
0.81178
0.82580
0.83082
0.81173
0.78356
0.81698
0.83245
0.82997
0.81138
0.82281
0.80168
0.75373
0.83105
0.76946
0.75602
0.76260
0.73978
0.75913
0.76973
0.81549
0.81362
0.82230
0.80826
0.81768
0.81271
0.83235
0.82054
0.80625
0.80186
0.79078
0.81930
0.81017
0.81557
0.79667
0.79400
0.78060
0.81244
0.81979
0.82755
0.80418
0.79681
0.81448
0.80518
0.79726
0.79142
0.78786
0.80482
0.82668
0.80918
0.84885
0.78275
0.80909
0.80478
0.82253
0.82203
0.80612
0.78954
0.80650
0.79086
0.80625
0.81140
0.81896
0.74030
0.82530
0.79922
0.81292
0.81055
0.79852
0.79868
0.79102
0.77936
0.74537
0.81391
0.79162
0.77740
0.81801
0.76987
0.82298
0.83502
0.76719
0.82679
0.81799
0.77179
0.75151
0.74890
0.80763
0.76176
0.80511
0.79820
0.80456
0.80727
0.81276
0.80447
0.80667
0.81725
0.80521
0.78157
0.82874
0.79994
0.76275
0.73083
0.79286
0.81947
0.78600
0.82562
0.77456
0.80999
0.81117
0.76905
0.80717
0.80067
0.82055
0.81543
0.80709
0.78444
0.81963
0.80007
0.80591
0.81202
0.80252
0.79825
0.81925
0.79660
0.81200
0.80114
0.80872
0.80798
0.81095
0.80808
0.81759
0.78756
0.80528
0.82462
0.82124
0.81744
0.79578
0.82095
0.81977
0.75008
0.79688
0.79399
0.79489
0.75013
0.74511
0.81299
0.79708
0.80063
0.79049
0.81662
0.78729
0.80902
0.80048
0.82288
0.80360
0.76399
0.78220
0.78534
0.79029
0.79840
0.78094
0.80618
0.82537
0.80342
0.83364
0.82940
0.83311
0.84286
0.79912
0.79239
0.82063
0.82023
0.81485
0.83239
0.82844
0.81776
0.80504
0.79599
0.80770
0.82865
0.81109
0.78593
0.75498
0.78589
0.74746
0.75142
0.77085
0.74612
0.82040
0.82958
0.79285
0.79955
0.79932
0.80174
0.81087
0.81638
0.82008
0.79995
0.80600
0.80501
0.80113
0.81436
0.80590
0.79798
0.79566
0.80309
0.80845
0.81226
0.79076
0.83143
0.79080
0.78238
0.81702
0.76813
0.76255
0.78026
0.79792
0.76992
0.77046
0.75232
0.78809
0.81604
0.80974
0.81840
0.82190
0.77526
0.79155
0.80034
0.81607
0.81162
0.83192
0.79714
0.76932
0.72797
0.75223
0.74875
0.79794
0.77727
0.80087
0.80191
0.79424
0.80992
0.81435
0.80387
0.80426
0.81374
0.82690
0.82189
0.84887
0.79921
0.81788
0.81451
0.81559
0.80924
0.84085
0.81577
0.82457
0.85887
0.83901
0.84008
0.81380
0.80444
0.79820
0.78197
0.81186
0.80073
0.80077
0.81214
0.77591
0.81435
0.83851
0.81709
0.77977
0.77900
0.80241
0.80660
0.81293
0.79985
0.81348
0.80163
0.81226
0.80340
0.81578
0.81429
0.81781
0.82538
0.81339
0.81767
0.80954
0.80360
0.82507
0.81266
0.79723
0.74942
0.78804
0.80050
0.78594
0.80944
0.80946
0.76021
0.80338
0.81930
0.81605
0.80926
0.77287
0.77129
0.80608
0.78857
0.78975
0.80808
0.81263
0.78764
0.79303
0.79517
0.78573
0.85916
0.80235
0.76823
0.81271
0.73940
0.79549
0.75848
0.81833
0.79337
0.77896
0.81180
0.77178
0.80462
0.80747
0.75462
0.81312
0.74783
0.79865
0.79484
0.79571
0.80727
0.81803
0.75281
0.79482
0.78643
0.79754
0.78696
0.80383
0.83804
0.80804
0.80509
0.79999
0.81919
0.83110
0.80727
0.80348
0.80337
0.80508
0.82594
0.79546
0.78719
0.82434
0.82021
0.79499
0.79941
0.81907
0.80849
0.81365
0.83037
0.82229
0.79973
0.78206
0.81963
0.78290
0.82524
0.81841
0.82045
0.79232
0.83486
0.69513
0.82374
0.81307
0.79224
0.79652
0.79573
0.79001
0.83236
0.81686
0.75169
0.82393
0.79547
0.81693
0.79252
0.80931
0.82951
0.82073
0.76920
0.78341
0.81169
0.77873
0.82949
0.80773
0.79081
0.77796
0.76795
0.59325
0.73667
0.73687
0.73137
0.78927
0.70161
0.77213
0.74787
0.78726
0.81007
0.78292
0.79066
0.80556
0.82923
0.77647
0.81145
0.81172
0.80295
0.81432
0.79981
0.84154
0.83287
0.81754
0.81964
0.79509
0.80125
0.79044
0.80889
0.82005
0.84192
0.79544
0.75321
0.79323
0.76457
0.80090
0.82075
0.80470
0.78081
0.78618
0.80395
0.75255
0.81690
0.80037
0.81341
0.77076
0.85206
0.76252
0.80973
0.76355
0.79778
0.76710
0.80960
0.80572
0.81723
0.75597
0.79430
0.81486
0.78109
0.80781
0.79425
0.82869
0.80576
0.80655
0.80703
0.80680
0.81783
0.81640
0.78757
0.81587
0.77434
0.79345
0.80139
0.79393
0.79571
0.80803
0.80648
0.78858
0.82578
0.83204
0.81300
0.83167
0.83310
0.79885
0.80918
0.82255
0.80755
0.81998
0.82360
0.80509
0.82498
0.81839
0.84610
0.83433
0.82597
0.83484
0.82059
0.82589
0.82230
0.80477
0.83978
0.81179
0.81562
0.82047
0.81701
0.76976
0.83011
0.81856
0.85238
0.79635
0.79999
0.76797
0.83194
0.81711
0.82176
0.81603
0.82197
0.81839
0.80513
0.81193
0.80436
0.80056
0.78766
0.81157
0.82357
0.82189
0.81827
0.76163
0.82355
0.81404
0.83024
0.81648
0.83516
0.77659
0.79196
0.84021
0.75380
0.80481
0.81255
0.83138
0.84439
0.72215
0.82275
0.82871
0.77057
0.77920
0.79667
0.83262
0.79104
0.76935
0.79887
0.80767
0.80601
0.79949
0.80646
0.80387
0.77808
0.81165
0.71616
0.78051
0.75208
0.80409
0.83918
0.80086
0.84650
0.79678
0.81457
0.81625
0.83885
0.77424
0.83727
0.78881
0.81834
0.79277
0.80433
0.82744
0.79193
0.83756
0.80129
0.82084
0.80894
0.79694
0.79169
0.80134
0.83470
0.81326
0.79080
0.78887
0.82638
0.74843
0.81811
0.79731
0.82247
0.78831
0.82758
0.79465
0.80796
0.79477
0.68666
0.80727
0.76161
0.77325
0.71780
0.36446
0.57334
0.59549
0.39041
0.47599
0.51737
0.67420
0.57933
0.51946
0.59432
0.76681
0.64882
0.66586
0.52977
0.75376
0.78211
0.33702
0.64784
0.59921
0.58895
0.55903
0.58631
0.77703
0.77897
0.68865
0.74055
0.56906
0.75309
0.33434
0.72204
0.73511
0.70713
0.77776
0.78782
0.64903
0.60933
0.59235
0.59723
0.68178
0.64687
0.75179
0.79402
0.77426
0.70728
0.70824
0.80297
0.72842
0.68320
0.68746
0.64067
0.63067
0.39569
0.28312
0.45335
0.55720
0.57413
0.64640
0.57184
0.60547
0.54585
0.44595
0.79496
0.77710
0.59597
0.57627
0.72287
0.64766
0.69103
0.74568
0.67886
0.65698
0.72974
0.68924
0.66296
0.58726
0.69577
0.76920
0.62520
0.76661
0.42296
0.65029
0.47307
0.35395
0.78313
0.73080
0.37065
0.78786
0.29084
0.37804
0.51590
0.40610
0.74225
0.77441
0.67708
0.36761
0.32357
0.66337
0.77574
0.65670
0.70032
0.71076
0.66350
0.65306
0.62497
0.69363
0.69730
0.71982
0.40618
0.58529
0.55371
0.53321
0.40351
0.64471
0.57514
0.54742
0.34403
0.77624
0.59553
0.66492
0.46047
0.49195
0.79192
0.57289
0.43009
0.44371
0.53831
0.37825
0.48427
0.63036
0.69969
0.63759
0.60431
0.67180
0.71545
0.57640
0.68535
0.71570
0.74901
0.57670
0.47078
0.68019
0.58507
0.69415
0.74732
0.59324
0.76833
0.51950
0.53251
0.75869
0.50701
0.64045
0.61373
0.45350
0.55878
0.48637
0.76860
0.76977
0.72578
0.72708
0.52698
0.64185
0.69324
0.52165
0.37585
0.75035
0.77717
0.50801
0.67839
0.66028
0.77356
0.55970
0.44701
0.45092
0.60333
0.40689
0.61773
0.70457
0.65256
0.50252
0.66003
0.57848
0.59678
0.74978
0.56978
0.63397
0.78561
0.50631
0.79787
0.57525
0.75208
0.51840
0.52955
0.50651
0.48010
0.47984
0.49977
0.80516
0.45385
0.54251
0.54741
0.74503
0.60953
0.70010
0.56573
0.74690
0.72177
0.71695
0.71507
0.51911
0.61759
0.56730
0.75201
0.73506
0.77244
0.51923
0.79487
0.59477
0.38847
0.70486
0.65478
0.71286
0.62438
0.62471
0.56260
0.66472
0.56547
0.31092
0.59259
0.49281
0.49439
0.52371
0.55838
0.77477
0.40030
0.50341
0.50852
0.79679
0.50813
0.48779
0.69305
0.63616
0.41015
0.80779
0.63536
0.78873
0.52819
0.81503
0.48695
0.38030
0.68204
0.40830
0.48163
0.60679
0.55429
0.44486
0.39678
0.35914
0.54918
0.59345
0.49565
0.42854
0.45674
0.68116
0.60153
0.31820
0.29163
0.73252
0.34631
0.35437
0.32114
0.74174
0.74647
0.46166
0.58751
0.59376
0.48539
0.51924
0.64799
0.71415
0.67188
0.67225
0.61476
0.59114
0.68900
0.57381
0.61353
0.60543
0.63368
0.74362
0.72012
0.60029
0.66918
0.62810
0.69681
0.73042
0.61008
0.60369
0.72719
0.69475
0.73122
0.59933
0.77381
0.76587
0.47689
0.52308
0.67544
0.54196
0.79138
0.32079
0.80587
0.43488
0.54195
0.77002
0.54361
0.69872
0.41843
0.40943
0.79096
0.45401
0.60630
0.44814
0.60998
0.73529
0.42148
0.39837
0.52973
0.76209
0.41800
0.28265
0.43222
0.76062
0.43089
0.37491
0.67076
0.50416
0.37397
0.50142
0.75545
0.75433
0.55693
0.67067
0.52295
0.53017
0.67464
0.58698
0.71628
0.52232
0.62378
0.52333
0.78171
0.68707
0.53466
0.73293
0.68699
0.75443
0.54338
0.61023
0.47904
0.49144
0.74357
0.28409
0.32035
0.74864
0.58723
0.49322
0.49153
0.42711
0.64612
0.79506
0.58890
0.55745
0.76142
0.49862
0.62802
0.42341
0.59639
0.55393
0.64365
0.52388
0.62432
0.57870
0.38409
0.37605
0.62518
0.35842
0.48983
0.63971
0.71128
0.76685
0.40181
0.68413
0.72046
0.75398
0.49448
0.73969
0.67778
0.81882
0.41744
0.63626
0.38322
0.41584
0.42243
0.73947
0.43770
0.67043
0.77580
0.60948
0.45180
0.73060
0.34172
0.49307
0.49441
0.72850
0.49342
0.68960
0.58316
0.80415
0.47868
0.54628
0.63197
0.52403
0.78898
0.61115
0.48472
0.41186
0.51884
0.48838
0.72277
0.80924
0.43680
0.54837
0.70509
0.72717
0.65069
0.77896
0.51440
0.61348
0.30391
0.40970
0.45603
0.72219
0.41890
0.60117
0.43752
0.45794
0.36378
0.72325
0.44563
0.53378
0.53646
0.58979
0.51704
0.53454
0.51632
0.52532
0.55802
0.50497
0.41581
0.46880
0.54610
0.73681
0.67212
0.60444
0.73184
0.51109
0.51456
0.57363
0.54308
0.64333
0.56675
0.51820
0.68144
0.69726
0.61534
0.75226
0.52432
0.58295
0.57196
0.76027
0.50857
0.62889
0.74395
0.49662
0.76755
0.39317
0.62395
0.58005
0.60721
0.78701
0.63151
0.69072
0.63946
0.75214
0.61251
0.67050
0.50415
0.73120
0.71762
0.71881
0.72045
0.70231
0.68421
0.54241
0.63224
0.64038
0.51088
0.37808
0.28381
0.34359
0.56956
0.48231
0.78580
0.57346
0.58065
0.52101
0.79749
0.75481
0.78198
0.55196
0.46602
0.42247
0.29981
0.46896
0.80350
0.56194
0.77881
0.53888
0.64792
0.82941
0.81317
0.57677
0.53849
0.63959
0.57295
0.67385
0.33620
0.56944
0.49322
0.53730
0.37910
0.43158
0.71613
0.46706
0.43953
0.52795
0.74668
0.50922
0.58263
0.66343
0.52836
0.68468
0.57526
0.73508
0.79397
0.57237
0.64320
0.68018
0.69077
0.76841
0.65302
0.76017
0.79369
0.64247
0.65171
0.67026
0.71069
0.73905
0.61702
0.79255
0.66000
0.74462
0.78737
0.65081
0.80306
0.76440
0.75748
0.49879
0.77859
0.79148
0.36653
0.74059
0.79991
0.51532
0.41626
0.40897
0.78410
0.36881
0.38777
0.78586
0.41352
0.76027
0.57285
0.43507
0.44132
0.53567
0.76897
0.72822
0.79482
0.61238
0.77463
0.74546
0.76032
0.35862
0.76815
0.54401
0.50541
0.68412
0.60386
0.58409
0.53157
0.52250
0.59935
0.75414
0.35780
0.55124
0.40440
0.73515
0.50653
0.53064
0.29701
0.26823
0.29925
0.54807
0.51540
0.45505
0.40900
0.59029
0.47722
0.50069
0.67163
0.52602
0.69947
0.34776
0.40447
0.29463
0.59133
0.66070
0.66093
0.69375
0.69113
0.75156
0.70922
0.63308
0.55917
0.70222
0.54955
0.67468
0.74545
0.47516
0.56282
0.64840
0.61983
0.78298
0.60616
0.77478
0.61651
0.59851
0.72091
0.76074
0.79975
0.77384
0.74459
0.73985
0.74168
0.75285
0.56516
0.59662
0.59160
0.66274
0.56984
0.55765
0.71104
0.50660
0.67579
0.48016
0.54661
0.78123
0.49892
0.29333
0.53227
0.78057
0.53181
0.55077
0.77340
0.57679
0.65684
0.44702
0.65581
0.45601
0.61021
0.56660
0.74682
0.39537
0.66165
0.66518
0.35482
0.69972
0.28260
0.35148
0.41091
0.64072
0.27856
0.71456
0.31461
0.25703
0.68748
0.75899
0.71042
0.73308
0.48526
0.64383
0.74353
0.61835
0.77001
0.76232
0.58041
0.53808
0.50492
0.42045
0.76343
0.64440
0.54170
0.41005
0.45364
0.47379
0.71625
0.74353
0.39666
0.42860
0.69952
0.43890
0.36169
0.27472
0.53223
0.35608
0.59277
0.57830
0.52973
0.41259
0.60590
0.68429
0.56544
0.46902
0.72819
0.59375
0.81958
0.50457
0.62461
0.74818
0.56849
0.53877
0.63169
0.44336
0.53497
0.52775
0.59524
0.62729
0.37148
0.73502
0.42488
0.76590
0.49857
0.72912
0.38297
0.68012
0.32146
0.48939
0.56791
0.74316
0.60844
0.38721
0.51562
0.35627
0.41387
0.28869
0.79619
0.51112
0.54316
0.53271
0.80430
0.61172
0.81089
0.46728
0.58372
0.31771
0.57205
0.39271
0.53570
0.33810
0.59190
0.80177
0.75622
0.39086
0.51127
0.44618
0.69675
0.54451
0.74308
0.41966
0.72358
0.52070
0.73574
0.50381
0.46835
0.42787
0.57731
0.60921
0.52009
0.74018
0.58630
0.50305
0.62037
0.39619
0.43982
0.71604
0.70396
0.74987
0.33506
0.31585
0.45904
0.44863
0.68720
0.49774
0.73345
0.65829
0.29487
0.76766
0.41340
0.73761
0.33991
0.36939
0.75521
0.49193
0.36551
0.33978
0.66073
0.75586
0.63811
0.53700
0.69430
0.79415
0.71123
0.61971
0.70553
0.67781
0.63676
0.42051
0.63815
0.57976
0.78896
0.31124
0.72897
0.52846
0.61017
0.55624
0.53940
0.56446
0.43720
0.49779
0.57555
0.70526
0.62563
0.74472
0.68535
0.47050
0.58291
0.44466
0.45588
0.77205
0.54669
0.55593
0.71090
0.41711
0.75762
0.57686
0.75203
0.39218
0.53346
0.73728
0.50733
0.40425
0.67882
0.30918
0.43049
0.39660
0.63430
0.30818
0.66581
0.75682
0.61028
0.42163
0.69442
0.55257
0.57852
0.71985
0.67978
0.64397
0.40972
0.64189
0.77793
0.51211
0.50591
0.36268
0.53288
0.61508
0.48040
0.76298
0.73677
0.57180
0.58380
0.71043
0.57065
0.66270
0.69740
0.77084
0.48430
0.68199
0.48103
0.72972
0.65737
0.61355
0.40005
0.50570
0.46764
0.44958
0.68077
0.73556
0.44659
0.52446
0.76916
0.77843
0.78679
0.78553
0.72283
0.59991
0.59868
0.57407
0.51155
0.76361
0.73266
0.30832
0.73030
0.58901
0.47945
0.77654
0.67262
0.41260
0.69912
0.61264
0.72255
0.77143
0.40926
0.59524
0.73323
0.65356
0.51104
0.46886
0.61621
0.58335
0.63323
0.50498
0.56613
0.68424
0.78217
0.77853
0.72647
0.66409
0.44158
0.53986
0.48332
0.50044
0.64168
0.48371
0.78621
0.78371
0.49796
0.50038
0.51312
0.61351
0.69712
0.69156
0.59875
0.50149
0.41894
0.44933
0.72886
0.64801
0.40001
0.39817
0.47530
0.56975
0.27895
0.62866
0.78004
0.75390
0.71470
0.62971
0.69116
0.67860
0.59628
0.60173
0.74179
0.78714
0.62730
0.57856
0.63158
0.53778
0.36631
0.64742
0.34475
0.38531
0.55774
0.48012
0.54107
0.67006
0.74651
0.49316
0.63022
0.63026
0.59097
0.57412
0.66938
0.56612
0.43050
0.75663
0.60676
0.34055
0.50100
0.34578
0.37157
0.63753
0.69897
0.31534
0.41838
0.62470
0.63328
0.71088
0.53451
0.72232
0.60567
0.71776
0.69588
0.58249
0.70987
0.44941
0.47638
0.39210
0.57120
0.50704
0.59214
0.55335
0.63061
0.60837
0.54094
0.70835
0.57816
0.68556
0.53141
0.63589
0.70345
0.43765
0.46597
0.55246
0.39724
0.57664
0.78084
0.39939
0.62936
0.53796
0.36108
0.26859
0.31767
0.40603
0.60259
0.34653
0.37326
0.60844
0.52406
0.55701
0.49290
0.40262
0.78768
0.77682
0.42308
0.54023
0.46461
0.70644
0.47307
0.73275
0.41245
0.27734
0.51289
0.29308
0.35376
0.41910
0.54166
0.34945
0.28567
0.66829
0.60775
0.68078
0.40260
0.33831
0.46972
0.69925
0.72500
0.49756
0.56312
0.72675
0.68535
0.70517
0.60918
0.75074
0.75120
0.75101
0.66761
0.64725
0.60020
0.44868
0.61852
0.55171
0.56124
0.75453
0.49864
0.52629
0.63329
0.42619
0.46785
0.73926
0.55531
0.59662
0.62608
0.73877
0.39656
0.41644
0.37538
0.50678
0.63857
0.69748
0.74809
0.69103
0.42649
0.75332
0.70438
0.54679
0.76735
0.50880
0.66791
0.31719
0.78195
0.60522
0.42530
0.67126
0.62825
0.63764
0.63386
0.75907
0.62088
0.68482
0.72247
0.72496
0.61639
0.65363
0.67276
0.76478
0.58437
0.55773
0.47226
0.47634
0.72895
0.72768
0.45790
0.54481
0.43485
0.57989
0.73626
0.67582
0.66354
0.45330
0.37375
0.65981
0.70495
0.27549
0.32149
0.72160
0.31240
0.75283
0.75041
0.68729
0.61128
0.54592
0.74095
0.42859
0.58237
0.46906
0.62487
0.45767
0.68847
0.73670
0.44316
0.51153
0.41486
0.79524
0.29201
0.42616
0.58963
0.79310
0.63623
0.37106
0.46547
0.37521
0.79103
0.48458
0.47914
0.33989
0.78616
0.58147
0.55406
0.32705
0.41706
0.56979
0.44515
0.53014
0.60299
0.77097
0.28020
0.63916
0.66360
0.69809
0.77134
0.36939
0.55691
0.60876
0.58196
0.61854
0.40854
0.70906
0.50868
0.52524
0.65707
0.48090
0.64957
0.68258
0.69007
0.72165
0.57798
0.79436
0.50529
0.73223
0.70213
0.60888
0.63706
0.73424
0.67284
0.78744
0.60357
0.41846
0.61981
0.64446
0.56883
0.76635
0.69144
0.61414
0.63893
0.61779
0.43495
0.65034
0.64383
0.62176
0.62143
0.63174
0.71187
0.71036
0.78317
0.57767
0.73401
0.64951
0.68234
0.39511
0.40525
0.40425
0.72368
0.62416
0.50163
0.48324
0.73265
0.51072
0.62278
0.71316
0.49345
0.45573
0.79098
0.38940
0.80179
0.59508
0.58502
0.36260
0.36170
0.53474
0.37665
0.71702
0.50390
0.54444
0.36933
0.63482
0.55211
0.65730
0.68702
0.68062
0.72790
0.64708
0.60236
0.57495
0.56704
0.51572
0.58947
0.67332
0.32783
0.43511
0.51320
0.63760
0.51533
0.68262
0.70279
0.60776
0.77572
0.64061
0.54252
0.39792
0.44413
0.33319
0.51628
0.79865
0.81074
0.60064
0.60242
0.76625
0.75729
0.78945
0.62883
0.49388
0.77159
0.51761
0.77089
0.50670
0.76801
0.58854
0.37546
0.50490
0.71584
0.66441
0.53028
0.43637
0.61737
0.47278
0.65841
0.78100
0.76007
0.66380
0.60610
0.73861
0.64133
0.45700
0.54461
0.62582
0.54730
0.42940
0.65166
0.66552
0.47923
0.70041
0.37774
0.47627
0.64173
0.32576
0.76135
0.78153
0.73472
0.63229
0.75671
0.75624
0.72070
0.70309
0.72409
0.76512
0.79959
0.69586
0.47967
0.57687
0.67287
0.58213
0.73150
0.72587
0.65507
0.69370
0.67303
0.48966
0.76691
0.76693
0.50741
0.77953
0.33490
0.42136
0.53200
0.66828
0.48355
0.79804
0.43236
0.43759
0.37031
0.46125
0.78931
0.40119
0.42997
0.58953
0.49980
0.72352
0.69708
0.73669
0.71891
0.61775
0.58070
0.77664
0.75841
0.73735
0.72128
0.67154
0.61160
0.61719
0.66519
0.44674
0.59052
0.64532
0.45957
0.62884
0.32371
0.52364
0.28221
0.44748
0.57176
0.53916
0.51863
0.40816
0.59416
0.73224
0.60640
0.73623
0.71315
0.61508
0.38995
0.56154
0.51198
0.62060
0.47730
0.77294
0.74103
0.32179
0.47181
0.58860
0.35436
0.79065
0.79085
0.39826
0.44498
0.49130
0.38332
0.47022
0.56157
0.51948
0.46853
0.45877
0.36468
0.48995
0.80752
0.46326
0.43614
0.69005
0.60604
0.74724
0.72202
0.70037
0.61723
0.78263
0.67968
0.66199
0.76079
0.73643
0.44661
0.59791
0.39593
0.76084
0.45703
0.46259
0.51239
0.47056
0.46405
0.51595
0.75173
0.48389
0.45132
0.33221
0.75091
0.58364
0.77055
0.43243
0.74626
