1.55590
1.08590
2.02085
0.73905
1.44609
1.17430
0.84724
1.60588
1.48472
0.59708
2.36125
2.57908
1.81663
1.45385
1.64694
2.26939
1.69817
1.51661
1.55964
2.62103
5.84316
7.28043
6.68292
2.69411
7.63340
8.06202
6.13457
4.17006
7.23182
3.62732
8.28427
8.37752
7.26764
8.08086
7.70201
6.23234
5.63593
3.29105
2.43928
6.30972
3.10147
3.88988
7.95439
9.30087
6.87378
8.49939
7.79679
8.02671
4.09809
8.47987
5.44846
8.58883
3.16602
3.49279
3.09592
4.97913
3.21854
4.89491
2.96247
6.16188
3.19134
4.88401
6.04685
7.40111
5.05083
8.00987
9.34105
6.01752
7.16883
7.61383
8.50389
6.16220
1.83025
3.14638
1.85929
1.69147
1.84389
2.55218
2.80053
1.95188
1.69208
1.61193
2.36414
2.79257
3.69404
2.64077
2.54588
2.85869
3.96226
2.37376
1.82684
2.40180
3.85774
3.61477
3.43524
1.16784
2.62195
7.72489
9.03119
7.73631
10.80612
8.46781
7.60412
6.80766
7.37214
7.68815
7.36349
1.47113
3.57356
1.54200
1.30620
2.57424
2.27128
3.14216
2.61142
1.88447
2.96635
2.65925
4.26308
2.36499
1.88921
1.99888
2.27637
3.35224
3.25953
3.77212
2.57623
3.22777
3.51332
8.37944
7.58606
3.48609
7.83587
7.40046
8.93223
6.80013
7.74931
6.63657
7.61913
1.96875
1.39477
2.11517
2.04958
1.46428
1.96700
1.87498
1.77600
2.69433
1.17919
1.58728
2.05193
2.30336
2.39811
2.74281
2.61211
2.75489
6.16395
6.19825
7.19758
9.98655
2.56441
7.92085
7.76248
1.59922
4.84713
8.20108
5.82599
5.92445
1.32771
1.60753
0.04284
1.63400
1.58910
1.17089
1.36782
0.99306
0.91312
0.36154
3.36180
3.78042
2.98744
2.17120
2.18612
3.24989
3.53726
3.04881
3.25479
2.93525
2.09623
1.48028
3.97863
3.00793
2.62473
1.60190
2.48882
2.63749
2.37161
2.24720
4.74048
6.25406
6.22856
6.46435
4.64611
6.94505
4.79288
6.57349
7.24595
5.86087
6.38530
4.11709
6.92196
5.78986
7.71776
7.61670
4.43647
6.38984
5.38098
5.19900
2.98689
5.18786
3.70496
5.69622
5.72341
3.76568
3.77438
5.99312
2.83201
2.06003
2.03222
1.95821
2.56850
2.23653
2.12298
2.62121
2.02701
4.52740
1.56157
2.42503
2.75638
2.05578
3.19215
2.64072
1.94769
2.01534
2.55722
2.11169
0.92709
1.65918
0.95609
2.01275
1.15146
1.02481
0.35196
1.84966
0.57998
0.91376
1.21093
1.59457
0.44923
0.72634
1.76721
1.13322
1.74978
2.26124
1.82490
2.71346
1.79587
2.12308
1.29893
1.40413
3.52239
1.42292
2.26250
2.67118
1.11363
2.23754
1.71701
1.54970
7.43794
6.94212
6.86113
6.71479
6.54223
6.65703
7.24204
6.73622
7.27212
6.00783
7.67405
6.84498
7.01458
6.86682
7.26131
6.11150
7.70939
6.58558
5.62526
5.96654
3.83995
7.15934
5.83938
5.85735
3.87054
8.75478
2.34751
2.70847
7.53733
4.98929
2.40501
2.69690
3.13883
1.80882
1.49150
1.50755
1.46721
2.30483
2.67784
1.71962
3.14401
3.04573
2.62418
2.40008
2.40232
2.73596
2.44484
2.67413
2.15814
3.74970
2.71871
1.71060
3.21715
3.80710
2.80344
2.50190
1.83711
2.74303
3.23599
3.21860
6.91382
7.98595
6.99814
6.80230
7.23571
6.69852
5.51569
6.31951
6.08337
5.21955
5.36206
6.55318
7.33122
4.78614
6.33572
8.60217
5.95571
2.75595
5.48565
5.99870
0.94970
2.35412
2.16423
2.47200
2.49850
2.41463
2.22569
3.25151
2.71639
3.22972
4.91275
2.15409
3.32634
3.40589
6.42182
3.78093
5.54829
2.70448
5.84382
4.51305
1.06453
2.19632
1.63864
2.94158
2.27900
1.87174
2.12932
2.12473
1.42110
1.73426
2.68599
8.78817
4.83717
10.03067
6.14739
7.92444
7.57305
7.48208
6.33864
9.04292
2.40272
3.25730
1.52474
1.14155
1.21301
1.68505
1.12588
4.04459
2.21725
2.94550
1.96550
2.14177
2.54954
1.67704
2.34648
2.32725
2.21332
3.45958
1.73492
1.83041
2.67495
5.74798
2.98383
4.35639
3.84243
6.20453
2.13891
3.31619
3.03403
3.16934
8.02349
6.18912
2.99874
5.17858
7.22594
6.16711
6.73247
7.69711
3.72439
5.53232
2.63433
2.96544
2.13261
3.18000
2.41701
2.56072
2.20601
2.92042
3.04644
2.77012
2.27567
3.56687
2.11165
2.88207
2.85575
3.34309
2.84297
3.14640
2.91590
3.02088
0.38827
8.10418
7.61331
10.57943
8.29281
5.94865
7.69486
7.26320
6.45874
6.20170
7.84683
7.97562
6.84405
6.15387
6.76473
7.69028
7.47190
8.14290
7.26603
4.70847
4.64833
2.59600
3.21293
6.64238
5.55089
3.13383
6.24732
4.03714
7.00749
5.53434
3.67632
3.00127
5.60726
3.84305
6.18803
1.54049
2.39310
4.49151
3.63145
8.43572
7.59461
8.63892
7.27663
8.67448
5.16922
6.36070
5.41146
5.87194
6.44209
2.60660
1.23818
3.28458
2.85828
2.15227
2.62492
4.75609
3.27077
2.71801
1.81692
2.62223
2.47301
3.66857
2.25094
3.01631
2.12053
2.53051
3.16467
4.25158
5.01056
2.79356
4.48338
7.43245
7.26430
7.60070
2.50697
5.69555
2.24818
4.67492
0.74525
0.38160
0.78067
1.44357
1.58618
0.83597
2.00164
1.39909
0.28338
1.08264
7.46557
6.93031
6.68900
6.45418
6.95649
7.41780
6.99116
7.66125
8.40551
7.69493
7.36786
7.01979
7.65859
7.84246
8.41894
8.55321
8.55705
7.88475
8.01223
8.37851
9.66342
4.71790
6.68324
2.10207
9.50488
7.29863
8.23681
6.89676
3.23995
6.85939
3.34505
2.91458
2.27162
2.64569
1.29180
3.15677
3.02841
2.75275
3.43153
1.76534
2.75290
1.63125
3.12074
1.95235
1.27683
1.83141
1.93390
2.39173
2.16697
1.47030
1.09597
1.13151
0.27420
1.54507
0.21824
1.01971
1.11970
1.95584
1.32702
1.10044
1.09277
1.90081
1.34236
2.05322
0.97254
0.97266
1.49017
1.41882
0.99050
1.01586
1.39629
1.90764
0.23292
1.05188
1.15124
1.81102
1.51419
0.63250
1.94712
1.37613
0.97889
1.09098
1.62930
2.01250
2.24017
1.22825
0.83022
2.11386
1.50246
1.87472
6.58896
7.37968
8.11520
7.85401
7.38200
10.03740
8.91807
7.99730
8.37993
7.86116
1.86931
2.00507
1.36912
0.74517
1.72631
0.88498
1.48699
1.52093
2.25013
1.94619
7.75388
7.64015
8.09214
9.14484
9.80040
6.59860
7.19643
6.92724
9.25580
5.90725
4.52607
3.37166
2.77453
8.18370
3.57165
3.39660
5.56359
2.50088
2.65089
2.71824
4.02530
2.52046
3.31061
2.84452
3.32902
2.29537
2.14510
2.73450
2.95384
3.10485
2.59949
3.29165
2.69314
3.86945
3.14569
2.45558
2.44566
3.50780
3.72910
2.76475
1.02930
1.42881
2.04050
1.24119
1.69767
0.94985
2.30813
1.97806
1.40421
1.50959
7.95149
8.79302
6.97730
8.19516
3.19701
5.48122
4.39643
7.66753
8.46275
6.30391
2.22439
2.64335
1.31844
1.92053
2.40505
3.10077
2.86579
3.17783
2.90858
2.01564
1.82843
3.11007
2.22345
2.33002
2.46939
2.04882
1.93330
2.22383
3.01544
1.66981
2.53885
2.71210
2.54335
2.34425
2.13929
1.81689
2.13178
2.09748
2.23007
3.39061
4.48294
3.81253
2.76411
2.99033
4.51650
3.13339
2.75806
2.57225
3.45299
4.46327
0.85170
2.90273
0.79274
1.63483
1.89897
3.02461
2.56089
1.34739
1.63700
1.66742
2.10896
1.16626
0.93715
0.98060
2.67873
2.12868
2.50198
1.82984
1.20406
1.16370
1.95164
2.47915
2.14496
2.83487
3.29354
2.92974
2.43860
1.79980
2.98738
1.32552
0.39616
2.01269
2.13815
2.35149
1.99384
2.14353
1.61451
2.30845
2.84196
2.30690
1.95461
2.15562
1.44612
2.21835
1.05360
0.91429
1.46588
1.34504
1.54253
1.42240
3.73110
3.54922
5.02682
3.59149
3.25807
2.99096
3.99275
4.35316
4.28925
2.11551
1.53253
1.84666
3.14028
2.24911
2.58221
3.17566
2.29541
2.70208
2.75701
0.07478
0.96626
3.07302
2.39050
1.15191
2.07096
1.63564
1.25928
1.85298
2.41587
1.96684
7.74324
4.38120
5.90383
4.50014
5.70020
0.86306
5.08281
8.61883
7.21930
8.47917
1.27836
2.28628
2.12060
3.79775
1.79202
1.19754
2.74077
2.48676
2.80956
1.33124
5.09062
6.17935
5.61378
8.11917
6.74300
6.25059
6.78998
6.49177
7.70869
7.10921
1.56072
2.49342
1.86880
1.73297
1.45914
2.19662
1.53513
2.83849
1.93158
3.72405
2.15179
2.19665
2.46970
3.21476
3.14303
2.21255
2.08387
2.85848
2.23101
3.42156
5.74630
5.80068
6.55603
6.97983
5.98399
5.94813
5.60954
5.82321
4.97901
5.01936
5.21683
3.69724
3.42986
5.20447
3.92218
4.21907
3.11934
2.95778
3.06421
3.69021
2.60082
7.25163
5.80613
1.62663
6.49582
4.99324
0.94763
8.21422
7.42927
6.38893
2.53075
2.03912
1.99819
1.66932
0.85061
1.85266
1.23093
1.79341
1.50468
0.81568
7.02456
8.05061
4.71815
5.17194
6.70860
9.09955
5.47303
4.39186
6.48599
7.57500
3.29455
3.09997
2.59297
2.00396
3.14768
1.79312
3.59613
3.86645
3.70137
2.90283
2.65238
3.09015
3.59304
2.95056
2.04893
2.13018
2.96982
2.87499
3.12841
1.85174
2.28343
2.10475
1.95163
3.50615
2.41452
1.49886
2.21676
1.96901
2.26912
2.15922
1.54919
1.60967
2.41261
1.68934
3.14648
3.10877
3.72530
2.96732
2.72350
3.04638
1.64929
2.11753
0.73299
2.01832
1.41586
2.67435
2.03205
0.73571
1.81450
2.27686
1.69189
1.48587
2.19283
1.93779
1.54523
0.82154
2.10505
1.40178
7.30464
6.36859
7.31080
8.17219
5.30503
6.58809
6.47424
7.72992
8.71251
9.19612
0.53239
0.90383
0.96959
1.30585
0.91031
0.47904
-0.25548
1.57619
0.00864
0.43279
6.96746
5.97526
8.01892
5.62597
5.76169
5.91208
7.04714
6.48620
6.95337
5.56216
1.65695
3.53738
3.13612
3.77728
4.78181
4.40311
3.32905
3.00202
3.30812
2.55069
1.96289
8.41424
8.29656
8.82062
7.49744
7.03684
7.50888
6.99547
7.91632
9.15290
7.90314
2.27242
1.45888
1.77042
2.10194
1.24998
2.21476
2.55216
1.67530
2.53731
1.77674
1.29213
3.07089
1.00672
1.21170
2.71283
0.84251
1.68304
1.11101
0.10388
1.58865
0.92222
0.28537
2.67674
1.29497
1.29111
1.32141
1.41196
1.74986
0.99644
1.32436
1.13408
1.54783
1.70785
2.96353
1.23944
2.16340
2.60765
2.66769
2.73575
1.82662
1.76373
1.73419
2.00121
1.50356
1.79243
1.64525
1.77120
1.32896
1.43985
1.71338
1.85151
2.11643
2.74557
3.48539
2.35430
3.17852
3.19819
3.45326
2.53742
2.74878
1.96274
3.77571
3.35642
5.34959
8.03536
4.19430
6.33508
8.48700
7.35704
6.37839
7.80994
5.72288
5.25695
5.04178
6.08445
5.13652
4.86291
5.53354
6.94454
5.06617
5.60566
6.47296
1.49024
1.26176
0.10656
1.33643
1.47633
1.22708
0.85471
1.24025
1.84234
1.14522
1.39060
1.19330
0.92745
1.94597
1.54154
1.88251
2.60525
2.15206
2.22771
2.16360
2.19999
3.83417
2.21181
3.51797
4.27055
3.98843
4.05032
3.27628
3.89951
3.26578
7.30553
6.25454
6.22655
6.90424
6.99944
7.86038
9.45499
7.81777
7.84188
8.02955
2.71228
1.28980
2.80828
3.35195
2.73821
3.06573
2.87532
1.27819
3.41977
3.24171
2.38927
2.27437
3.49642
4.41884
3.68796
2.77308
3.59811
3.37807
3.50942
4.55363
3.48971
3.57290
3.12702
2.51357
3.02333
3.11527
2.14824
1.98674
2.83399
3.21926
2.56591
2.14837
3.07741
3.35115
2.23741
2.23777
3.37919
2.00165
3.33386
2.69222
3.92302
3.14726
2.04381
2.31733
2.07929
3.24127
2.01818
3.51682
3.70619
2.91146
2.62622
3.17239
0.37001
3.52274
3.24284
2.03897
1.82468
1.81131
2.52964
2.60939
2.35255
2.29172
0.94932
0.50050
1.66033
0.89071
1.05657
1.47141
0.75787
2.11322
1.47802
0.54707
0.61388
1.65730
0.52550
1.37304
0.74865
1.53906
0.95770
0.76643
7.18356
7.77012
7.17341
7.78524
6.43298
6.78360
6.29291
7.37995
9.26227
6.77058
7.40684
7.99741
7.08578
7.50076
9.14320
7.91141
7.34476
6.19125
7.22334
7.14322
5.58788
7.48784
2.56960
5.81232
3.77915
4.42361
5.86769
5.37062
3.64121
7.17086
1.68549
1.32098
1.60361
0.93867
0.77300
1.05228
1.70766
1.07915
1.34466
0.39728
1.96374
2.38771
1.34824
2.55191
2.28700
2.15693
2.05054
2.08060
2.27059
2.96858
3.19896
2.36039
2.41019
2.69802
2.67025
2.92234
3.10293
2.90787
1.00812
0.37683
1.14329
0.94888
1.25429
1.14206
1.21719
1.33501
1.28103
1.23098
2.26135
2.77136
5.56006
6.65493
6.26281
5.67384
6.04259
6.27205
6.13261
6.21414
7.14978
9.39028
2.28152
1.97337
1.92805
2.04593
2.06816
2.25599
1.87633
1.73353
2.20026
2.36297
1.41638
1.74487
2.83478
2.07622
2.02976
1.10380
2.18771
2.54779
3.50050
2.12750
1.67482
2.18491
2.44570
1.33872
2.14271
2.20263
1.99476
1.12376
2.01028
2.16235
1.06121
1.32735
0.45077
0.63757
0.24647
0.71245
0.97530
0.98547
0.04348
0.69525
2.14181
2.96752
3.76667
4.20286
3.21234
2.29034
2.54224
3.20767
3.22685
3.84882
6.80295
4.58503
5.76313
2.25742
6.10176
7.65632
8.22576
6.63369
9.58465
9.33507
7.52950
6.17975
7.78950
8.89704
8.22214
8.52438
8.18228
8.03924
9.28787
6.37850
2.81011
1.96630
2.04820
2.01342
2.75673
2.84451
1.79382
3.07704
2.22942
2.99895
2.74802
3.12570
1.80539
1.52331
2.84783
2.73852
2.62254
3.44947
2.83889
3.74963
4.53781
8.86924
9.66220
7.80804
6.73436
7.78052
9.34732
8.99475
9.77608
7.23776
1.09302
1.21237
1.21181
1.13106
0.66104
1.07210
1.04449
2.10180
0.90469
1.47252
0.63690
1.45588
0.65986
1.17741
0.98135
1.23872
1.27011
1.66833
1.68504
1.31496
2.17697
2.78607
2.11084
1.38512
1.12588
2.83786
2.43823
1.24444
1.62386
2.46428
1.66299
2.76412
2.89554
1.60139
3.01747
2.11256
0.85985
1.42683
1.84422
2.71581
1.87310
2.47626
2.16730
3.38380
3.76884
4.15984
2.08785
3.50121
5.22513
3.10400
8.76878
6.47780
8.08750
7.67199
8.27514
4.61708
8.38376
3.81067
7.19931
6.17021
3.16880
3.19981
2.42229
2.08414
2.39721
3.00599
1.77347
2.33994
2.29248
3.40308
2.60529
2.65220
2.90875
2.53157
3.48901
4.03629
1.39962
3.07581
2.62207
3.36378
-1.48637
-2.70731
-3.68690
-2.76400
-3.68500
-4.70200
-2.50488
-1.83144
-4.74600
-3.64800
-2.96084
-0.77916
-2.05699
-2.90452
-1.96900
-0.46609
-1.10502
-2.19769
-3.05365
-3.01300
-3.96448
-3.28610
-4.67352
-1.43235
-2.78521
-2.10172
-4.02600
-3.70702
-3.77400
-3.96900
-2.38900
-3.67200
-2.78874
-5.02600
-0.73400
-5.17300
-3.98835
-2.08900
-3.42000
-4.99700
-3.74700
-1.39500
-0.96600
-3.30979
-4.77200
-3.62400
-1.90700
-3.29800
-3.41900
-3.99900
-4.70700
-4.11700
-3.41500
-1.33400
-1.55000
-4.67400
-1.45680
-2.76500
-1.44500
-2.64200
-1.66990
-1.61800
-0.76000
-1.47700
-3.29300
-4.69700
-5.10400
-4.54200
-3.27800
-2.11515
-3.90100
-5.53100
-1.10949
-2.33522
-3.02610
-2.97706
-2.27005
-1.06956
-1.46400
-0.83147
-3.04608
-3.15949
-1.34678
-1.70840
-0.03900
-0.60900
-1.88700
-0.51100
-0.15108
-2.25291
-2.47983
-1.84484
-1.06408
-1.81152
-3.50100
-0.72670
-0.12943
-3.64300
-1.18800
-4.70500
-1.73800
-3.10815
-4.39700
-3.18500
-3.89500
-2.67200
-4.10500
-2.70863
-4.38752
-2.05600
-3.61716
-2.61000
-3.11231
-2.74005
-4.47100
-4.55700
-3.19500
-1.72400
-2.78054
-0.59284
-2.36500
-0.84301
-0.06827
-2.06900
-2.49300
-2.71441
-3.41374
-3.91500
-2.91300
-3.75000
-2.89400
-3.66993
-3.64989
-4.98997
-2.06900
-3.77800
-4.45400
-3.82500
-1.03000
-2.48100
-3.29748
-1.97300
-3.00000
-4.20400
-1.48100
-2.40142
-1.46367
-3.18665
-3.19459
-0.64387
-1.84400
-1.89100
-3.05000
-3.51000
-3.77984
-4.26600
-1.89697
-3.82000
-3.61600
-1.54200
-2.14640
-4.67500
-4.68200
-3.40970
-3.79469
-3.10034
-3.37564
-3.39300
-2.22070
-0.84100
-3.55494
-2.80238
-2.34657
-3.09685
-2.48400
-3.34100
-3.12384
-3.42149
-0.66600
-3.30633
-2.43100
-3.83800
-3.70200
-2.51872
-4.36968
-3.31729
-2.43100
-3.23000
0.12472
-3.03200
-1.26402
-2.66829
-3.03700
-1.18574
-3.22800
-3.09600
-2.95100
-0.07279
-6.59400
-6.12800
-8.02700
-3.72000
-5.08700
-5.89700
-5.06900
-3.62900
-1.73200
-1.58400
-2.45900
-4.28470
-4.09900
-4.30600
-2.71000
-3.98800
-2.14000
-4.59400
-2.15000
-4.30516
-0.37347
-3.29800
-2.26645
-4.66400
-3.50600
-1.97583
-3.48800
-3.41000
-2.41118
-1.63694
-1.04817
-3.31531
-3.14125
-3.95406
-3.20300
0.03171
-3.04789
-3.03767
-1.50029
-0.34194
-1.78671
-2.75599
-1.81017
-3.96200
-2.48928
-1.07315
-2.94600
-0.87753
-3.48700
-0.85731
-1.92571
-1.85440
-1.33342
-2.13024
-2.07398
-1.56749
-1.46200
-0.51124
-1.49635
-1.72668
-1.44903
-2.65456
-3.16479
-2.31693
-1.43573
-0.55200
-0.23900
-2.23251
-2.51584
-0.85000
-2.26256
-3.03300
-1.69521
-1.43350
-0.82400
-1.89327
-1.57600
-1.91763
-2.30586
-1.88403
-6.36400
-4.20070
-5.46500
-4.79034
-5.89183
-6.20900
-4.70100
-6.95400
-2.14700
-5.54200
-2.53900
-1.07000
-2.06283
-3.09000
-2.45500
-4.52700
-2.97700
-2.38200
-3.45800
-4.46900
-2.70690
-4.48000
-4.13000
-3.35783
-1.67200
-3.46521
-3.73400
-2.57261
-2.69968
-4.78700
-0.24836
-3.48800
-0.17011
-3.64726
-4.03300
-1.63738
-2.92300
-3.75200
-3.84900
-3.17500
-0.88575
-2.76400
-1.63600
-4.19200
-4.20592
0.63854
-3.02200
-5.20212
-3.48323
-1.14970
-1.76045
-1.87960
-2.43300
-1.20574
-2.56391
-1.18738
-0.52100
-1.78164
-2.22719
-2.47999
-3.89300
-2.93800
-5.15500
-3.92271
-5.11900
-4.22100
-5.13400
-6.46100
-5.18100
-4.80600
-3.29500
-2.80700
-0.16400
-2.88500
-3.42800
-0.88500
-0.99600
0.05126
-4.05855
-3.62400
-3.23113
-5.93240
-2.31312
-5.24434
-4.89500
-1.24741
-4.56195
-1.90700
-3.74330
-3.06806
-2.92000
-1.39157
-3.01423
-2.07132
-0.74200
-2.73524
-3.63900
-2.82593
-3.49100
-3.47700
-1.36800
-2.09879
-1.71764
-0.33937
-1.18780
-1.50400
-0.54419
-0.84980
-2.00344
-2.27318
-2.74456
-3.30600
-3.36705
-4.47500
-2.85900
-3.49700
-4.07900
-3.43400
-1.91100
-1.56150
-2.83306
-1.17700
-3.73420
-3.21545
-3.88249
-1.90226
-4.04808
-3.60903
0.43542
-2.75085
-1.55153
-1.50550
-2.36669
-2.14727
-2.21372
-1.05868
-2.30834
-2.92229
-2.40368
-0.81900
-2.26464
-1.88840
-1.17594
-3.06600
-1.30956
-4.19700
-3.58400
-3.63000
-2.90300
-2.32200
-3.77800
-0.85500
-3.14367
-2.96800
-4.13600
-3.33500
-2.52562
0.27600
-4.01893
-2.88100
0.88069
-2.69063
-0.42791
-0.44800
-0.50824
-1.69678
0.34506
-2.93889
-2.87324
-0.79100
-3.73000
-3.13802
-3.18589
-4.06570
-4.64600
-4.11400
-4.42700
-5.31359
-4.84233
-1.66462
-2.70402
-6.44500
-5.81200
-2.83000
-5.40000
-5.76080
-2.99800
-8.25400
-5.85000
-4.14200
-4.29200
-1.80900
-4.66800
-5.05500
-4.23459
-2.66940
-4.78300
-3.11000
-6.57400
-3.30255
-2.01898
-1.05064
-3.67540
-2.83400
-0.49286
-4.07100
-0.91027
-4.19932
-3.43400
-2.39700
-1.05100
-0.24000
-3.03900
-3.48274
-3.89900
-1.24010
-3.53826
-3.01100
-2.56501
-1.55200
-5.73900
-3.51000
-4.69400
-4.86500
-3.72442
-4.97900
-4.87900
-4.61500
-6.09800
-1.60732
-2.72800
-4.49700
-1.79301
-5.13400
-1.53500
-3.20312
-3.99594
-3.25300
-0.90598
-1.46430
-1.33900
-3.08726
-1.24600
-2.23495
-2.47516
-2.76600
-0.34100
-4.37793
-1.36268
-2.67859
-3.40000
-0.66505
-0.27125
-2.99400
-2.99178
-3.91600
-2.77785
-3.99800
-3.01351
-2.90100
-3.12338
-2.65654
-1.77790
-2.59171
-2.33138
-1.27299
-1.72863
-0.81444
-4.08700
-5.64100
-5.22500
-5.84200
-6.90648
-6.21178
-5.60000
-1.64100
-1.91100
-3.86483
-5.11700
-4.13700
-5.37000
-1.80200
-5.75800
-6.26100
-3.01466
-8.26200
-5.47818
-5.40500
-2.87900
-0.38577
-4.10000
0.25658
-3.95100
-1.29500
-2.69300
-3.04500
0.02139
-1.81974
-2.55700
-1.40056
0.13027
-0.64411
-2.06954
-0.90310
0.08469
-0.84265
-2.01685
-2.30046
0.89100
-1.47239
-1.78200
-0.05797
-3.44526
-0.94615
-3.86400
-2.50600
-2.94609
-2.76341
-1.09466
-1.17969
-2.72313
-1.53899
-2.60522
-1.97816
-0.78843
-1.54600
-0.68797
-2.75585
-1.91444
-3.24800
-2.94900
-3.85200
-2.74100
-3.38000
-3.91700
-1.97200
-2.54198
-2.61800
-2.96793
-1.60000
-4.19400
-2.52500
-2.53969
-2.87200
-3.38200
-2.46281
-2.06304
-3.27900
-2.68015
-1.62153
-2.59103
-1.19653
-2.28419
0.10900
-3.14681
-1.26400
-3.17400
-1.85489
-6.05700
-5.99600
-5.59900
-7.90500
-3.55187
-1.99000
-4.76900
-6.60800
-6.59500
-6.58200
-2.36400
-3.70942
-1.21390
-3.23951
-3.42000
-3.51500
-3.06300
-0.90700
-4.00200
-2.48368
-3.15200
-4.96500
-2.35100
-3.60800
-0.88999
-2.00000
-2.87887
-4.30500
-4.70100
-2.68100
-2.84924
-0.36648
-2.50008
-2.86882
-2.76200
-2.43600
-3.43900
-2.92300
-2.96523
-3.86684
-2.15522
-2.09800
-1.54030
-0.62138
-3.23697
-0.97684
-2.46834
-1.11195
-1.46793
-2.38100
-2.93500
-3.53100
-2.78500
-4.09400
-2.89500
-3.37200
-2.09500
-2.66800
-4.11200
-4.85000
-2.88246
-2.27000
-3.61266
-1.53443
-2.00414
-1.41382
-2.50305
-2.46051
-3.46634
-3.07330
-3.35000
-3.62400
-4.05200
-2.52500
-4.09089
-3.04470
-2.40603
-3.09700
-2.38229
-1.60441
-1.10139
-2.41852
-2.50041
-2.85935
-1.26900
0.37200
-0.69472
-0.52862
-2.31189
-1.44029
-0.90200
-0.95400
-1.85345
-1.50234
-0.00700
-1.33778
-1.57650
-1.64735
-1.56463
-2.76037
-1.40252
-0.90879
-1.58000
-1.37265
-1.35630
-2.36200
-1.27493
-1.36583
-1.03900
-1.54585
-1.73674
-1.75784
-2.61325
-0.45433
-3.42200
-2.72468
-0.71276
-2.02278
-2.15279
-3.03500
-2.34629
-0.75942
-2.30459
-1.31100
-1.63070
-0.95900
-2.30549
-0.39624
-3.67321
-1.99433
-3.00049
-2.50025
-1.71549
-2.21537
-0.80530
-2.92825
-2.51106
-2.04081
-3.08078
-2.69558
0.29937
-3.99807
-2.41844
-1.93918
1.11387
-3.26492
-0.22140
-1.71841
-3.13971
-2.86816
-1.81687
-1.35719
-2.83995
-1.04023
-1.55504
-0.25612
0.67873
-1.70942
-2.39399
-3.24648
0.38155
-0.65299
-0.06920
-0.48758
-1.06669
-1.76141
0.02870
-0.75100
-0.95753
-1.15382
-3.34064
-3.53842
-1.71573
-1.81231
-1.87671
-2.27854
-3.67441
-3.79306
-2.84037
-1.75400
-2.03300
-1.34900
-2.25189
-2.57609
-1.54641
-3.05200
-0.79600
-0.99252
-0.47600
-2.40800
-2.35206
0.57500
-1.68531
-1.25700
-1.11187
-2.03049
-0.05100
-1.56971
-2.17961
-2.28042
-2.74400
-2.21520
-2.01719
-1.56894
-3.45900
-1.04431
-3.68600
-3.71400
-3.63800
-4.05700
-3.84478
-0.81104
-4.37200
-1.76990
-0.77084
-2.68201
0.36847
-3.05713
-1.33041
-2.52041
-4.80401
-7.15800
-5.27600
-4.66800
-5.83888
-5.40400
-3.67299
-1.81080
-3.51910
-5.71745
-0.93275
-1.39895
-2.80838
-2.35800
-1.60158
-1.97892
-0.88500
-2.35115
-1.47800
-0.68067
-3.86100
-4.06400
-3.35900
-4.07700
-2.12000
-2.66600
-1.79700
-3.35600
-2.56300
-3.13000
-4.20400
-6.58600
-2.99900
-2.77900
-2.91751
-5.09300
-4.47952
-5.77757
-4.72800
-4.09625
-2.99465
-2.19638
-2.06510
-3.20891
-0.30767
-2.65939
-2.36059
-2.28500
-0.69200
-2.27000
-1.93616
-2.09394
-2.72468
-4.54700
-4.96900
-3.12412
-4.90518
-5.24700
-5.02700
-4.68724
-2.93205
-2.16700
-2.01748
-3.35763
-3.97748
-3.09900
-3.07800
-3.53037
-4.16100
-4.24900
-4.06388
-1.52444
-3.77200
-4.05029
-0.89897
-0.83300
-0.54200
-0.49700
-2.20200
-3.43400
-1.64770
-1.80748
-2.68674
-2.85400
-3.34200
-2.75266
-1.13600
-3.14804
-2.86866
-1.02700
-3.44100
-2.10186
-1.76000
-1.46600
-2.59500
-2.71200
-1.48688
-1.33068
-1.35800
-1.90576
-2.34272
-3.02769
-4.04576
-4.81478
-3.08663
-4.19800
-3.54092
-4.20800
-0.93800
-0.66300
-2.61300
-4.12200
-3.72300
-1.77900
-5.57805
-4.24100
-3.57821
-4.80000
-0.31500
-0.62335
-1.59248
-1.52546
-2.31801
-3.08965
-1.95417
-1.85161
-1.91484
-2.97300
-2.87800
-3.33884
-1.89444
-2.89713
-1.89360
-1.68900
-2.62900
-2.66500
-2.71854
-0.87700
-0.71300
-4.29800
-0.79100
-3.27600
-5.10100
-4.02300
-3.66000
-4.59300
-4.80700
-2.32650
-2.32802
-2.67752
-2.74292
-1.17847
-2.42856
-3.10700
-4.01378
-2.98517
-2.60253
-2.86579
-4.21624
-6.49300
-0.88700
-4.47300
-5.27800
-4.58500
-4.90900
-5.04900
-4.17800
-6.60600
-3.24408
-1.46400
-2.69628
-4.02483
-2.38263
-4.39308
-4.05600
-2.92307
-3.26000
-3.18016
-2.36200
-5.93800
-4.67900
-1.92700
-4.74700
-4.10152
-6.31242
-4.34972
-2.33400
-4.13373
-4.41200
-2.72305
-1.75191
-2.35800
-2.29487
-0.49076
-3.22344
-2.83526
-2.53093
-3.32000
-2.48542
-1.35643
-2.33196
-3.34200
-3.21179
-1.49942
-4.05595
-1.30289
-4.29300
-3.32000
-2.78276
-2.74344
-1.95187
-3.09620
-2.38959
-3.41940
-2.91197
-2.06040
-2.29188
-1.75171
-3.04384
-3.33000
-3.55607
-2.69352
-2.04309
-2.46000
-3.61100
-1.96000
-0.89500
-0.67400
-1.51245
-2.51800
-2.98907
-2.07348
-0.68896
-0.88183
-3.18714
-2.85681
-3.94268
-1.91698
-3.24500
-2.63901
-3.30471
-3.91700
-3.58300
-3.36500
-3.55800
-2.49700
-2.72100
-2.99700
-4.07300
-2.97100
-3.34700
-3.65200
-4.13300
-4.12300
-2.97076
-2.57800
-4.39400
-4.35100
-4.91800
-2.37500
-3.33400
-3.16834
-3.08303
-4.32573
-4.82665
-5.92000
-4.61200
-1.55333
-4.01100
-2.69000
-4.18900
-3.87900
-2.19595
-3.64802
-3.01700
-0.82149
-3.15200
-3.63250
-2.62700
-1.72835
-3.24500
-3.51600
-3.87700
-2.62886
-1.05900
-3.70569
-3.05800
-0.69900
-3.33000
-3.92700
-0.55855
-3.44200
-3.77000
-2.54500
-1.55400
-2.08800
-2.97400
-3.42300
-0.82800
-2.25890
-1.95519
-4.94840
-4.42200
-5.27300
-2.64361
-1.97800
-4.26300
-2.14800
-5.14400
-2.38200
-6.13500
-1.68346
-2.36994
-2.52248
-3.24500
-2.10000
-2.69045
-2.75200
-1.63900
-2.34700
-0.11357
-1.18600
-1.29600
-3.57100
-1.00469
-2.30900
-2.88300
-2.51121
-2.00600
-0.97300
-2.44033
-2.82900
-2.57100
-2.24588
-3.50381
-0.95700
-3.10700
-2.77723
-3.80479
-3.28964
-3.05603
-4.04542
-2.89053
-2.67115
-4.66900
-3.76800
-3.14788
-1.14545
-4.96500
-4.38790
-3.55200
0.31000
-3.61464
-4.33408
-3.76600
-3.65300
-1.76715
-5.28700
-3.47300
-3.62873
-2.18900
-3.45519
-5.60764
-5.19700
-5.34940
-2.83254
-3.25400
-3.21266
-5.30769
-1.62200
-4.34400
-2.48763
-3.74571
-2.94715
-1.56874
-1.22474
-2.64400
-2.43900
-2.81400
-3.44900
-1.17800
-1.03244
-2.42736
-2.76852
-0.40822
-2.91563
-2.67820
-2.17344
-2.12168
-2.07009
-2.58490
-4.11616
-4.71400
-2.83296
-4.09282
-4.43800
-5.05500
-3.70743
-3.84700
-1.84679
-5.31600
-4.92500
-5.21000
-5.56400
-6.19500
-2.78866
-4.54512
-5.32900
-5.32982
-5.59800
-5.66500
-3.90500
-3.83500
-3.34912
-4.29635
-3.57600
-4.34400
-3.97688
-1.94300
-3.39977
-3.35800
-2.72402
-3.66301
-2.55619
-0.43666
-2.07276
-2.13967
-2.16673
-2.27945
-2.06400
-3.56395
-1.05800
-1.56800
-1.10600
-2.68402
-1.00208
-0.26714
-1.41640
-0.64839
-3.25121
-3.34700
-2.45438
-1.54091
-2.21237
-2.14756
-0.88763
-1.59600
-2.10709
-1.46974
-1.94337
-1.38715
-2.54299
-2.31259
-1.84528
-1.70039
-2.78016
-0.65343
-2.42131
-1.67567
-3.01224
-2.06344
-3.42784
-5.43100
-5.10200
-5.00500
-6.28300
-6.36600
-5.02336
-3.42805
-5.81400
-2.54315
-1.84886
-3.28062
-2.96000
-3.88944
-3.52305
-3.73547
-0.60000
-1.38638
-1.49160
-3.06459
-2.31192
-1.01419
-0.30500
-4.02800
-4.21892
-1.71300
-2.82400
-0.32940
-4.14376
-0.55654
-2.38800
-4.85700
-3.13000
-1.79600
-2.68653
-3.35570
-3.53000
-3.65200
-4.26200
-3.20514
-1.52766
-3.04507
-2.84953
-2.64947
-2.76110
-2.67102
-2.10400
-3.23417
-2.86792
-3.94900
-3.42599
-2.81158
-3.68802
-3.72597
-3.79499
-2.74600
-3.72954
-4.08958
-2.61885
-2.02179
-2.50119
-4.49618
-3.47030
-1.37800
-1.83200
-4.13500
-3.45100
-4.05300
-0.71846
-0.81970
-4.14900
-5.46251
-5.04716
-6.49200
-6.17200
-4.59900
-6.04000
-6.33200
-4.06100
-4.28100
-3.57550
-1.62832
-1.42800
-2.69300
0.98717
-2.33407
-2.64458
-4.10457
-2.95554
-1.18184
-1.02897
-3.33100
-3.58300
-3.53799
-3.08000
0.69759
-4.40127
-3.38900
-3.81333
-2.67265
-3.07600
-3.96600
-3.51000
-3.58351
-4.55420
-3.73100
-1.33269
-4.86900
-5.34900
-3.43672
-3.46139
-2.88760
-3.29085
-3.66231
-3.50731
-1.05425
-3.29760
-2.99715
-3.36800
-2.84377
-1.84320
-0.68412
-2.36851
-2.24685
-2.25763
-2.23284
-1.81797
-1.87781
-0.13963
-1.70476
-0.29635
-0.75454
0.09319
-2.06600
-2.57300
-2.59800
-3.07284
-2.34746
-1.01121
-0.85402
-3.80100
-2.50640
-1.74205
-2.86797
-0.68800
-2.03200
-4.23200
-3.04425
-4.04440
-5.27258
-3.08900
-4.01100
-2.64691
-3.03868
-2.53984
-3.26149
-0.42672
-0.06108
-4.25156
-1.84800
-3.86900
-4.43300
-5.40000
0.80400
-2.47900
-4.27800
-1.13400
-5.42200
-3.81900
-1.95984
0.44500
-4.13000
-3.55511
-4.14561
-1.06254
-4.16500
-5.52000
-3.70200
-3.47300
-4.36297
-3.51001
-0.92059
-3.80400
-3.99600
-4.16743
0.70481
-4.16276
-0.85200
-2.64700
-0.36850
