0.94323
0.91082
0.92600
0.90085
0.89965
0.95166
0.55887
0.95719
0.87807
0.94220
0.95742
0.97541
0.96568
0.96650
0.87083
0.96529
0.95442
0.81978
0.94684
0.95857
0.95630
0.96156
0.98898
0.95298
0.98504
0.95467
0.99505
0.99221
0.99714
0.94361
0.98491
0.99750
0.97673
0.99510
0.99679
0.99248
0.99107
0.97714
0.98998
0.99590
0.99405
0.99227
0.99877
0.99386
0.99765
0.99793
0.99843
0.99827
0.99687
0.99873
0.99498
0.99706
0.99374
0.98694
0.98739
0.99704
0.99370
0.99804
0.99032
0.99546
0.99112
0.99334
0.97931
0.99783
0.98656
0.98383
0.99763
0.99740
0.99175
0.98778
0.99411
0.99793
0.94746
0.96964
0.96303
0.97137
0.92745
0.94113
0.87800
0.96538
0.95902
0.93193
0.98668
0.98181
0.98997
0.97919
0.98804
0.98284
0.96085
0.99085
0.99191
0.96764
0.99354
0.97949
0.97927
0.96844
0.95109
0.99390
0.99051
0.99658
0.99169
0.99716
0.99834
0.99765
0.98223
0.99857
0.99796
0.96171
0.78393
0.67015
0.83046
0.79570
0.91331
0.47575
0.89497
0.86159
0.90958
0.99044
0.99369
0.94956
0.95215
0.81154
0.93622
0.81125
0.90004
0.92009
0.95232
0.93832
0.92351
0.99554
0.99535
0.99453
0.98636
0.99712
0.99100
0.99379
0.99406
0.99361
0.97512
0.98637
0.98130
0.98375
0.98385
0.98877
0.98783
0.78853
0.98512
0.98270
0.99033
0.90506
0.83432
0.96065
0.95973
0.94335
0.93514
0.92277
0.99345
0.99376
0.99531
0.97904
0.96079
0.99344
0.99746
0.93650
0.97667
0.99497
0.99730
0.98827
0.88896
0.63214
0.75750
0.77666
0.89133
0.93166
0.96296
0.55179
0.91984
0.86667
0.97676
0.99112
0.99271
0.98583
0.98885
0.99126
0.99265
0.98921
0.98869
0.98894
0.96873
0.95515
0.96584
0.93712
0.90330
0.82769
0.95330
0.95847
0.94713
0.96157
0.91321
0.96710
0.98477
0.99009
0.98412
0.98149
0.98617
0.98696
0.98399
0.96631
0.95958
0.96219
0.99567
0.98219
0.99391
0.98530
0.99509
0.97839
0.98276
0.97679
0.96726
0.99824
0.99272
0.99856
0.99843
0.99057
0.99686
0.99782
0.99337
0.97966
0.94272
0.93039
0.93302
0.85749
0.81464
0.88071
0.88123
0.96613
0.76554
0.89809
0.95635
0.88628
0.96014
0.96843
0.95910
0.96735
0.96972
0.97040
0.56396
0.96890
0.47941
0.85206
0.57325
0.57134
0.47748
0.78367
0.70197
0.25591
0.66163
0.79673
0.97413
0.97480
0.97296
0.97306
0.98024
0.98337
0.97093
0.98050
0.98019
0.96500
0.98880
0.98855
0.97642
0.98550
0.98626
0.99302
0.97742
0.99063
0.98793
0.98531
0.96227
0.97256
0.97843
0.97777
0.97466
0.97860
0.97347
0.98314
0.98124
0.96624
0.99621
0.97241
0.98150
0.99186
0.97886
0.99587
0.98771
0.96946
0.99695
0.98902
0.94436
0.99066
0.99320
0.99606
0.99523
0.99229
0.97035
0.94501
0.99111
0.99640
0.97794
0.94202
0.98917
0.97178
0.96088
0.96810
0.97056
0.96994
0.98425
0.97841
0.95789
0.89872
0.96329
0.91643
0.92739
0.70631
0.96205
0.91468
0.85031
0.95948
0.98966
0.98884
0.99095
0.98697
0.98746
0.98510
0.97976
0.97894
0.98666
0.98651
0.97106
0.95181
0.97521
0.96446
0.97384
0.95981
0.98394
0.98138
0.97138
0.95766
0.99408
0.98726
0.98369
0.99404
0.98300
0.99791
0.98705
0.97771
0.99042
0.99707
0.91849
0.87397
0.30920
0.91443
0.93897
0.92020
0.94881
0.88581
0.88001
0.91452
0.99675
0.98518
0.99510
0.98881
0.99859
0.99435
0.99889
0.99105
0.99742
0.99587
0.93774
0.89271
0.80492
0.92540
0.91032
0.93208
0.55672
0.82497
0.83914
0.80916
0.98981
0.99808
0.99159
0.99878
0.98959
0.99670
0.98357
0.99791
0.99164
0.99838
0.95635
0.94903
0.90221
0.86558
0.41977
0.43071
0.83705
0.92415
0.51008
0.91458
0.95737
0.93271
0.82706
0.97471
0.92398
0.94453
0.97346
0.95250
0.95527
0.82061
0.96896
0.99340
0.97961
0.99654
0.99120
0.99809
0.98187
0.99164
0.98677
0.99142
0.99711
0.98545
0.98147
0.97982
0.99262
0.99084
0.99873
0.99824
0.97653
0.97575
0.96813
0.98923
0.95806
0.99241
0.97608
0.95586
0.96878
0.99334
0.99003
0.98780
0.84219
0.95837
0.95544
0.87936
0.95305
0.91491
0.92105
0.95644
0.94550
0.82867
0.75199
0.98232
0.98267
0.98494
0.97825
0.98114
0.98451
0.97610
0.97843
0.94989
0.98855
0.98933
0.97988
0.98964
0.97985
0.94605
0.98849
0.97902
0.98685
0.96384
0.70451
0.69044
0.86851
0.62196
0.59004
0.66603
0.70277
0.46668
0.78325
0.81026
0.57455
0.43615
0.92946
0.77067
0.88447
0.55601
0.79041
0.68099
0.75703
0.96823
0.98633
0.98439
0.99087
0.99260
0.95647
0.98255
0.98068
0.97156
0.97610
0.79669
0.72628
0.97246
0.97655
0.90314
0.96461
0.94822
0.96789
0.92475
0.95874
0.94091
0.96379
0.94338
0.67152
0.95239
0.87986
0.94437
0.92882
0.96692
0.58924
0.60138
0.82550
0.81319
0.78631
0.89907
0.61676
0.81534
0.59673
0.74267
0.88540
0.81173
0.89654
0.89818
0.70854
0.81894
0.60324
0.74707
0.47001
0.46983
0.96208
0.96824
0.98726
0.98734
0.98779
0.98637
0.98631
0.99206
0.94512
0.98543
0.98857
0.99187
0.98228
0.95363
0.99377
0.98962
0.95518
0.98484
0.98646
0.98547
0.99824
0.96962
0.96905
0.97710
0.99599
0.97523
0.99805
0.99699
0.98819
0.99504
0.99325
0.98805
0.92149
0.90710
0.87164
0.94941
0.92436
0.92564
0.95421
0.97880
0.98156
0.94410
0.96605
0.93383
0.97966
0.96450
0.87338
0.94891
0.97062
0.96141
0.95033
0.92394
0.91081
0.44395
0.90852
0.76250
0.88261
0.84438
0.89948
0.82923
0.88425
0.94180
0.93862
0.98016
0.89871
0.97011
0.93760
0.94329
0.67473
0.94852
0.92207
0.59106
0.76640
0.95562
0.86263
0.94164
0.89070
0.49125
0.91095
0.81874
0.24848
0.78108
0.74860
0.87276
0.80821
0.41649
0.92183
0.88227
0.94493
0.92431
0.98583
0.98457
0.99141
0.98692
0.99140
0.98815
0.99156
0.98522
0.98751
0.98019
0.46077
0.98733
0.97349
0.98986
0.98207
0.98972
0.99175
0.98753
0.98257
0.98782
0.99776
0.99510
0.99675
0.99723
0.99728
0.99599
0.98035
0.96412
0.99913
0.99436
0.99669
0.97194
0.98750
0.99854
0.99045
0.99404
0.99876
0.99281
0.99339
0.99333
0.98912
0.98092
0.98048
0.97666
0.98863
0.91189
0.97954
0.98845
0.99099
0.97898
0.98571
0.99319
0.99340
0.99378
0.99410
0.98681
0.99016
0.97916
0.98657
0.99141
0.71642
0.61998
0.88336
0.69248
0.77059
0.37835
0.89589
0.86048
0.58235
0.62260
0.93823
0.99208
0.98686
0.97805
0.97402
0.98338
0.84931
0.99372
0.99257
0.99463
0.99214
0.98348
0.98944
0.98417
0.98533
0.99045
0.97890
0.98622
0.98771
0.97547
0.95227
0.98275
0.98257
0.98619
0.98367
0.97798
0.98831
0.99098
0.98635
0.98983
0.98780
0.94463
0.95646
0.95503
0.96649
0.94521
0.95262
0.94709
0.98055
0.95782
0.99317
0.96457
0.93312
0.97485
0.99450
0.99067
0.92660
0.98334
0.98951
0.99550
0.98130
0.97870
0.97953
0.98615
0.98821
0.98435
0.98647
0.97827
0.97916
0.99191
0.97741
0.98697
0.97534
0.95876
0.97082
0.98316
0.97242
0.95542
0.98161
0.96987
0.92968
0.92656
0.96821
0.98082
0.96999
0.96050
0.98755
0.96922
0.95097
0.96736
0.24702
0.96491
0.97616
0.88567
0.94129
0.94947
0.91199
0.93964
0.96696
0.97503
0.82328
0.76179
0.76722
0.77037
0.41031
0.73086
0.69961
0.77079
0.67628
0.55300
0.99364
0.98643
0.97195
0.98965
0.99274
0.98624
0.99098
0.99111
0.98897
0.99333
0.98009
0.99047
0.98878
0.99343
0.98920
0.98037
0.98750
0.98331
0.98777
0.97809
0.97443
0.97767
0.97755
0.97393
0.98389
0.98268
0.98798
0.97732
0.98914
0.97405
0.98029
0.98472
0.93789
0.97243
0.98923
0.96679
0.98359
0.99058
0.92193
0.98244
0.97781
0.98519
0.98417
0.98232
0.79946
0.93275
0.93356
0.95415
0.97759
0.98343
0.96324
0.95939
0.97828
0.98572
0.97457
0.98233
0.98679
0.97467
0.97280
0.98001
0.96962
0.97899
0.98344
0.97346
0.99205
0.97363
0.98319
0.98413
0.98224
0.98009
0.99317
0.99229
0.98689
0.99050
0.93463
0.95864
0.97911
0.99321
0.98263
0.99162
0.96357
0.97879
0.97652
0.95873
0.91975
0.95255
0.87688
0.92167
0.96048
0.95511
0.99568
0.99054
0.97576
0.99692
0.98692
0.99005
0.99244
0.97736
0.95200
0.98647
0.80312
0.99379
0.96294
0.96744
0.99311
0.91765
0.93018
0.95758
0.99448
0.99120
0.97260
0.83467
0.93976
0.92638
0.88530
0.96692
0.91657
0.89638
0.94643
0.93231
0.99727
0.99841
0.98608
0.98028
0.97533
0.99309
0.97054
0.98456
0.99652
0.99383
0.96726
0.99172
0.99149
0.99020
0.98759
0.98507
0.99167
0.98959
0.98905
0.99287
0.99361
0.98914
0.99393
0.93046
0.98383
0.99370
0.98652
0.99220
0.99416
0.99165
0.93406
0.93886
0.89364
0.88618
0.94459
0.87180
0.93147
0.95359
0.92283
0.94556
0.88871
0.88931
0.95391
0.51275
0.89577
0.88936
0.96508
0.96640
0.95927
0.95681
0.87559
0.97573
0.93211
0.87529
0.78097
0.95344
0.88639
0.93250
0.96326
0.97369
0.86920
0.98030
0.93923
0.67845
0.95701
0.95449
0.97691
0.60260
0.98098
0.99781
0.99579
0.97825
0.99801
0.99435
0.98821
0.99002
0.99073
0.98668
0.93722
0.96309
0.98032
0.53159
0.72792
0.77755
0.84617
0.93917
0.57362
0.78860
0.98162
0.97191
0.95087
0.98885
0.98705
0.98122
0.97623
0.96996
0.99096
0.98111
0.97801
0.99255
0.99093
0.99340
0.98957
0.99296
0.98979
0.99363
0.99219
0.90284
0.97361
0.97688
0.98632
0.84262
0.97864
0.99441
0.98260
0.98873
0.98346
0.99076
0.99010
0.97119
0.92686
0.96029
0.95327
0.71248
0.97804
0.93969
0.95967
0.98029
0.97283
0.95735
0.97513
0.96373
0.96637
0.97736
0.94716
0.70740
0.94817
0.97207
0.95656
0.94049
0.90974
0.93920
0.88727
0.81937
0.75632
0.71563
0.89885
0.60249
0.89498
0.46355
0.92264
0.98715
0.98326
0.99039
0.97267
0.98136
0.98542
0.98848
0.97814
0.98441
0.98774
0.93785
0.39316
0.47968
0.87547
0.90276
0.74552
0.80850
0.87718
0.92680
0.88098
0.98955
0.98442
0.98575
0.98824
0.94122
0.96612
0.94982
0.99174
0.97762
0.98532
0.97997
0.98996
0.99775
0.99332
0.99174
0.99429
0.99843
0.99755
0.97212
0.99002
0.93068
0.96948
0.95718
0.91325
0.88661
0.92070
0.68347
0.83694
0.89416
0.90139
0.93922
0.97584
0.94000
0.96007
0.74722
0.95978
0.94306
0.89859
0.94908
0.95743
0.96766
0.96189
0.96691
0.97371
0.95931
0.96441
0.12709
0.96856
0.95673
0.96365
0.99429
0.99391
0.98991
0.99349
0.99203
0.99217
0.99487
0.98482
0.99437
0.99472
0.96323
0.96428
0.97432
0.97284
0.96709
0.98492
0.98923
0.98183
0.99087
0.98586
0.99255
0.96829
0.98812
0.98412
0.98612
0.99134
0.99037
0.98433
0.99309
0.98709
0.97412
0.93669
0.99081
0.89284
0.96247
0.97924
0.98760
0.95020
0.98484
0.97569
0.99337
0.99376
0.99350
0.98939
0.98490
0.99439
0.99458
0.99415
0.99308
0.99495
0.92872
0.68004
0.90681
0.93415
0.90053
0.96109
0.91503
0.85236
0.90445
0.90957
0.97177
0.87457
0.91221
0.90889
0.91889
0.97008
0.94939
0.95125
0.96355
0.94969
0.95947
0.92783
0.77892
0.89898
0.87128
0.94404
0.87862
0.93295
0.94029
0.91996
0.97659
0.95766
0.98056
0.97733
0.92920
0.95487
0.97538
0.93708
0.96669
0.93557
0.80425
0.76903
0.70483
0.52005
0.89835
0.79024
0.80496
0.77105
0.44310
0.82848
0.97160
0.96694
0.97591
0.97487
0.97779
0.95628
0.95725
0.98249
0.90557
0.97595
0.94510
0.98163
0.95981
0.96689
0.94849
0.98545
0.98268
0.96253
0.97824
0.97745
0.99617
0.98322
0.96396
0.98641
0.97941
0.97084
0.96662
0.89769
0.80236
0.98315
0.97967
0.96276
0.98554
0.80302
0.95281
0.95045
0.92844
0.96311
0.93815
0.90562
0.96287
0.98883
0.55493
0.96600
0.97449
0.98101
0.93564
0.98503
0.99003
0.98387
0.98797
0.98957
0.99188
0.99096
0.98749
0.98897
0.98840
0.98044
0.66862
0.11438
0.88150
0.77032
0.66166
0.76153
0.61779
0.76664
0.81609
0.73268
0.98041
0.98323
0.98561
0.97710
0.98564
0.98103
0.98075
0.99300
0.99437
0.98915
0.98476
0.89874
0.93688
0.96101
0.92637
0.94972
0.95901
0.94881
0.94043
0.96410
0.91689
0.97386
0.97760
0.95145
0.97079
0.95557
0.96443
0.94938
0.97250
0.94952
0.98156
0.75761
0.97739
0.97922
0.98421
0.92022
0.93697
0.97230
0.96800
0.95892
0.96921
0.96570
0.95004
0.95103
0.94293
0.62678
0.83036
0.80972
0.94593
0.88351
0.74692
0.89814
0.98903
0.96122
0.98941
0.99391
0.98965
0.98959
0.97518
0.99209
0.97172
0.78362
0.98609
0.94395
0.82511
0.97663
0.94207
0.97288
0.98790
0.99520
0.99579
0.99231
0.96780
0.98423
0.98349
0.99251
0.99236
0.99505
0.98749
0.99073
0.95735
0.99129
0.97093
0.85193
0.92623
0.95840
0.73380
0.95212
0.93228
0.96514
0.92577
0.95827
0.97766
0.96244
0.94927
0.86395
0.96039
0.76136
0.95541
0.91629
0.95675
0.93135
0.98709
0.98503
0.99380
0.99833
0.98510
0.97674
0.97130
0.99811
0.98752
0.98242
0.96664
0.95680
0.97233
0.97657
0.95720
0.68611
0.96427
0.96824
0.97032
0.94514
0.86623
0.45001
0.62067
0.70718
0.81782
0.91445
0.70743
0.92859
0.91542
0.74875
0.81978
0.94854
0.55117
0.94380
0.98080
0.95617
0.97747
0.97957
0.93453
0.91010
0.88506
0.90152
0.87086
0.82454
0.93218
0.95893
0.77228
0.72048
0.86234
0.85297
0.90707
0.91787
0.71612
0.90596
0.89832
0.95491
0.82516
0.95574
0.96257
0.96500
0.95822
0.98084
0.99696
0.99388
0.84456
0.97812
0.97837
0.97307
0.97405
0.99604
0.82725
0.96269
0.92535
0.93988
0.92198
0.93675
0.96001
0.95432
0.96756
0.94367
0.94031
0.97098
0.96325
0.94975
0.97228
0.95265
0.37828
0.97517
0.95974
0.94112
0.90393
0.10240
0.70304
0.82497
0.46733
0.16696
0.33833
0.94435
0.54957
0.66522
0.58360
0.96719
0.26841
0.93302
0.64849
0.98437
0.96691
0.11014
0.93014
0.20185
0.48911
0.40690
0.57263
0.95383
0.97768
0.91818
0.89459
0.36230
0.82686
0.42781
0.93467
0.95226
0.93643
0.95482
0.98432
0.78418
0.80647
0.10446
0.33498
0.96036
0.84996
0.96331
0.97445
0.95844
0.91882
0.77439
0.97599
0.94556
0.48183
0.78800
0.78238
0.92263
0.03445
0.10067
0.45636
0.70747
0.65875
0.71645
0.76005
0.83597
0.79484
0.26051
0.98714
0.96588
0.51589
0.68954
0.94502
0.66087
0.93633
0.87158
0.85050
0.83644
0.95896
0.94773
0.97268
0.82173
0.92804
0.98303
0.63461
0.97022
0.31742
0.91218
0.19041
0.16003
0.92808
0.89315
0.42514
0.91268
0.28605
0.32772
0.94794
0.12621
0.94492
0.93587
0.78941
0.52566
0.45617
0.84515
0.98227
0.91511
0.94388
0.85790
0.92173
0.87595
0.81454
0.65431
0.94227
0.96653
0.24277
0.09868
0.75641
0.64670
0.20690
0.79250
0.67768
0.52587
0.37653
0.94158
0.22642
0.71489
0.81461
0.60171
0.95074
0.59854
0.38640
0.33229
0.64064
0.44930
0.29949
0.87787
0.89445
0.22537
0.76693
0.92303
0.90247
0.90389
0.90893
0.90236
0.97714
0.33419
0.82501
0.95632
0.14891
0.96866
0.93883
0.90344
0.95633
0.42191
0.69322
0.98152
0.53747
0.76287
0.87283
0.30201
0.58925
0.30247
0.95640
0.95171
0.95473
0.89229
0.84359
0.88798
0.89534
0.51396
0.23217
0.92535
0.89536
0.33436
0.66071
0.76448
0.88794
0.55114
0.16453
0.38363
0.80569
0.31269
0.67533
0.56340
0.43767
0.27782
0.59785
0.28698
0.71983
0.92676
0.42469
0.33028
0.93563
0.26888
0.98956
0.91717
0.94327
0.49033
0.70063
0.17486
0.59266
0.74426
0.49269
0.97654
0.23560
0.10403
0.30671
0.89696
0.63206
0.78205
0.57116
0.92737
0.91296
0.97491
0.29553
0.28387
0.86931
0.74030
0.98028
0.80781
0.97141
0.65427
0.98170
0.74866
0.09036
0.92879
0.82528
0.75945
0.17228
0.22513
0.47947
0.71528
0.16043
0.10390
0.75599
0.50953
0.67610
0.71118
0.83508
0.97979
0.50787
0.64148
0.22531
0.98472
0.50478
0.87329
0.66732
0.42983
0.30508
0.96945
0.97533
0.97883
0.34140
0.98866
0.45854
0.51697
0.92132
0.23615
0.38124
0.88288
0.58856
0.41557
0.06579
0.31013
0.30438
0.86196
0.56145
0.67485
0.35013
0.90605
0.65765
0.14422
0.26494
0.83129
0.30900
0.26273
0.12781
0.94247
0.92517
0.42882
0.93365
0.35365
0.44773
0.77465
0.29050
0.84057
0.44024
0.73060
0.84224
0.08784
0.66992
0.10773
0.56683
0.34714
0.94355
0.91500
0.98146
0.90116
0.90154
0.88439
0.88124
0.97234
0.84267
0.88925
0.88706
0.72239
0.79364
0.87904
0.96668
0.83130
0.13677
0.13017
0.89981
0.48310
0.98696
0.27185
0.97657
0.34519
0.35896
0.86392
0.49973
0.96772
0.12369
0.07862
0.93775
0.65277
0.65844
0.30497
0.72357
0.91424
0.27066
0.45159
0.22504
0.90615
0.44529
0.12629
0.28025
0.93637
0.43329
0.29407
0.86569
0.44125
0.17986
0.27066
0.92210
0.88674
0.12352
0.91988
0.27615
0.58057
0.70764
0.48897
0.91725
0.26363
0.83007
0.44855
0.97775
0.59822
0.82683
0.98072
0.98026
0.94959
0.73691
0.54772
0.39971
0.52600
0.79825
0.15883
0.11110
0.97540
0.80945
0.32732
0.54609
0.32609
0.69310
0.96514
0.48449
0.81767
0.95345
0.17112
0.40290
0.12690
0.64268
0.12953
0.90017
0.65257
0.69379
0.61006
0.53068
0.77886
0.58592
0.50658
0.16477
0.82387
0.63870
0.82088
0.32273
0.93707
0.39484
0.94655
0.79397
0.88862
0.68034
0.97816
0.12243
0.31263
0.12187
0.72522
0.51857
0.94021
0.80867
0.53863
0.88131
0.77881
0.19534
0.87537
0.18450
0.56876
0.79894
0.95285
0.10764
0.56467
0.79738
0.92184
0.28894
0.05485
0.16278
0.59746
0.97290
0.62696
0.12812
0.04014
0.40073
0.07992
0.78658
0.98153
0.54137
0.62624
0.83378
0.89446
0.90355
0.98165
0.72389
0.47347
0.22853
0.52463
0.55082
0.97884
0.15442
0.45269
0.19420
0.73107
0.34405
0.89879
0.39931
0.57626
0.69953
0.61519
0.78995
0.54355
0.67411
0.81566
0.57742
0.18657
0.34559
0.46225
0.56322
0.92959
0.64480
0.66837
0.90988
0.48948
0.22910
0.35335
0.30807
0.98250
0.43422
0.10935
0.93368
0.89295
0.56626
0.92993
0.30803
0.71758
0.69357
0.97073
0.60059
0.81628
0.98229
0.58518
0.97880
0.26454
0.86189
0.73980
0.86538
0.97289
0.86178
0.88990
0.80553
0.95727
0.54819
0.94084
0.83313
0.77751
0.57331
0.83133
0.85158
0.86129
0.89637
0.46759
0.62019
0.38417
0.25700
0.37100
0.09441
0.09364
0.06980
0.42575
0.97658
0.34145
0.56340
0.60207
0.91810
0.97844
0.96483
0.52225
0.27636
0.30404
0.11766
0.26905
0.96997
0.52664
0.97433
0.66430
0.81990
0.98668
0.95241
0.79590
0.23664
0.90029
0.84051
0.74044
0.17029
0.58029
0.91041
0.84998
0.09695
0.77207
0.79163
0.34897
0.34534
0.79832
0.75722
0.37824
0.57826
0.45459
0.37717
0.75276
0.32529
0.96035
0.96214
0.81695
0.81556
0.89859
0.51295
0.96885
0.74250
0.83135
0.96401
0.57273
0.95319
0.58651
0.92182
0.96603
0.88591
0.99140
0.88482
0.98768
0.99277
0.91670
0.99357
0.98149
0.89634
0.55528
0.95424
0.98495
0.43445
0.95622
0.98247
0.72170
0.41973
0.28294
0.99053
0.09762
0.44475
0.97466
0.55051
0.98502
0.31989
0.79702
0.57500
0.57928
0.93821
0.95276
0.97443
0.59624
0.97203
0.52210
0.97126
0.24560
0.97017
0.77924
0.57159
0.96263
0.84316
0.60680
0.23711
0.30329
0.96187
0.87653
0.25702
0.82156
0.30004
0.82750
0.44783
0.85863
0.19055
0.07889
0.12981
0.53379
0.48326
0.44956
0.34349
0.93120
0.46208
0.33603
0.80077
0.65721
0.81336
0.21125
0.14920
0.08363
0.81435
0.45217
0.71644
0.11220
0.90088
0.97458
0.88109
0.29961
0.46072
0.61446
0.59678
0.78281
0.97760
0.53864
0.74888
0.78706
0.51081
0.98599
0.91212
0.97752
0.79132
0.92586
0.93454
0.91876
0.97707
0.98188
0.84007
0.95365
0.95894
0.94122
0.15852
0.21670
0.27269
0.74109
0.18472
0.40099
0.72909
0.31753
0.40219
0.38517
0.46976
0.93520
0.30844
0.13779
0.51428
0.93232
0.41989
0.57600
0.94752
0.24460
0.56094
0.04184
0.54120
0.52482
0.62124
0.15496
0.86959
0.04878
0.61882
0.26344
0.11316
0.70108
0.18182
0.16623
0.22753
0.89940
0.10256
0.85388
0.30163
0.11842
0.84151
0.93777
0.85785
0.95037
0.77075
0.79237
0.96135
0.94998
0.90759
0.97498
0.93328
0.56907
0.21045
0.47111
0.92864
0.91871
0.75437
0.56341
0.72152
0.56566
0.90027
0.94140
0.16615
0.42052
0.91068
0.21970
0.47610
0.22768
0.64767
0.27033
0.78934
0.65406
0.50666
0.62861
0.26178
0.58056
0.75704
0.30192
0.90894
0.60872
0.92421
0.50422
0.69470
0.95859
0.29468
0.23729
0.50521
0.22388
0.19157
0.39285
0.64385
0.63355
0.24975
0.94023
0.23870
0.92033
0.32720
0.94031
0.08886
0.52113
0.21326
0.70343
0.85399
0.92348
0.78576
0.61703
0.48408
0.14200
0.62299
0.24667
0.76398
0.82474
0.38944
0.11193
0.81413
0.84940
0.98212
0.10294
0.44689
0.06242
0.80315
0.21885
0.83756
0.20764
0.13976
0.97799
0.96359
0.16134
0.71408
0.30387
0.88705
0.56970
0.86973
0.48114
0.74360
0.47652
0.76354
0.73926
0.76616
0.71150
0.28855
0.27902
0.40869
0.85837
0.55717
0.35558
0.72580
0.35770
0.35824
0.90287
0.82550
0.95836
0.28664
0.08258
0.30479
0.12902
0.92973
0.22836
0.92428
0.89418
0.51765
0.88193
0.74066
0.95523
0.45661
0.10384
0.98365
0.58812
0.36973
0.30138
0.81571
0.85989
0.61599
0.71531
0.75131
0.58257
0.88487
0.71147
0.66257
0.80153
0.87135
0.42607
0.61755
0.66350
0.88053
0.14172
0.92434
0.34365
0.59273
0.60067
0.71407
0.54118
0.13599
0.43703
0.35175
0.74152
0.90006
0.96780
0.93396
0.44825
0.14788
0.10791
0.94366
0.83113
0.69954
0.64705
0.95569
0.32568
0.88516
0.57382
0.95201
0.09203
0.86167
0.86252
0.55233
0.18203
0.71820
0.33444
0.69920
0.13739
0.19446
0.14580
0.94355
0.96757
0.65332
0.21711
0.62845
0.27764
0.17313
0.82449
0.74882
0.39543
0.30769
0.78475
0.96309
0.15004
0.12174
0.20299
0.72469
0.74575
0.06648
0.97438
0.98187
0.19159
0.74678
0.89344
0.75270
0.78211
0.89276
0.91566
0.30230
0.89245
0.40227
0.83795
0.82155
0.32667
0.28998
0.19772
0.23514
0.12126
0.77269
0.98473
0.46171
0.48857
0.97761
0.98231
0.97289
0.98775
0.94397
0.85856
0.44304
0.60297
0.32608
0.90065
0.87922
0.20623
0.93396
0.35351
0.10657
0.94343
0.51770
0.21135
0.28991
0.65626
0.84567
0.96199
0.26423
0.62084
0.97344
0.23544
0.42645
0.57345
0.87780
0.60158
0.88657
0.77528
0.57527
0.93454
0.94033
0.98528
0.80659
0.74362
0.34934
0.29237
0.46197
0.40572
0.54658
0.54476
0.96939
0.96107
0.56210
0.09931
0.28420
0.60074
0.81805
0.91737
0.72613
0.79537
0.22513
0.14060
0.90516
0.75956
0.29099
0.30399
0.23121
0.95659
0.17801
0.38350
0.98477
0.95747
0.98420
0.90178
0.70594
0.92178
0.81033
0.66316
0.84597
0.94791
0.85439
0.45316
0.73545
0.59498
0.06733
0.92369
0.85927
0.26252
0.52345
0.51529
0.70478
0.60696
0.89923
0.68213
0.45235
0.83962
0.28506
0.11359
0.87717
0.24087
0.35291
0.89813
0.48773
0.18741
0.21603
0.14974
0.10027
0.95533
0.62011
0.07548
0.68128
0.63859
0.34220
0.93775
0.23374
0.89059
0.16798
0.57297
0.92659
0.86073
0.90561
0.25709
0.34460
0.73383
0.89777
0.55898
0.33839
0.61080
0.61354
0.17752
0.32528
0.58289
0.82608
0.95155
0.59035
0.90759
0.58791
0.30182
0.67030
0.90716
0.10364
0.21111
0.96197
0.08693
0.73950
0.25295
0.22045
0.08793
0.12522
0.44419
0.34646
0.19900
0.13650
0.94544
0.30582
0.88561
0.45412
0.34892
0.95684
0.92611
0.35832
0.71670
0.63629
0.94908
0.17441
0.84703
0.36635
0.32119
0.53488
0.34998
0.16461
0.19721
0.46641
0.55908
0.10054
0.72832
0.23871
0.87120
0.10551
0.07096
0.21597
0.39813
0.92537
0.29400
0.14375
0.93168
0.56427
0.82116
0.92375
0.92797
0.93732
0.88808
0.92897
0.68702
0.64729
0.26237
0.83577
0.39384
0.32421
0.72052
0.62796
0.38126
0.77250
0.45509
0.56783
0.60613
0.73769
0.75258
0.76994
0.86907
0.33028
0.44713
0.23412
0.74951
0.88323
0.86358
0.95734
0.66773
0.84211
0.87339
0.98076
0.45715
0.98242
0.25096
0.42711
0.16594
0.90917
0.28711
0.23478
0.59679
0.84075
0.60474
0.42047
0.91565
0.66019
0.60073
0.94796
0.96338
0.39361
0.90739
0.55168
0.94678
0.36940
0.75925
0.45729
0.35086
0.80227
0.93803
0.71062
0.41967
0.28535
0.26386
0.79810
0.70154
0.63457
0.29051
0.13167
0.43036
0.68930
0.15769
0.08437
0.84599
0.15975
0.95680
0.96342
0.75574
0.33265
0.18278
0.96949
0.39062
0.31303
0.06799
0.56282
0.63850
0.88333
0.94032
0.64495
0.60906
0.41426
0.96918
0.15309
0.40586
0.82731
0.96668
0.67920
0.09028
0.28686
0.46383
0.96635
0.27641
0.21676
0.06413
0.97685
0.03553
0.20412
0.08832
0.46907
0.29648
0.10683
0.39644
0.64625
0.93643
0.09860
0.91896
0.12315
0.91352
0.96866
0.11145
0.39608
0.49597
0.48560
0.73309
0.14067
0.95279
0.84710
0.95074
0.60447
0.54885
0.87125
0.92563
0.86283
0.86673
0.92245
0.82650
0.21337
0.93547
0.95963
0.89632
0.87480
0.95473
0.53388
0.92123
0.63716
0.47503
0.87428
0.25281
0.36035
0.96936
0.95659
0.60231
0.93360
0.87379
0.12977
0.65335
0.85653
0.50660
0.64439
0.79913
0.94421
0.78523
0.95135
0.30276
0.96686
0.73570
0.80542
0.16066
0.37777
0.16276
0.91235
0.38779
0.52608
0.28055
0.87822
0.67975
0.91784
0.86666
0.49313
0.70077
0.99134
0.11668
0.98292
0.17675
0.64296
0.17476
0.49087
0.82224
0.50621
0.92397
0.33700
0.35870
0.30464
0.55681
0.76865
0.92110
0.95361
0.58391
0.61970
0.63060
0.87685
0.90106
0.84274
0.56141
0.33906
0.61189
0.10293
0.15178
0.41757
0.28759
0.13461
0.92613
0.96953
0.20652
0.87813
0.58658
0.57961
0.74981
0.23996
0.60427
0.56566
0.96654
0.96093
0.20142
0.34399
0.96504
0.91530
0.95533
0.50168
0.26179
0.96834
0.68306
0.92629
0.45811
0.78586
0.34144
0.09516
0.21945
0.84625
0.24790
0.81778
0.80706
0.77437
0.20157
0.90516
0.87243
0.68785
0.69325
0.29218
0.84550
0.93825
0.89822
0.63416
0.92930
0.67613
0.27981
0.75634
0.77250
0.08240
0.68931
0.08808
0.42089
0.90771
0.14459
0.85856
0.97599
0.91575
0.92920
0.95533
0.93149
0.95286
0.91372
0.77820
0.98809
0.98034
0.80399
0.27398
0.42421
0.69543
0.71941
0.91164
0.89902
0.76138
0.88869
0.81176
0.18625
0.89789
0.90412
0.73361
0.91371
0.27162
0.43028
0.27245
0.79330
0.19168
0.96121
0.82538
0.61175
0.64547
0.24871
0.92655
0.27279
0.29024
0.28714
0.41893
0.45309
0.36832
0.94273
0.95799
0.79026
0.86837
0.94572
0.97239
0.91736
0.82420
0.65966
0.51410
0.58316
0.77571
0.84536
0.37345
0.92397
0.25971
0.80079
0.13472
0.83157
0.13080
0.42520
0.70074
0.83422
0.93027
0.55927
0.60903
0.98589
0.79068
0.70951
0.95954
0.77715
0.47721
0.78633
0.34734
0.58184
0.53058
0.92236
0.98626
0.04200
0.31807
0.51049
0.20305
0.92568
0.96850
0.19545
0.63835
0.77204
0.13198
0.44131
0.87218
0.34206
0.32744
0.10804
0.34472
0.33447
0.96766
0.21444
0.31032
0.49092
0.71858
0.93667
0.86179
0.88491
0.46005
0.99015
0.82404
0.52537
0.98596
0.42255
0.08051
0.84857
0.27325
0.95390
0.29031
0.69994
0.68884
0.21599
0.10719
0.35224
0.96439
0.44141
0.59967
0.36467
0.80372
0.68735
0.97681
0.33504
0.97024
