1.55590
1.08590
2.02080
0.73910
1.44610
1.17430
0.84720
1.60590
1.48470
0.59710
2.36120
2.57910
1.81660
1.45390
1.64690
2.26940
1.69820
1.51660
1.55960
2.62100
5.84320
7.28040
6.68290
2.69410
7.63340
8.06200
6.13460
4.17010
7.23180
3.62730
8.28430
8.37750
7.26760
8.08090
7.70200
6.23230
5.63590
3.29110
2.43930
6.30970
3.10150
3.88990
7.95440
9.30090
6.87380
8.49940
7.79680
8.02670
4.09810
8.47990
5.44850
8.58880
3.16600
3.49280
3.09590
4.97910
3.21850
4.89490
2.96250
6.16190
3.19130
4.88400
6.04680
7.40110
5.05080
8.00990
9.34110
6.01750
7.16880
7.61380
8.50390
6.16220
1.83030
3.14640
1.85930
1.69150
1.84390
2.55220
2.80050
1.95190
1.69210
1.61190
2.36410
2.79260
3.69400
2.64080
2.54590
2.85870
3.96230
2.37380
1.82680
2.40180
3.85770
3.61480
3.43520
1.16780
2.62190
7.72490
9.03120
7.73630
10.80610
8.46780
7.60410
6.80770
7.37210
7.68820
7.36350
1.47110
3.57360
1.54200
1.30620
2.57420
2.27130
3.14220
2.61140
1.88450
2.96630
2.65930
4.26310
2.36500
1.88920
1.99890
2.27640
3.35220
3.25950
3.77210
2.57620
3.22780
3.51330
8.37940
7.58610
3.48610
7.83590
7.40050
8.93220
6.80010
7.74930
6.63660
7.61910
1.96880
1.39480
2.11520
2.04960
1.46430
1.96700
1.87500
1.77600
2.69430
1.17920
1.58730
2.05190
2.30340
2.39810
2.74280
2.61210
2.75490
6.16390
6.19830
7.19760
9.98650
2.56440
7.92080
7.76250
1.59920
4.84710
8.20110
5.82600
5.92450
1.32770
1.60750
0.04280
1.63400
1.58910
1.17090
1.36780
0.99310
0.91310
0.36150
3.36180
3.78040
2.98740
2.17120
2.18610
3.24990
3.53730
3.04880
3.25480
2.93520
2.09620
1.48030
3.97860
3.00790
2.62470
1.60190
2.48880
2.63750
2.37160
2.24720
4.74050
6.25410
6.22860
6.46440
4.64610
6.94510
4.79290
6.57350
7.24590
5.86090
6.38530
4.11710
6.92200
5.78990
7.71780
7.61670
4.43650
6.38980
5.38100
5.19900
2.98690
5.18790
3.70500
5.69620
5.72340
3.76570
3.77440
5.99310
2.83200
2.06000
2.03220
1.95820
2.56850
2.23650
2.12300
2.62120
2.02700
4.52740
1.56160
2.42500
2.75640
2.05580
3.19210
2.64070
1.94770
2.01530
2.55720
2.11170
0.92710
1.65920
0.95610
2.01280
1.15150
1.02480
0.35200
1.84970
0.58000
0.91380
1.21090
1.59460
0.44920
0.72630
1.76720
1.13320
1.74980
2.26120
1.82490
2.71350
1.79590
2.12310
1.29890
1.40410
3.52240
1.42290
2.26250
2.67120
1.11360
2.23750
1.71700
1.54970
7.43790
6.94210
6.86110
6.71480
6.54220
6.65700
7.24200
6.73620
7.27210
6.00780
7.67410
6.84500
7.01460
6.86680
7.26130
6.11150
7.70940
6.58560
5.62530
5.96650
3.84000
7.15930
5.83940
5.85730
3.87050
8.75480
2.34750
2.70850
7.53730
4.98930
2.40500
2.69690
3.13880
1.80880
1.49150
1.50750
1.46720
2.30480
2.67780
1.71960
3.14400
3.04570
2.62420
2.40010
2.40230
2.73600
2.44480
2.67410
2.15810
3.74970
2.71870
1.71060
3.21720
3.80710
2.80340
2.50190
1.83710
2.74300
3.23600
3.21860
6.91380
7.98590
6.99810
6.80230
7.23570
6.69850
5.51570
6.31950
6.08340
5.21950
5.36210
6.55320
7.33120
4.78610
6.33570
8.60220
5.95570
2.75590
5.48560
5.99870
0.94970
2.35410
2.16420
2.47200
2.49850
2.41460
2.22570
3.25150
2.71640
3.22970
4.91270
2.15410
3.32630
3.40590
6.42180
3.78090
5.54830
2.70450
5.84380
4.51300
1.06450
2.19630
1.63860
2.94160
2.27900
1.87170
2.12930
2.12470
1.42110
1.73430
2.68600
8.78820
4.83720
10.03070
6.14740
7.92440
7.57310
7.48210
6.33860
9.04290
2.40270
3.25730
1.52470
1.14160
1.21300
1.68500
1.12590
4.04460
2.21720
2.94550
1.96550
2.14180
2.54950
1.67700
2.34650
2.32730
2.21330
3.45960
1.73490
1.83040
2.67500
5.74800
2.98380
4.35640
3.84240
6.20450
2.13890
3.31620
3.03400
3.16930
8.02350
6.18910
2.99870
5.17860
7.22590
6.16710
6.73250
7.69710
3.72440
5.53230
2.63430
2.96540
2.13260
3.18000
2.41700
2.56070
2.20600
2.92040
3.04640
2.77010
2.27570
3.56690
2.11160
2.88210
2.85580
3.34310
2.84300
3.14640
2.91590
3.02090
0.38830
8.10420
7.61330
10.57940
8.29280
5.94860
7.69490
7.26320
6.45870
6.20170
7.84680
7.97560
6.84410
6.15390
6.76470
7.69030
7.47190
8.14290
7.26600
4.70850
4.64830
2.59600
3.21290
6.64240
5.55090
3.13380
6.24730
4.03710
7.00750
5.53430
3.67630
3.00130
5.60730
3.84300
6.18800
1.54050
2.39310
4.49150
3.63150
8.43570
7.59460
8.63890
7.27660
8.67450
5.16920
6.36070
5.41150
5.87190
6.44210
2.60660
1.23820
3.28460
2.85830
2.15230
2.62490
4.75610
3.27080
2.71800
1.81690
2.62220
2.47300
3.66860
2.25090
3.01630
2.12050
2.53050
3.16470
4.25160
5.01060
2.79360
4.48340
7.43250
7.26430
7.60070
2.50700
5.69560
2.24820
4.67490
0.74530
0.38160
0.78070
1.44360
1.58620
0.83600
2.00160
1.39910
0.28340
1.08260
7.46560
6.93030
6.68900
6.45420
6.95650
7.41780
6.99120
7.66130
8.40550
7.69490
7.36790
7.01980
7.65860
7.84250
8.41890
8.55320
8.55710
7.88470
8.01220
8.37850
9.66340
4.71790
6.68320
2.10210
9.50490
7.29860
8.23680
6.89680
3.24000
6.85940
3.34500
2.91460
2.27160
2.64570
1.29180
3.15680
3.02840
2.75280
3.43150
1.76530
2.75290
1.63120
3.12070
1.95230
1.27680
1.83140
1.93390
2.39170
2.16700
1.47030
1.09600
1.13150
0.27420
1.54510
0.21820
1.01970
1.11970
1.95580
1.32700
1.10040
1.09280
1.90080
1.34240
2.05320
0.97250
0.97270
1.49020
1.41880
0.99050
1.01590
1.39630
1.90760
0.23290
1.05190
1.15120
1.81100
1.51420
0.63250
1.94710
1.37610
0.97890
1.09100
1.62930
2.01250
2.24020
1.22820
0.83020
2.11390
1.50250
1.87470
6.58900
7.37970
8.11520
7.85400
7.38200
10.03740
8.91810
7.99730
8.37990
7.86120
1.86930
2.00510
1.36910
0.74520
1.72630
0.88500
1.48700
1.52090
2.25010
1.94620
7.75390
7.64020
8.09210
9.14480
9.80040
6.59860
7.19640
6.92720
9.25580
5.90730
4.52610
3.37170
2.77450
8.18370
3.57170
3.39660
5.56360
2.50090
2.65090
2.71820
4.02530
2.52050
3.31060
2.84450
3.32900
2.29540
2.14510
2.73450
2.95380
3.10480
2.59950
3.29160
2.69310
3.86940
3.14570
2.45560
2.44570
3.50780
3.72910
2.76470
1.02930
1.42880
2.04050
1.24120
1.69770
0.94980
2.30810
1.97810
1.40420
1.50960
7.95150
8.79300
6.97730
8.19520
3.19700
5.48120
4.39640
7.66750
8.46270
6.30390
2.22440
2.64330
1.31840
1.92050
2.40510
3.10080
2.86580
3.17780
2.90860
2.01560
1.82840
3.11010
2.22350
2.33000
2.46940
2.04880
1.93330
2.22380
3.01540
1.66980
2.53890
2.71210
2.54330
2.34430
2.13930
1.81690
2.13180
2.09750
2.23010
3.39060
4.48290
3.81250
2.76410
2.99030
4.51650
3.13340
2.75810
2.57220
3.45300
4.46330
0.85170
2.90270
0.79270
1.63480
1.89900
3.02460
2.56090
1.34740
1.63700
1.66740
2.10900
1.16630
0.93710
0.98060
2.67870
2.12870
2.50200
1.82980
1.20410
1.16370
1.95160
2.47920
2.14500
2.83490
3.29350
2.92970
2.43860
1.79980
2.98740
1.32550
0.39620
2.01270
2.13810
2.35150
1.99380
2.14350
1.61450
2.30840
2.84200
2.30690
1.95460
2.15560
1.44610
2.21840
1.05360
0.91430
1.46590
1.34500
1.54250
1.42240
3.73110
3.54920
5.02680
3.59150
3.25810
2.99100
3.99270
4.35320
4.28930
2.11550
1.53250
1.84670
3.14030
2.24910
2.58220
3.17570
2.29540
2.70210
2.75700
0.07480
0.96630
3.07300
2.39050
1.15190
2.07100
1.63560
1.25930
1.85300
2.41590
1.96680
7.74320
4.38120
5.90380
4.50010
5.70020
0.86310
5.08280
8.61880
7.21930
8.47920
1.27840
2.28630
2.12060
3.79770
1.79200
1.19750
2.74080
2.48680
2.80960
1.33120
5.09060
6.17930
5.61380
8.11920
6.74300
6.25060
6.79000
6.49180
7.70870
7.10920
1.56070
2.49340
1.86880
1.73300
1.45910
2.19660
1.53510
2.83850
1.93160
3.72410
2.15180
2.19660
2.46970
3.21480
3.14300
2.21260
2.08390
2.85850
2.23100
3.42160
5.74630
5.80070
6.55600
6.97980
5.98400
5.94810
5.60950
5.82320
4.97900
5.01940
5.21680
3.69720
3.42990
5.20450
3.92220
4.21910
3.11930
2.95780
3.06420
3.69020
2.60080
7.25160
5.80610
1.62660
6.49580
4.99320
0.94760
8.21420
7.42930
6.38890
2.53080
2.03910
1.99820
1.66930
0.85060
1.85270
1.23090
1.79340
1.50470
0.81570
7.02460
8.05060
4.71820
5.17190
6.70860
9.09960
5.47300
4.39190
6.48600
7.57500
3.29460
3.10000
2.59300
2.00400
3.14770
1.79310
3.59610
3.86640
3.70140
2.90280
2.65240
3.09020
3.59300
2.95060
2.04890
2.13020
2.96980
2.87500
3.12840
1.85170
2.28340
2.10480
1.95160
3.50620
2.41450
1.49890
2.21680
1.96900
2.26910
2.15920
1.54920
1.60970
2.41260
1.68930
3.14650
3.10880
3.72530
2.96730
2.72350
3.04640
1.64930
2.11750
0.73300
2.01830
1.41590
2.67430
2.03210
0.73570
1.81450
2.27690
1.69190
1.48590
2.19280
1.93780
1.54520
0.82150
2.10500
1.40180
7.30460
6.36860
7.31080
8.17220
5.30500
6.58810
6.47420
7.72990
8.71250
9.19610
0.53240
0.90380
0.96960
1.30590
0.91030
0.47900
-0.25550
1.57620
0.00860
0.43280
6.96750
5.97530
8.01890
5.62600
5.76170
5.91210
7.04710
6.48620
6.95340
5.56220
1.65690
3.53740
3.13610
3.77730
4.78180
4.40310
3.32900
3.00200
3.30810
2.55070
1.96290
8.41420
8.29660
8.82060
7.49740
7.03680
7.50890
6.99550
7.91630
9.15290
7.90310
2.27240
1.45890
1.77040
2.10190
1.25000
2.21480
2.55220
1.67530
2.53730
1.77670
1.29210
3.07090
1.00670
1.21170
2.71280
0.84250
1.68300
1.11100
0.10390
1.58860
0.92220
0.28540
2.67670
1.29500
1.29110
1.32140
1.41200
1.74990
0.99640
1.32440
1.13410
1.54780
1.70790
2.96350
1.23940
2.16340
2.60760
2.66770
2.73580
1.82660
1.76370
1.73420
2.00120
1.50360
1.79240
1.64530
1.77120
1.32900
1.43980
1.71340
1.85150
2.11640
2.74560
3.48540
2.35430
3.17850
3.19820
3.45330
2.53740
2.74880
1.96270
3.77570
3.35640
5.34960
8.03540
4.19430
6.33510
8.48700
7.35700
6.37840
7.80990
5.72290
5.25690
5.04180
6.08440
5.13650
4.86290
5.53350
6.94450
5.06620
5.60570
6.47300
1.49020
1.26180
0.10660
1.33640
1.47630
1.22710
0.85470
1.24030
1.84230
1.14520
1.39060
1.19330
0.92750
1.94600
1.54150
1.88250
2.60520
2.15210
2.22770
2.16360
2.20000
3.83420
2.21180
3.51800
4.27050
3.98840
4.05030
3.27630
3.89950
3.26580
7.30550
6.25450
6.22650
6.90420
6.99940
7.86040
9.45500
7.81780
7.84190
8.02960
2.71230
1.28980
2.80830
3.35200
2.73820
3.06570
2.87530
1.27820
3.41980
3.24170
2.38930
2.27440
3.49640
4.41880
3.68800
2.77310
3.59810
3.37810
3.50940
4.55360
3.48970
3.57290
3.12700
2.51360
3.02330
3.11530
2.14820
1.98670
2.83400
3.21930
2.56590
2.14840
3.07740
3.35120
2.23740
2.23780
3.37920
2.00170
3.33390
2.69220
3.92300
3.14730
2.04380
2.31730
2.07930
3.24130
2.01820
3.51680
3.70620
2.91150
2.62620
3.17240
0.37000
3.52270
3.24280
2.03900
1.82470
1.81130
2.52960
2.60940
2.35250
2.29170
0.94930
0.50050
1.66030
0.89070
1.05660
1.47140
0.75790
2.11320
1.47800
0.54710
0.61390
1.65730
0.52550
1.37300
0.74860
1.53910
0.95770
0.76640
7.18360
7.77010
7.17340
7.78520
6.43300
6.78360
6.29290
7.37990
9.26230
6.77060
7.40680
7.99740
7.08580
7.50080
9.14320
7.91140
7.34480
6.19130
7.22330
7.14320
5.58790
7.48780
2.56960
5.81230
3.77920
4.42360
5.86770
5.37060
3.64120
7.17090
1.68550
1.32100
1.60360
0.93870
0.77300
1.05230
1.70770
1.07910
1.34470
0.39730
1.96370
2.38770
1.34820
2.55190
2.28700
2.15690
2.05050
2.08060
2.27060
2.96860
3.19900
2.36040
2.41020
2.69800
2.67020
2.92230
3.10290
2.90790
1.00810
0.37680
1.14330
0.94890
1.25430
1.14210
1.21720
1.33500
1.28100
1.23100
2.26130
2.77140
5.56010
6.65490
6.26280
5.67380
6.04260
6.27200
6.13260
6.21410
7.14980
9.39030
2.28150
1.97340
1.92800
2.04590
2.06820
2.25600
1.87630
1.73350
2.20030
2.36300
1.41640
1.74490
2.83480
2.07620
2.02980
1.10380
2.18770
2.54780
3.50050
2.12750
1.67480
2.18490
2.44570
1.33870
2.14270
2.20260
1.99480
1.12380
2.01030
2.16240
1.06120
1.32730
0.45080
0.63760
0.24650
0.71250
0.97530
0.98550
0.04350
0.69520
2.14180
2.96750
3.76670
4.20290
3.21230
2.29030
2.54220
3.20770
3.22680
3.84880
6.80290
4.58500
5.76310
2.25740
6.10180
7.65630
8.22580
6.63370
9.58460
9.33510
7.52950
6.17980
7.78950
8.89700
8.22210
8.52440
8.18230
8.03920
9.28790
6.37850
2.81010
1.96630
2.04820
2.01340
2.75670
2.84450
1.79380
3.07700
2.22940
2.99900
2.74800
3.12570
1.80540
1.52330
2.84780
2.73850
2.62250
3.44950
2.83890
3.74960
4.53780
8.86920
9.66220
7.80800
6.73440
7.78050
9.34730
8.99470
9.77610
7.23780
1.09300
1.21240
1.21180
1.13110
0.66100
1.07210
1.04450
2.10180
0.90470
1.47250
0.63690
1.45590
0.65990
1.17740
0.98140
1.23870
1.27010
1.66830
1.68500
1.31500
2.17700
2.78610
2.11080
1.38510
1.12590
2.83790
2.43820
1.24440
1.62390
2.46430
1.66300
2.76410
2.89550
1.60140
3.01750
2.11260
0.85990
1.42680
1.84420
2.71580
1.87310
2.47630
2.16730
3.38380
3.76880
4.15980
2.08780
3.50120
5.22510
3.10400
8.76880
6.47780
8.08750
7.67200
8.27510
4.61710
8.38380
3.81070
7.19930
6.17020
3.16880
3.19980
2.42230
2.08410
2.39720
3.00600
1.77350
2.33990
2.29250
3.40310
2.60530
2.65220
2.90880
2.53160
3.48900
4.03630
1.39960
3.07580
2.62210
3.36380
-1.36700
-2.72400
-3.33800
-4.22500
-3.35300
-4.45600
-1.87500
-1.34600
-3.71200
-3.65800
-2.94600
-0.86500
-1.93600
-2.92100
-2.56000
-0.43300
-0.97000
-2.19200
-3.02200
-2.75100
-3.93700
-3.18100
-4.62600
-1.40100
-2.64800
-1.95600
-4.41800
-3.54100
-4.08500
-3.62500
-2.35300
-3.46700
-2.70900
-5.13400
-1.48700
-4.94200
-3.77000
-2.54800
-3.79900
-5.64000
-3.49100
-1.77800
-0.82600
-3.25000
-4.77700
-3.59100
-2.52200
-3.82500
-2.93100
-3.90100
-4.52600
-3.44100
-3.45600
-1.38800
-1.63800
-4.73600
-1.40700
-2.90800
-1.59900
-2.56400
-1.70600
-1.57400
-1.17900
-0.85200
-3.46500
-4.25700
-4.93300
-4.61200
-3.57300
-1.99300
-4.46100
-5.40100
-1.03000
-2.50200
-2.99500
-3.09300
-2.23600
-1.02500
-1.50500
-0.87200
-2.98900
-3.22000
-1.40800
-1.66200
0.24800
-1.04100
-1.67300
-0.27500
-0.63300
-2.31000
-2.55400
-1.82000
-1.11600
-1.94400
-0.90700
-0.73600
-0.59400
-3.31100
-1.46000
-4.94000
-2.16100
-3.16400
-4.14400
-3.94300
-3.90100
-2.47300
-4.14100
-2.35200
-3.99000
-2.56300
-3.37500
-2.53400
-3.07400
-1.34000
-4.13100
-4.14400
-3.05500
-1.84200
-2.74500
-0.69600
-3.25400
-0.83600
0.02800
-2.07300
-2.10500
-2.63400
-2.50600
-2.98800
-2.66600
-3.59700
-2.41000
-3.66400
-3.66700
-5.01000
-2.52900
-3.53300
-4.31800
-3.75000
-1.21900
-2.51000
-3.23200
-2.69600
-2.93600
-3.84900
-1.62600
-2.26200
-1.29100
-3.26800
-2.51400
-0.70200
-0.63800
-1.17000
-2.88800
-2.66600
-3.21100
-3.46600
-1.91500
-3.24200
-3.13500
-2.33300
-1.59400
-4.68800
-4.66200
-3.20100
-3.84600
-3.15100
-3.37700
-3.67800
-2.20700
-0.42600
-3.50900
-2.83300
-2.41800
-3.12500
-2.28100
-3.01600
-3.11900
-3.49600
-0.42200
-2.98100
-2.23100
-3.17900
-3.24000
-2.47900
-4.23900
-3.30100
-3.03200
-3.15000
0.16500
-3.90900
-0.78600
-2.39600
-2.33100
-0.90700
-3.16400
-2.53700
-3.25500
-0.08600
-6.46600
-5.81500
-8.02400
-3.47300
-4.84000
-5.73700
-5.05800
-3.63900
-1.81200
-1.36600
-2.37000
-4.33700
-3.61200
-4.44500
-3.06500
-3.86500
-3.17300
-4.72700
-2.55800
-4.21800
-0.36600
-3.71700
-2.16500
-4.40300
-3.40700
-1.93600
-3.27200
-3.42500
-2.26900
-1.60500
-1.08700
-2.76200
-2.62500
-3.43000
-3.04300
-0.03200
-2.74000
-2.65300
-1.26700
-0.33400
-1.83000
-2.78000
-1.69600
-3.04000
-2.48100
-1.08700
-2.91600
-0.91400
-3.31900
-0.86500
-1.91800
-1.79200
-1.34600
-2.03800
-2.02200
-1.67300
-1.98100
-0.56600
-1.47100
-1.50300
-1.36400
-2.46700
-3.03500
-2.24600
-1.42800
-0.65100
-0.04500
-2.19000
-2.48200
-0.71100
-2.19900
-2.62100
-1.58700
-1.51300
-0.73100
-2.02800
-1.96200
-1.85900
-2.49300
-1.99600
-6.42600
-4.12200
-5.64600
-4.74700
-5.78800
-6.30000
-4.62700
-6.87500
-2.65400
-5.76800
-2.84600
-1.89700
-2.01200
-3.48500
-2.68000
-4.54700
-2.85100
-2.87300
-3.58200
-4.21200
-2.71700
-4.49600
-4.41800
-3.19600
-1.75900
-3.41000
-3.91400
-2.54900
-2.75100
-4.67300
-0.07700
-2.74600
-0.15700
-3.69300
-3.72300
-1.64700
-2.84300
-3.26600
-3.28800
-3.03200
-0.79500
-2.72800
-1.86700
-3.75000
-3.75100
0.63850
-3.51000
-4.62300
-2.79000
-1.08100
-1.59200
-1.77200
-2.11200
-1.15200
-2.43100
-1.24900
-0.16800
-2.02100
-2.18300
-2.39500
-3.74600
-2.82200
-5.26700
-3.70700
-4.74700
-4.16600
-5.08300
-6.52400
-4.95700
-4.99600
-3.52100
-3.46400
-0.63300
-3.48900
-3.03000
-1.07300
-1.05400
0.01700
-3.62000
-3.88900
-3.13300
-5.18200
-1.34800
-5.02900
-4.15700
-0.80100
-4.02400
-2.76900
-3.15000
-2.47700
-2.76500
-1.45000
-2.96600
-2.05300
-0.08000
-2.71000
-3.51900
-2.69000
-3.51200
-3.45400
-1.39800
-1.90700
-1.34700
-0.33400
-1.46100
-1.21500
-0.32200
-0.81700
-2.20600
-2.19700
-2.74000
-3.81100
-3.49600
-4.87800
-2.69400
-3.79200
-3.91500
-4.06000
-2.55000
-1.17300
-2.68800
-1.50600
-3.39700
-2.71500
-3.46400
-1.66600
-3.25500
-3.11900
0.43540
-2.61500
-1.51500
-1.47300
-2.11800
-2.10600
-1.74700
-1.10800
-2.41800
-2.99400
-2.42700
0.28100
-2.17500
-1.83300
-1.06000
-3.06300
-1.07800
-4.23400
-3.49600
-3.63200
-2.73100
-2.40000
-3.64700
-0.86200
-3.01500
-2.73400
-3.86800
-3.40800
-2.22800
0.16900
-3.70300
-2.81900
0.88070
-2.54200
-0.85100
-0.74100
-1.01500
-1.56500
0.34510
-2.88200
-2.58100
-0.66700
-3.53000
-2.57800
-2.43300
-3.57300
-3.92100
-3.97800
-4.40900
-4.62500
-4.02100
-1.61900
-2.85600
-5.78600
-5.94200
-2.98500
-5.36500
-5.75800
-2.62600
-7.95100
-6.99300
-4.15500
-4.35600
-2.04200
-4.60700
-4.79300
-4.09000
-2.58200
-4.52100
-3.16200
-6.32700
-3.25300
-1.72300
-1.02400
-3.52300
-1.81700
-0.40900
-4.00600
-0.16200
-3.71500
-3.30900
-2.36000
-1.72400
-0.18200
-2.72500
-3.48500
-3.14600
-1.11600
-3.66900
-2.37700
-2.62300
-1.17600
-6.05500
-3.59700
-4.61300
-4.53700
-3.69100
-4.80100
-4.66400
-4.38100
-5.84200
-1.20200
-2.53700
-4.40300
-1.72600
-4.06300
-1.85500
-2.28200
-3.66500
-3.21000
-0.71600
-1.11200
-1.27900
-3.09500
-1.55100
-1.91900
-2.33300
-2.89600
-0.40900
-3.75900
-1.32800
-2.56900
-3.47800
-0.86300
-0.39000
-3.63300
-2.85700
-4.01000
-2.44200
-3.20300
-3.04700
-2.23900
-2.72500
-1.82900
-2.31800
-2.73500
-1.63300
-1.21200
-1.38300
-0.25400
-3.91700
-5.65600
-4.72200
-5.72600
-6.90600
-6.10900
-5.21000
-1.69700
-1.92700
-3.77900
-4.98700
-4.08900
-6.10700
-1.61600
-5.49400
-6.26900
-3.08200
-7.85900
-4.79100
-5.77300
-2.98700
-0.19000
-4.86000
0.40400
-3.88500
-1.59100
-2.79700
-2.99000
-0.00300
-1.67300
-2.35900
-1.56700
0.15800
-0.66900
-2.13300
-0.85700
0.04900
-0.61600
-2.20800
-2.27100
0.97290
-1.46800
-1.30200
0.02600
-3.45400
-0.78400
-2.78100
-2.40400
-2.59200
-2.98800
-0.97300
-1.07300
-2.73100
-1.44200
-2.52000
-1.94500
-0.78000
-1.65500
-0.80000
-2.70800
-1.86100
-3.42500
-2.80300
-3.99500
-3.04700
-3.40500
-3.67100
-1.92800
-2.28500
-2.98100
-2.95800
-1.15100
-4.15000
-2.77100
-2.49800
-2.62700
-3.21400
-2.20500
-1.88300
-3.08200
-2.61800
-1.72900
-2.52700
-1.18400
-2.14400
0.35300
-3.21300
-1.07100
-2.80700
-1.78600
-5.63800
-5.75900
-5.65300
-7.90900
-3.68300
-2.49900
-5.23400
-6.70100
-6.34600
-6.62300
-1.56200
-3.65700
-1.31300
-3.15400
-3.53100
-3.48100
-2.52400
-0.70900
-4.02400
-2.50300
-3.64500
-4.88100
-3.40000
-3.59000
-0.91800
-2.28300
-2.76400
-4.26200
-4.62500
-3.85100
-2.69600
-0.34800
-2.47700
-3.02600
-2.79900
-2.62800
-3.35900
-3.03300
-2.96300
-3.85400
-2.04300
-2.11600
-1.44200
-0.63000
-3.29600
-1.05900
-2.48500
-1.08400
-0.98700
-2.25000
-3.28300
-3.31200
-2.83600
-4.43800
-3.08100
-3.83200
-2.08900
-2.33600
-3.95600
-4.54800
-2.86400
-1.83500
-3.64900
-1.50600
-1.95100
-1.30400
-2.44700
-2.66200
-3.17600
-2.90800
-3.31100
-3.64000
-4.17700
-2.50400
-3.62600
-3.06400
-2.25000
-3.83800
-2.27400
-1.64500
-0.96600
-1.88200
-2.47200
-2.75500
-0.68400
0.24000
-0.81400
-0.46300
-2.15100
-1.65600
-1.22700
-0.33100
-1.78500
-1.27500
0.32500
-1.29000
-1.74900
-1.59900
-1.43900
-2.81900
-1.28400
-0.85000
-1.65900
-1.31800
-1.30000
-1.73700
-1.00000
-1.37000
-1.17000
-1.56100
-1.99800
-1.59500
-2.57200
-0.33200
-3.23700
-2.70300
-0.62900
-1.98900
-2.07500
-3.01800
-2.26500
-0.68900
-2.20400
-1.35200
-1.80700
-0.45300
-2.29800
-0.34000
-3.47200
-2.26000
-2.85900
-2.20100
-1.54700
-2.11300
-0.96400
-2.91100
-2.31000
-2.11600
-2.98300
-2.64100
0.37200
-3.52100
-1.72000
-1.83800
1.11390
-2.69100
-0.20400
-1.70300
-3.33600
-2.92500
-1.48100
-1.40800
-2.84800
-0.68100
-1.46400
-0.20900
0.67870
-1.50700
-2.28600
-2.76000
0.38150
-0.18700
0.08500
-0.37000
-0.87300
-1.63900
0.33500
-0.45100
-0.78200
-0.80600
-3.29200
-3.57200
-1.65700
-1.84000
-1.87900
-2.03000
-3.50200
-3.71000
-2.85300
-1.82200
-2.06100
-1.30100
-1.90600
-2.50500
-1.62500
-2.35400
-0.70700
-1.30100
-0.77400
-1.91300
-2.28800
0.07300
-1.45700
-2.09600
-0.93600
-1.80800
-0.13100
-1.66100
-2.27900
-2.21700
-2.81300
-2.24300
-1.86300
-1.40500
-3.36100
-1.44400
-3.57800
-4.12200
-3.65000
-4.00000
-3.85700
-0.88100
-3.42100
-2.13500
-0.45800
-2.52200
0.36850
-2.79400
-1.21000
-2.17900
-4.62000
-6.91400
-5.78200
-4.99400
-5.75100
-5.07900
-3.36700
-1.95600
-3.33600
-5.70400
-0.85900
-1.39100
-2.60400
-1.84000
-1.70700
-1.82300
-1.00600
-2.19900
-1.21000
-0.58100
-4.04800
-3.99700
-3.37900
-3.90300
-1.62700
-2.52600
-1.91600
-3.71500
-2.58900
-2.77900
-4.07300
-6.38600
-3.22300
-3.19200
-2.90800
-5.02300
-4.50400
-5.69500
-5.43700
-4.09000
-2.99500
-2.26600
-2.11200
-3.15800
-0.25000
-2.65800
-2.35000
-2.25600
-0.87500
-2.25200
-1.96800
-3.19600
-2.75100
-4.76000
-5.14700
-2.86800
-4.89300
-4.53800
-4.92200
-4.68500
-2.87100
-2.18500
-2.01200
-2.94000
-4.00200
-3.13100
-3.09700
-3.51500
-4.06400
-4.09900
-3.99800
-1.23200
-3.40400
-3.92800
-0.89900
-1.44800
-0.29100
-0.41600
-2.24200
-3.48000
-1.66400
-1.84300
-2.69700
-2.85900
-3.24400
-2.55300
-1.50000
-3.14700
-2.86600
-1.35200
-3.10600
-1.91700
-1.59600
-1.17600
-2.94800
-3.08600
-1.38800
-1.32400
-1.76400
-1.94200
-1.03400
-2.40800
-3.34300
-3.83400
-2.20200
-3.93600
-3.28800
-3.42600
-0.96000
-0.40000
-2.01800
-3.91400
-3.92400
-0.06700
-4.69300
-3.83500
-3.30700
-4.53200
-0.61700
-0.56500
-1.32500
-1.36900
-2.27500
-3.06700
-2.00200
-1.73700
-1.89700
-3.54100
-2.85600
-3.28000
-1.82200
-2.89400
-1.85900
-1.60700
-2.56700
-2.54900
-2.74100
-0.73700
-0.65700
-4.38100
-0.63800
-3.21900
-5.02700
-4.16400
-4.11700
-4.67400
-4.53900
-2.08300
-2.33800
-2.70900
-2.69000
-0.89800
-2.49300
-3.72100
-3.99100
-3.06000
-2.47500
-2.86700
-3.84100
-5.86700
-2.42100
-4.36600
-5.15900
-4.90400
-6.01000
-6.09100
-4.43700
-6.45100
-3.19600
-1.72500
-2.71700
-4.07900
-2.42400
-4.42900
-3.75600
-2.85600
-3.11500
-3.13300
-2.17200
-5.72300
-5.49900
-2.98900
-4.50700
-4.08700
-6.22800
-4.37900
-3.94900
-4.04300
-4.54400
-2.84400
-1.85300
-2.26400
-2.32300
-0.39500
-3.20800
-2.82100
-2.57300
-3.18600
-2.32300
-1.52900
-2.30200
-2.96600
-3.21600
-1.51900
-3.83300
-1.37700
-3.63700
-2.72400
-2.79400
-2.67000
-1.89300
-3.02800
-2.32800
-3.40100
-2.89700
-1.91400
-2.24500
-1.70300
-3.02100
-3.03000
-3.33100
-3.38900
-1.90500
-1.79600
-3.09200
-2.40600
-0.21800
0.12800
-1.57700
-2.30900
-2.85300
-2.07200
-0.71000
-0.75800
-3.25700
-2.79300
-3.85300
-1.88600
-3.01400
-2.58000
-3.19400
-3.80100
-3.19800
-3.37400
-3.44900
-3.24900
-2.71900
-2.84400
-3.88400
-3.22400
-3.82200
-3.24900
-4.21400
-4.36400
-2.86000
-2.64000
-4.56300
-3.90600
-4.74400
-2.84700
-2.94900
-3.13800
-3.05800
-4.31500
-4.95100
-6.00900
-4.58900
-1.74300
-3.39300
-4.49400
-3.96500
-3.66700
-2.18500
-3.63100
-2.80000
-0.78700
-3.54700
-3.69000
-2.52300
-1.76200
-3.12000
-2.66100
-4.00700
-2.65700
-1.28700
-3.68400
-3.46500
-1.07200
-3.13800
-3.71800
-0.50000
-3.26000
-3.55500
-2.38100
-1.76500
-1.88600
-2.82700
-2.77700
-0.51200
-2.21600
-1.97300
-4.60400
-4.64000
-5.05200
-2.65100
-1.78600
-4.52500
-2.10300
-5.46000
-2.43600
-6.09500
-1.61700
-2.58600
-2.47600
-3.45800
-1.96100
-2.62700
-2.30900
-1.65300
-2.12600
0.01600
-1.97100
-1.56800
-3.41100
-0.92700
-2.56400
-2.96500
-2.54900
-1.91100
-1.58000
-2.32600
-3.22800
-2.90400
-2.26700
-3.46500
-0.74900
-3.10900
-2.67700
-3.74800
-3.25600
-3.09800
-3.60300
-1.35300
-2.51600
-3.84100
-4.27300
-2.48000
-1.21400
-3.97300
-4.31200
-3.82000
0.07200
-2.09400
-4.08100
-4.40800
-3.74800
-1.42000
-4.17600
-3.57100
-3.42000
-1.78100
-3.34300
-5.15600
-4.20700
-4.98900
-1.46000
-3.80700
-3.03900
-4.65900
-1.39000
-4.22200
-2.54500
-3.66000
-2.96800
-1.53300
-1.06900
-2.47800
-2.29300
-2.42800
-3.40100
-0.53600
-1.14900
-2.39700
-2.65900
-0.36700
-2.89100
-2.73400
-2.21500
-2.37800
-1.96900
-2.59700
-4.39700
-5.60200
-2.79600
-3.87400
-4.17600
-5.18800
-3.67300
-4.22400
-1.70200
-4.96300
-5.35300
-5.43100
-5.61000
-6.18500
-2.42700
-4.55800
-4.97900
-5.37100
-5.99800
-5.98300
-4.09900
-4.18500
-2.88800
-4.23200
-3.73900
-4.29400
-3.96200
-3.65300
-2.96100
-4.05000
-2.25100
-3.70700
-2.55400
-0.39500
-2.04300
-2.21000
-2.14900
-2.28500
-2.04800
-3.51800
-0.91000
-1.08200
-0.65400
-2.81800
-1.25900
-0.40700
-1.64900
-0.69800
-3.25100
-2.98900
-2.46100
-1.30400
-2.24900
-2.09800
-0.89300
-1.54900
-2.11500
-1.56000
-1.92700
-0.91400
-2.10000
-2.46900
-1.88300
-1.61500
-2.65100
-0.25700
-2.72000
-1.75500
-2.81800
-2.14000
-3.43200
-5.99200
-5.44300
-5.13000
-6.18400
-6.97100
-5.03200
-3.53100
-5.74900
-2.60700
-1.68800
-3.28100
-2.85900
-3.72900
-3.56700
-3.17400
-0.84300
-1.09900
-1.44000
-2.60400
-2.25500
-1.14700
-0.26200
-3.98900
-4.09400
-1.59200
-2.59100
-0.58100
-3.57700
-0.53400
-2.38200
-4.02700
-3.42400
-1.53900
-2.03400
-3.13900
-2.38600
-3.86700
-4.11000
-3.04300
-1.51800
-2.74400
-2.95200
-2.66300
-2.70600
-2.63700
-2.06900
-3.25800
-2.86100
-3.95100
-3.57800
-2.34100
-3.75500
-3.71500
-3.42100
-3.03200
-3.61900
-3.85400
-2.65600
-1.46900
-2.56600
-4.47900
-3.17900
-1.40900
-2.29200
-3.89000
-3.83200
-3.90700
-1.48600
-0.48200
-4.47600
-5.43700
-5.06500
-6.32900
-5.81500
-4.74400
-5.82100
-5.91000
-3.63400
-4.65400
-3.74500
-1.62000
-1.51900
-2.50100
0.98720
-2.42500
-2.76100
-3.47100
-2.26700
-1.04400
-0.77600
-2.94500
-2.86400
-2.80600
-3.80400
0.69760
-3.96800
-3.44600
-3.66400
-2.10900
-3.06400
-3.97500
-3.19100
-3.53000
-4.42800
-3.61400
-1.61600
-5.06300
-5.76200
-3.49300
-3.44400
-2.53200
-3.31300
-3.69200
-3.46900
-0.97500
-3.25100
-3.00300
-3.51000
-2.84000
-1.51900
-0.72300
-1.94200
-1.49700
-2.49800
-2.51800
-2.05000
-1.98100
-0.08400
-1.73700
-0.47500
-0.67200
0.15600
-1.72600
-2.52100
-2.35800
-3.21400
-2.44500
-0.98300
-1.06800
-3.07700
-2.31700
-0.77800
-2.43200
-0.22400
-1.88800
-3.81800
-2.34900
-3.50200
-4.67800
-2.90100
-3.25400
-1.58600
-2.88400
-2.52600
-2.91600
-0.43100
0.16200
-3.53400
-2.67800
-3.39500
-4.47800
-5.58000
0.79710
-3.12900
-4.15900
-1.14900
-4.64000
-4.00200
-2.04000
0.69300
-3.65100
-2.87100
-3.64200
-1.02100
-4.04900
-4.35200
-3.87500
-3.20500
-4.37000
-2.93800
-0.88700
-4.00000
-3.56100
-4.02100
0.70480
-2.94600
-0.26900
-3.38700
-0.21800
