1.55590
1.08590
2.02080
0.73910
1.44610
1.17430
0.84720
1.60590
1.48470
0.59710
2.36120
2.57910
1.81660
1.45390
1.64690
2.26940
1.69820
1.51660
1.55960
2.62100
5.84320
7.28040
6.68290
2.69410
7.63340
8.06200
6.13460
4.17010
7.23180
3.62730
8.28430
8.37750
7.26760
8.08090
7.70200
6.23230
5.63590
3.29110
2.43930
6.30970
3.10150
3.88990
7.95440
9.30090
6.87380
8.49940
7.79680
8.02670
4.09810
8.47990
5.44850
8.58880
3.16600
3.49280
3.09590
4.97910
3.21850
4.89490
2.96250
6.16190
3.19130
4.88400
6.04680
7.40110
5.05080
8.00990
9.34110
6.01750
7.16880
7.61380
8.50390
6.16220
1.83030
3.14640
1.85930
1.69150
1.84390
2.55220
2.80050
1.95190
1.69210
1.61190
2.36410
2.79260
3.69400
2.64080
2.54590
2.85870
3.96230
2.37380
1.82680
2.40180
3.85770
3.61480
3.43520
1.16780
2.62190
7.72490
9.03120
7.73630
10.80610
8.46780
7.60410
6.80770
7.37210
7.68820
7.36350
1.47110
3.57360
1.54200
1.30620
2.57420
2.27130
3.14220
2.61140
1.88450
2.96630
2.65930
4.26310
2.36500
1.88920
1.99890
2.27640
3.35220
3.25950
3.77210
2.57620
3.22780
3.51330
8.37940
7.58610
3.48610
7.83590
7.40050
8.93220
6.80010
7.74930
6.63660
7.61910
1.96880
1.39480
2.11520
2.04960
1.46430
1.96700
1.87500
1.77600
2.69430
1.17920
1.58730
2.05190
2.30340
2.39810
2.74280
2.61210
2.75490
6.16390
6.19830
7.19760
9.98650
2.56440
7.92080
7.76250
1.59920
4.84710
8.20110
5.82600
5.92450
1.32770
1.60750
0.04280
1.63400
1.58910
1.17090
1.36780
0.99310
0.91310
0.36150
3.36180
3.78040
2.98740
2.17120
2.18610
3.24990
3.53730
3.04880
3.25480
2.93520
2.09620
1.48030
3.97860
3.00790
2.62470
1.60190
2.48880
2.63750
2.37160
2.24720
4.74050
6.25410
6.22860
6.46440
4.64610
6.94510
4.79290
6.57350
7.24590
5.86090
6.38530
4.11710
6.92200
5.78990
7.71780
7.61670
4.43650
6.38980
5.38100
5.19900
2.98690
5.18790
3.70500
5.69620
5.72340
3.76570
3.77440
5.99310
2.83200
2.06000
2.03220
1.95820
2.56850
2.23650
2.12300
2.62120
2.02700
4.52740
1.56160
2.42500
2.75640
2.05580
3.19210
2.64070
1.94770
2.01530
2.55720
2.11170
0.92710
1.65920
0.95610
2.01280
1.15150
1.02480
0.35200
1.84970
0.58000
0.91380
1.21090
1.59460
0.44920
0.72630
1.76720
1.13320
1.74980
2.26120
1.82490
2.71350
1.79590
2.12310
1.29890
1.40410
3.52240
1.42290
2.26250
2.67120
1.11360
2.23750
1.71700
1.54970
7.43790
6.94210
6.86110
6.71480
6.54220
6.65700
7.24200
6.73620
7.27210
6.00780
7.67410
6.84500
7.01460
6.86680
7.26130
6.11150
7.70940
6.58560
5.62530
5.96650
3.84000
7.15930
5.83940
5.85730
3.87050
8.75480
2.34750
2.70850
7.53730
4.98930
2.40500
2.69690
3.13880
1.80880
1.49150
1.50750
1.46720
2.30480
2.67780
1.71960
3.14400
3.04570
2.62420
2.40010
2.40230
2.73600
2.44480
2.67410
2.15810
3.74970
2.71870
1.71060
3.21720
3.80710
2.80340
2.50190
1.83710
2.74300
3.23600
3.21860
6.91380
7.98590
6.99810
6.80230
7.23570
6.69850
5.51570
6.31950
6.08340
5.21950
5.36210
6.55320
7.33120
4.78610
6.33570
8.60220
5.95570
2.75590
5.48560
5.99870
0.94970
2.35410
2.16420
2.47200
2.49850
2.41460
2.22570
3.25150
2.71640
3.22970
4.91270
2.15410
3.32630
3.40590
6.42180
3.78090
5.54830
2.70450
5.84380
4.51300
1.06450
2.19630
1.63860
2.94160
2.27900
1.87170
2.12930
2.12470
1.42110
1.73430
2.68600
8.78820
4.83720
10.03070
6.14740
7.92440
7.57310
7.48210
6.33860
9.04290
2.40270
3.25730
1.52470
1.14160
1.21300
1.68500
1.12590
4.04460
2.21720
2.94550
1.96550
2.14180
2.54950
1.67700
2.34650
2.32730
2.21330
3.45960
1.73490
1.83040
2.67500
5.74800
2.98380
4.35640
3.84240
6.20450
2.13890
3.31620
3.03400
3.16930
8.02350
6.18910
2.99870
5.17860
7.22590
6.16710
6.73250
7.69710
3.72440
5.53230
2.63430
2.96540
2.13260
3.18000
2.41700
2.56070
2.20600
2.92040
3.04640
2.77010
2.27570
3.56690
2.11160
2.88210
2.85580
3.34310
2.84300
3.14640
2.91590
3.02090
0.38830
8.10420
7.61330
10.57940
8.29280
5.94860
7.69490
7.26320
6.45870
6.20170
7.84680
7.97560
6.84410
6.15390
6.76470
7.69030
7.47190
8.14290
7.26600
4.70850
4.64830
2.59600
3.21290
6.64240
5.55090
3.13380
6.24730
4.03710
7.00750
5.53430
3.67630
3.00130
5.60730
3.84300
6.18800
1.54050
2.39310
4.49150
3.63150
8.43570
7.59460
8.63890
7.27660
8.67450
5.16920
6.36070
5.41150
5.87190
6.44210
2.60660
1.23820
3.28460
2.85830
2.15230
2.62490
4.75610
3.27080
2.71800
1.81690
2.62220
2.47300
3.66860
2.25090
3.01630
2.12050
2.53050
3.16470
4.25160
5.01060
2.79360
4.48340
7.43250
7.26430
7.60070
2.50700
5.69560
2.24820
4.67490
0.74530
0.38160
0.78070
1.44360
1.58620
0.83600
2.00160
1.39910
0.28340
1.08260
7.46560
6.93030
6.68900
6.45420
6.95650
7.41780
6.99120
7.66130
8.40550
7.69490
7.36790
7.01980
7.65860
7.84250
8.41890
8.55320
8.55710
7.88470
8.01220
8.37850
9.66340
4.71790
6.68320
2.10210
9.50490
7.29860
8.23680
6.89680
3.24000
6.85940
3.34500
2.91460
2.27160
2.64570
1.29180
3.15680
3.02840
2.75280
3.43150
1.76530
2.75290
1.63120
3.12070
1.95230
1.27680
1.83140
1.93390
2.39170
2.16700
1.47030
1.09600
1.13150
0.27420
1.54510
0.21820
1.01970
1.11970
1.95580
1.32700
1.10040
1.09280
1.90080
1.34240
2.05320
0.97250
0.97270
1.49020
1.41880
0.99050
1.01590
1.39630
1.90760
0.23290
1.05190
1.15120
1.81100
1.51420
0.63250
1.94710
1.37610
0.97890
1.09100
1.62930
2.01250
2.24020
1.22820
0.83020
2.11390
1.50250
1.87470
6.58900
7.37970
8.11520
7.85400
7.38200
10.03740
8.91810
7.99730
8.37990
7.86120
1.86930
2.00510
1.36910
0.74520
1.72630
0.88500
1.48700
1.52090
2.25010
1.94620
7.75390
7.64020
8.09210
9.14480
9.80040
6.59860
7.19640
6.92720
9.25580
5.90730
4.52610
3.37170
2.77450
8.18370
3.57170
3.39660
5.56360
2.50090
2.65090
2.71820
4.02530
2.52050
3.31060
2.84450
3.32900
2.29540
2.14510
2.73450
2.95380
3.10480
2.59950
3.29160
2.69310
3.86940
3.14570
2.45560
2.44570
3.50780
3.72910
2.76470
1.02930
1.42880
2.04050
1.24120
1.69770
0.94980
2.30810
1.97810
1.40420
1.50960
7.95150
8.79300
6.97730
8.19520
3.19700
5.48120
4.39640
7.66750
8.46270
6.30390
2.22440
2.64330
1.31840
1.92050
2.40510
3.10080
2.86580
3.17780
2.90860
2.01560
1.82840
3.11010
2.22350
2.33000
2.46940
2.04880
1.93330
2.22380
3.01540
1.66980
2.53890
2.71210
2.54330
2.34430
2.13930
1.81690
2.13180
2.09750
2.23010
3.39060
4.48290
3.81250
2.76410
2.99030
4.51650
3.13340
2.75810
2.57220
3.45300
4.46330
0.85170
2.90270
0.79270
1.63480
1.89900
3.02460
2.56090
1.34740
1.63700
1.66740
2.10900
1.16630
0.93710
0.98060
2.67870
2.12870
2.50200
1.82980
1.20410
1.16370
1.95160
2.47920
2.14500
2.83490
3.29350
2.92970
2.43860
1.79980
2.98740
1.32550
0.39620
2.01270
2.13810
2.35150
1.99380
2.14350
1.61450
2.30840
2.84200
2.30690
1.95460
2.15560
1.44610
2.21840
1.05360
0.91430
1.46590
1.34500
1.54250
1.42240
3.73110
3.54920
5.02680
3.59150
3.25810
2.99100
3.99270
4.35320
4.28930
2.11550
1.53250
1.84670
3.14030
2.24910
2.58220
3.17570
2.29540
2.70210
2.75700
0.07480
0.96630
3.07300
2.39050
1.15190
2.07100
1.63560
1.25930
1.85300
2.41590
1.96680
7.74320
4.38120
5.90380
4.50010
5.70020
0.86310
5.08280
8.61880
7.21930
8.47920
1.27840
2.28630
2.12060
3.79770
1.79200
1.19750
2.74080
2.48680
2.80960
1.33120
5.09060
6.17930
5.61380
8.11920
6.74300
6.25060
6.79000
6.49180
7.70870
7.10920
1.56070
2.49340
1.86880
1.73300
1.45910
2.19660
1.53510
2.83850
1.93160
3.72410
2.15180
2.19660
2.46970
3.21480
3.14300
2.21260
2.08390
2.85850
2.23100
3.42160
5.74630
5.80070
6.55600
6.97980
5.98400
5.94810
5.60950
5.82320
4.97900
5.01940
5.21680
3.69720
3.42990
5.20450
3.92220
4.21910
3.11930
2.95780
3.06420
3.69020
2.60080
7.25160
5.80610
1.62660
6.49580
4.99320
0.94760
8.21420
7.42930
6.38890
2.53080
2.03910
1.99820
1.66930
0.85060
1.85270
1.23090
1.79340
1.50470
0.81570
7.02460
8.05060
4.71820
5.17190
6.70860
9.09960
5.47300
4.39190
6.48600
7.57500
3.29460
3.10000
2.59300
2.00400
3.14770
1.79310
3.59610
3.86640
3.70140
2.90280
2.65240
3.09020
3.59300
2.95060
2.04890
2.13020
2.96980
2.87500
3.12840
1.85170
2.28340
2.10480
1.95160
3.50620
2.41450
1.49890
2.21680
1.96900
2.26910
2.15920
1.54920
1.60970
2.41260
1.68930
3.14650
3.10880
3.72530
2.96730
2.72350
3.04640
1.64930
2.11750
0.73300
2.01830
1.41590
2.67430
2.03210
0.73570
1.81450
2.27690
1.69190
1.48590
2.19280
1.93780
1.54520
0.82150
2.10500
1.40180
7.30460
6.36860
7.31080
8.17220
5.30500
6.58810
6.47420
7.72990
8.71250
9.19610
0.53240
0.90380
0.96960
1.30590
0.91030
0.47900
-0.25550
1.57620
0.00860
0.43280
6.96750
5.97530
8.01890
5.62600
5.76170
5.91210
7.04710
6.48620
6.95340
5.56220
1.65690
3.53740
3.13610
3.77730
4.78180
4.40310
3.32900
3.00200
3.30810
2.55070
1.96290
8.41420
8.29660
8.82060
7.49740
7.03680
7.50890
6.99550
7.91630
9.15290
7.90310
2.27240
1.45890
1.77040
2.10190
1.25000
2.21480
2.55220
1.67530
2.53730
1.77670
1.29210
3.07090
1.00670
1.21170
2.71280
0.84250
1.68300
1.11100
0.10390
1.58860
0.92220
0.28540
2.67670
1.29500
1.29110
1.32140
1.41200
1.74990
0.99640
1.32440
1.13410
1.54780
1.70790
2.96350
1.23940
2.16340
2.60760
2.66770
2.73580
1.82660
1.76370
1.73420
2.00120
1.50360
1.79240
1.64530
1.77120
1.32900
1.43980
1.71340
1.85150
2.11640
2.74560
3.48540
2.35430
3.17850
3.19820
3.45330
2.53740
2.74880
1.96270
3.77570
3.35640
5.34960
8.03540
4.19430
6.33510
8.48700
7.35700
6.37840
7.80990
5.72290
5.25690
5.04180
6.08440
5.13650
4.86290
5.53350
6.94450
5.06620
5.60570
6.47300
1.49020
1.26180
0.10660
1.33640
1.47630
1.22710
0.85470
1.24030
1.84230
1.14520
1.39060
1.19330
0.92750
1.94600
1.54150
1.88250
2.60520
2.15210
2.22770
2.16360
2.20000
3.83420
2.21180
3.51800
4.27050
3.98840
4.05030
3.27630
3.89950
3.26580
7.30550
6.25450
6.22650
6.90420
6.99940
7.86040
9.45500
7.81780
7.84190
8.02960
2.71230
1.28980
2.80830
3.35200
2.73820
3.06570
2.87530
1.27820
3.41980
3.24170
2.38930
2.27440
3.49640
4.41880
3.68800
2.77310
3.59810
3.37810
3.50940
4.55360
3.48970
3.57290
3.12700
2.51360
3.02330
3.11530
2.14820
1.98670
2.83400
3.21930
2.56590
2.14840
3.07740
3.35120
2.23740
2.23780
3.37920
2.00170
3.33390
2.69220
3.92300
3.14730
2.04380
2.31730
2.07930
3.24130
2.01820
3.51680
3.70620
2.91150
2.62620
3.17240
0.37000
3.52270
3.24280
2.03900
1.82470
1.81130
2.52960
2.60940
2.35250
2.29170
0.94930
0.50050
1.66030
0.89070
1.05660
1.47140
0.75790
2.11320
1.47800
0.54710
0.61390
1.65730
0.52550
1.37300
0.74860
1.53910
0.95770
0.76640
7.18360
7.77010
7.17340
7.78520
6.43300
6.78360
6.29290
7.37990
9.26230
6.77060
7.40680
7.99740
7.08580
7.50080
9.14320
7.91140
7.34480
6.19130
7.22330
7.14320
5.58790
7.48780
2.56960
5.81230
3.77920
4.42360
5.86770
5.37060
3.64120
7.17090
1.68550
1.32100
1.60360
0.93870
0.77300
1.05230
1.70770
1.07910
1.34470
0.39730
1.96370
2.38770
1.34820
2.55190
2.28700
2.15690
2.05050
2.08060
2.27060
2.96860
3.19900
2.36040
2.41020
2.69800
2.67020
2.92230
3.10290
2.90790
1.00810
0.37680
1.14330
0.94890
1.25430
1.14210
1.21720
1.33500
1.28100
1.23100
2.26130
2.77140
5.56010
6.65490
6.26280
5.67380
6.04260
6.27200
6.13260
6.21410
7.14980
9.39030
2.28150
1.97340
1.92800
2.04590
2.06820
2.25600
1.87630
1.73350
2.20030
2.36300
1.41640
1.74490
2.83480
2.07620
2.02980
1.10380
2.18770
2.54780
3.50050
2.12750
1.67480
2.18490
2.44570
1.33870
2.14270
2.20260
1.99480
1.12380
2.01030
2.16240
1.06120
1.32730
0.45080
0.63760
0.24650
0.71250
0.97530
0.98550
0.04350
0.69520
2.14180
2.96750
3.76670
4.20290
3.21230
2.29030
2.54220
3.20770
3.22680
3.84880
6.80290
4.58500
5.76310
2.25740
6.10180
7.65630
8.22580
6.63370
9.58460
9.33510
7.52950
6.17980
7.78950
8.89700
8.22210
8.52440
8.18230
8.03920
9.28790
6.37850
2.81010
1.96630
2.04820
2.01340
2.75670
2.84450
1.79380
3.07700
2.22940
2.99900
2.74800
3.12570
1.80540
1.52330
2.84780
2.73850
2.62250
3.44950
2.83890
3.74960
4.53780
8.86920
9.66220
7.80800
6.73440
7.78050
9.34730
8.99470
9.77610
7.23780
1.09300
1.21240
1.21180
1.13110
0.66100
1.07210
1.04450
2.10180
0.90470
1.47250
0.63690
1.45590
0.65990
1.17740
0.98140
1.23870
1.27010
1.66830
1.68500
1.31500
2.17700
2.78610
2.11080
1.38510
1.12590
2.83790
2.43820
1.24440
1.62390
2.46430
1.66300
2.76410
2.89550
1.60140
3.01750
2.11260
0.85990
1.42680
1.84420
2.71580
1.87310
2.47630
2.16730
3.38380
3.76880
4.15980
2.08780
3.50120
5.22510
3.10400
8.76880
6.47780
8.08750
7.67200
8.27510
4.61710
8.38380
3.81070
7.19930
6.17020
3.16880
3.19980
2.42230
2.08410
2.39720
3.00600
1.77350
2.33990
2.29250
3.40310
2.60530
2.65220
2.90880
2.53160
3.48900
4.03630
1.39960
3.07580
2.62210
3.36380
-1.36300
-2.21000
-3.09300
-3.58600
-3.16500
-4.08200
-1.62000
-1.79500
-3.06900
-3.01000
-2.74400
-0.41900
-1.91300
-2.26000
-1.95200
-0.19700
-0.72000
-1.50900
-2.59700
-2.29700
-3.54400
-2.19500
-4.46500
-1.24200
-2.02800
-1.37800
-3.52500
-3.45800
-3.83200
-3.32500
-1.63500
-2.89200
-1.53000
-4.53100
-1.51000
-4.20900
-3.38500
-2.02300
-3.21700
-4.89400
-3.10000
-1.44600
-0.35400
-1.92600
-4.40400
-3.41200
-0.89100
-3.11800
-2.35700
-3.48200
-4.10100
-2.64500
-2.97200
-0.65800
-1.39700
-4.22800
-1.06100
-2.23000
-0.93600
-2.36800
-1.33100
-1.25800
-0.44100
-0.75800
-3.02500
-3.86600
-4.31400
-3.46400
-2.55300
-1.24900
-3.49500
-5.02900
-0.30000
-2.02700
-2.80700
-2.55200
-1.61000
-1.05000
-0.49800
-0.70000
-2.81400
-2.61200
-0.95100
-1.37200
0.56500
-0.74300
-1.00600
-0.12000
0.74400
-1.74600
-2.29300
-1.32600
-0.75900
-1.63700
0.13900
-1.15500
-1.35500
-2.71700
-0.44600
-3.86100
-0.75100
-2.54800
-3.42500
-3.01600
-2.83000
-1.69700
-3.32100
-2.19200
-3.48900
-2.37700
-3.07500
-2.95200
-2.56000
-1.31000
-3.69200
-3.93700
-2.61600
-1.75300
-2.22800
-0.44000
-3.09500
0.03600
0.05000
-2.25400
-1.91700
-2.63100
-2.36900
-2.90800
-2.12500
-2.95100
-1.77900
-3.07700
-2.33000
-4.29200
-1.42500
-2.74400
-3.50300
-3.04200
-0.75600
-2.41900
-2.64600
-2.52100
-2.53100
-3.19700
-1.61300
-1.43800
-0.90600
-2.78700
-2.68800
-0.46900
-0.10600
-1.09100
-2.93500
-2.80900
-2.70100
-2.70100
-1.56600
-2.56700
-2.40300
-1.42400
-2.19100
-3.90800
-3.67200
-2.58800
-3.31800
-2.05800
-1.88900
-3.08000
-1.92600
0.14200
-3.19400
-2.45600
-2.00100
-2.27600
-2.16500
-2.59300
-2.84000
-2.66900
-0.08000
-2.88200
-2.08000
-2.77500
-2.77400
-2.44800
-4.16900
-2.76500
-2.44900
-2.64500
0.43000
-3.65000
-0.57400
-2.59700
-2.38800
0.61000
-2.81800
-2.51800
-2.81500
-0.04400
-6.01500
-5.20000
-7.47600
-2.53600
-4.56800
-4.90100
-4.54400
-2.85000
-1.41700
-0.40800
-1.60100
-3.54900
-3.13800
-3.89600
-2.45800
-2.75400
-1.65200
-4.30500
-1.65400
-3.59800
0.14300
-3.38600
-2.15700
-3.41900
-2.96600
-1.59900
-2.94600
-2.90700
-2.20700
-1.25400
-1.09600
-2.98900
-2.81800
-2.96800
-3.05300
0.33100
-2.53300
-2.37500
-0.19100
-0.18500
-1.38800
-2.41400
-1.52400
-1.98200
-2.11000
-0.87500
-2.72700
-1.17600
-2.17800
-0.71900
-1.50100
-1.40500
-1.11900
-1.71400
-1.63300
-1.43600
-1.79300
0.75000
-1.11100
-0.85100
-0.30000
-1.87700
-1.97700
-1.93100
-1.24100
-0.15500
0.21200
-1.50100
-1.80000
-0.46300
-1.61900
-2.11000
-0.64100
-1.08800
-0.21600
-1.61800
-1.49800
-1.36400
-1.61300
-1.36300
-5.46700
-3.94800
-4.81900
-4.21600
-5.32600
-5.74900
-3.98400
-5.97500
-1.57400
-5.08300
-2.38800
-0.22300
-1.39900
-2.96400
-1.88100
-3.55400
-2.21500
-2.30200
-3.02200
-3.65500
-2.49800
-4.19000
-3.41400
-2.16600
-1.53200
-2.89700
-3.70100
-1.19700
-1.80900
-3.94300
0.12400
-1.32200
0.12100
-3.34800
-3.03500
-1.25100
-2.33900
-2.51000
-2.19600
-2.90400
-0.65700
-2.67300
-1.82200
-3.35600
-3.38600
0.63850
-2.95500
-4.05700
-2.96200
-0.74300
-1.05600
-1.24700
-1.44800
-0.13400
-2.27100
-0.65400
0.24000
-1.44600
-1.91900
-1.70300
-3.04900
-1.86100
-4.81000
-2.21500
-3.86400
-3.17000
-4.47800
-5.83800
-4.44100
-4.49500
-2.40800
-3.08900
-0.09900
-2.80000
-2.55000
-0.50700
-0.76900
0.05700
-3.18200
-3.23300
-2.46200
-4.64500
-1.33300
-4.80300
-3.78700
-0.70700
-3.83700
-2.66400
-3.05200
-2.34900
-2.29900
-0.80100
-2.77900
-1.65600
-0.46900
-2.46100
-3.11100
-2.80100
-3.07700
-2.90000
-1.54600
-1.18900
-1.28500
-0.14700
-1.09100
-1.20700
-0.53700
-0.56600
-1.52100
-1.88400
-2.12100
-2.89200
-2.78600
-4.21900
-1.75700
-3.24500
-3.19000
-3.17100
-1.98000
-1.04600
-1.86200
-1.00200
-3.26400
-2.23100
-3.47500
-1.47800
-3.30600
-3.08900
0.43540
-1.82800
-1.39100
-1.19200
-1.89000
-1.65900
-2.17900
-0.67000
-1.03800
-2.26800
-2.43800
1.25400
-1.64300
-1.27800
-0.43000
-2.74600
-1.06600
-4.28200
-2.98400
-3.23100
-2.17800
-2.03600
-2.89700
-0.29600
-2.75400
-1.72300
-3.07100
-2.78000
-1.58200
0.29700
-3.41200
-2.23600
0.88070
-2.07900
-0.50900
-0.47100
-0.42400
-0.44700
0.34510
-2.52400
-2.27800
-0.35900
-2.87200
-2.75100
-2.61900
-3.25500
-3.76700
-3.39600
-4.14200
-4.84800
-3.45000
-0.71200
-2.39600
-4.54900
-5.40500
-2.02800
-4.55100
-5.17400
-2.45000
-7.31200
-6.25900
-3.51900
-3.79800
-1.43600
-4.15400
-4.37100
-3.17800
-2.03000
-3.83000
-1.85200
-5.59700
-2.53700
-1.25600
-0.72900
-3.04400
-1.75700
-0.10200
-3.45600
0.10700
-3.11700
-2.35700
-1.80300
-0.17400
0.20300
-2.04000
-2.84200
-2.40600
-0.60900
-2.96900
-1.89700
-1.99900
-0.61700
-5.43500
-3.12900
-3.91000
-3.26000
-2.80000
-4.04400
-3.96300
-3.49000
-5.09800
-0.21600
-2.48600
-3.33500
-1.39700
-3.63500
-1.24200
-3.01100
-3.14100
-2.36200
-0.70100
-1.43700
-1.18400
-2.41000
-0.74700
-1.50400
-1.99400
-2.21600
-0.26600
-3.54300
-0.95700
-2.14400
-3.03400
-0.40700
0.13700
-2.72800
-2.33300
-3.22000
-2.07200
-2.79000
-2.21600
-2.06500
-2.59000
-1.68500
-1.48600
-2.05100
-1.49600
-1.26700
-1.46000
-0.00400
-3.66000
-5.19200
-4.24200
-5.29200
-6.17600
-5.65600
-4.58600
-0.88100
-1.21800
-3.10300
-4.15300
-3.08800
-5.14400
-1.75800
-4.28600
-5.55400
-1.68800
-6.70000
-3.76300
-5.30600
-2.14300
-0.02000
-4.15400
0.32800
-3.11000
-1.22400
-1.73300
-2.25600
0.38400
-1.36000
-1.89500
-1.02700
0.59300
-0.42200
-1.59900
-0.30900
0.34600
-0.40300
-2.22400
-1.87100
0.97290
-1.35100
-1.19400
0.42500
-3.48600
-0.44300
-1.38700
-2.13400
-2.63200
-2.16100
-0.77000
-0.59100
-2.29700
-0.97400
-2.36300
-1.10000
-0.66100
-1.34800
-0.23100
-2.34000
-1.69000
-2.69400
-2.41400
-3.42300
-2.48000
-2.96500
-3.01500
-1.48000
-1.76700
-2.42600
-2.52500
0.00500
-3.67900
-1.98800
-2.17000
-2.03900
-2.83800
-1.50100
-1.76000
-2.72900
-2.42700
-1.33200
-2.30300
-1.05700
-1.91600
-0.21900
-2.96600
-0.71500
-2.48200
-1.41500
-4.91600
-5.18500
-5.20300
-7.27900
-2.59700
-0.95700
-4.38500
-6.14600
-5.61900
-5.87300
-1.65800
-2.97200
-0.72600
-2.96600
-2.60100
-2.58300
-2.20900
-0.61600
-3.79800
-2.18800
-3.02700
-4.33500
-2.78300
-2.25400
0.26300
-1.31700
-1.69000
-2.66800
-4.14600
-2.86300
-2.43800
0.15000
-1.98700
-2.32800
-2.36200
-2.27600
-2.54800
-2.83900
-2.73400
-3.87300
-1.72600
-1.90500
-1.49700
-0.20900
-2.90300
-0.94500
-2.14900
-0.86700
-1.29400
-1.76800
-2.71300
-2.58600
-1.90100
-3.82000
-2.54300
-3.27600
-1.91900
-1.43200
-3.12900
-3.89900
-2.63700
-1.85200
-3.10400
-1.27500
-1.59600
-0.49500
-1.92500
-2.11800
-2.62800
-2.48200
-2.62900
-3.02500
-3.52300
-2.16000
-3.67800
-1.79000
-0.90500
-3.14800
-1.42800
-0.88200
-0.88100
-1.42000
-1.68600
-2.22900
-0.28600
0.38400
0.73200
-0.10800
-1.55700
-0.81600
-0.59200
-0.29000
-1.43700
-0.77900
0.87800
-0.91300
-1.09600
-1.19300
-1.22700
-2.69200
-1.16500
-0.34500
-1.09200
-0.76200
-0.91000
-1.21900
-0.97900
-0.64100
-0.80800
-0.82100
-0.91600
-1.12400
-2.23300
-0.11200
-2.73400
-2.28600
-0.14000
-1.54300
-1.98600
-2.35100
-1.71300
0.97000
-1.94600
-0.88700
-1.41700
-0.41600
-1.40100
0.08200
-2.66000
-1.18100
-2.39100
-2.02100
-0.54000
-1.85900
-0.29800
-2.27200
-1.37000
-1.68000
-2.52000
-2.46300
0.45400
-3.39600
-0.74800
-0.86300
1.11390
-2.27400
0.07100
-1.41700
-2.34100
-2.08700
-1.45600
-0.95100
-2.43800
0.20400
-1.14700
-0.00200
0.67870
-1.10400
-1.65200
-1.94400
0.38150
-1.07300
-0.18100
-0.79700
-0.12300
-1.73400
0.09800
-0.59900
-0.97000
-1.10800
-2.60800
-2.90400
-0.69600
-1.39200
-1.07200
-1.66800
-3.11300
-3.39800
-2.09700
-1.61400
-1.78000
-1.00400
-1.60100
-2.10800
-0.89900
-1.63400
-0.63300
-0.76300
-0.50400
-1.76100
-1.96800
0.62000
-1.76900
-1.18100
-0.86000
-1.32900
-0.00400
-0.74200
-1.41000
-1.77400
-2.41200
-1.51300
-1.41800
-0.42700
-2.68900
-0.34200
-3.09900
-3.36100
-2.70400
-3.34900
-3.41400
-0.83700
-3.35700
-1.39000
-0.58700
-2.12900
0.36850
-2.36300
-1.00600
-1.93000
-4.07900
-5.95500
-4.89900
-3.97800
-5.29300
-4.43200
-3.19400
-0.19800
-3.19900
-5.06100
-0.41800
-0.96400
-2.15900
-1.43000
-1.26700
-1.58500
-0.71300
-1.28000
-0.83400
0.92900
-3.03400
-3.67400
-2.92700
-2.72100
-0.86000
-1.77600
-1.69700
-3.06800
-2.01600
-2.18200
-3.51900
-5.77400
-2.39600
-1.99300
-1.83500
-4.39000
-3.89100
-5.18800
-4.66100
-3.18700
-2.26700
-1.73600
-1.83400
-2.48600
-0.12400
-2.22400
-1.83900
-1.48000
-0.40800
-2.14800
-2.06300
-2.11700
-1.92200
-4.27300
-4.71700
-1.82100
-4.37300
-3.96300
-3.73700
-4.05600
-2.65300
-1.49400
-1.64700
-2.76900
-3.66300
-2.85700
-2.90800
-3.36400
-3.66700
-3.92900
-3.60100
-0.47000
-2.10000
-3.20800
-0.33000
-0.38600
-0.13400
-0.31900
-1.61300
-2.99300
-0.28200
-1.61400
-2.13000
-2.75300
-2.65600
-2.24400
-0.88600
-2.78500
-2.70700
-1.26800
-2.97800
-1.62000
-1.72400
-0.83600
-2.31300
-2.99400
-1.18300
-0.86300
-1.80500
-1.65200
-0.57500
-2.62000
-3.19400
-3.47700
-2.76000
-3.44100
-2.81200
-3.15700
-0.98900
0.18800
-1.88300
-3.80800
-3.04000
-0.69800
-4.07300
-3.91300
-2.85600
-3.93900
-0.46700
-0.43100
-1.26500
-1.39000
-1.76500
-2.80000
-0.93400
-1.54800
-1.44500
-3.47900
-2.47900
-2.93700
-1.83300
-2.20300
-1.49900
-1.05500
-2.33700
-2.12300
-2.40500
-0.23700
0.17700
-3.61100
-0.28100
-2.56100
-4.47100
-3.57600
-3.42400
-3.60700
-4.08900
-1.43600
-1.84600
-2.06600
-2.14100
0.12300
-1.62100
-3.06500
-3.40000
-2.78300
-2.64300
-2.21400
-3.55100
-5.13700
-1.32200
-3.43600
-4.52600
-4.27500
-5.31700
-5.21300
-3.62900
-5.81900
-2.78900
-1.55600
-2.10000
-2.87300
-1.14000
-3.52700
-3.58900
-2.51700
-2.56800
-2.84500
-1.70300
-4.99100
-4.38100
-1.20600
-3.89400
-3.42500
-5.39900
-3.95800
-3.15900
-3.11300
-3.33200
-2.28000
-1.18600
-1.92600
-2.11000
0.10700
-2.66600
-2.43500
-2.11000
-2.71800
-1.98600
-1.28000
-1.78300
-2.53400
-2.70700
-1.44700
-3.83400
-0.27700
-2.94900
-2.22100
-2.20500
-2.26800
-1.26800
-2.32800
-2.18500
-2.65900
-2.51100
-1.30000
-2.15200
-0.90600
-2.58100
-2.73800
-3.11300
-0.92800
-0.52200
-1.55400
-2.22500
-2.28400
-0.22300
0.14900
-1.27700
-1.88100
-2.33600
-1.72900
-0.44000
-0.20800
-2.68800
-2.52400
-3.43500
-1.58700
-2.72000
-1.94300
-2.63800
-3.00000
-2.49900
-2.86200
-3.06300
-2.13400
-2.38700
-2.23500
-3.39100
-3.12800
-3.25800
-2.50300
-3.32800
-3.52700
-1.58300
-2.10800
-3.90400
-3.30900
-3.92200
-1.58200
-2.20900
-2.72300
-2.81100
-3.47800
-4.09200
-5.32300
-3.83300
-0.30200
-2.89200
-4.15500
-2.64200
-3.58900
-1.93300
-3.34700
-2.21000
0.09100
-2.92200
-3.27300
-2.18400
-1.48500
-2.67600
-2.09400
-3.45300
-1.92600
-0.96900
-2.59800
-2.51900
0.08100
-2.82400
-3.39800
-0.31900
-2.85400
-2.93500
-1.89400
-1.42900
-1.23200
-2.52200
-2.31000
0.72300
-1.77800
-1.70200
-4.25800
-3.94800
-4.20700
-2.59100
-1.58700
-4.25100
-0.62000
-4.77700
-2.15300
-5.48600
-1.12000
-1.82400
-2.11800
-3.00600
-1.51800
-2.41100
-1.82000
-1.50100
-1.46900
0.70200
-0.92000
-1.32300
-3.50200
0.16500
-2.13800
-2.77600
-2.00000
-1.44300
-1.44100
-2.26100
-2.88600
-2.38300
-1.91800
-3.17000
-0.27300
-2.64100
-2.37100
-3.58100
-2.78000
-2.50200
-3.30700
-0.87200
-2.01000
-3.75500
-3.75800
-2.20200
-1.11300
-3.57400
-3.90300
-3.66200
-0.15500
-0.81900
-3.50700
-4.58300
-3.58200
-1.15400
-3.66800
-3.17800
-2.71700
-1.18500
-2.72600
-4.53900
-3.01900
-4.81400
-1.28900
-3.23200
-2.98400
-4.23300
-1.01000
-3.56700
-2.10800
-2.82600
-2.74100
-1.39000
-0.58300
-2.04200
-1.83500
-2.29600
-2.95000
-1.08100
-0.65800
-1.71300
-2.31900
-0.18700
-2.60300
-2.38900
-2.10500
-1.60000
-1.78500
-2.30200
-2.99300
-4.75400
-2.21400
-3.62800
-3.51200
-4.27200
-3.23400
-3.50600
-0.40500
-4.28400
-4.91700
-4.54400
-4.97800
-5.44200
-1.58800
-3.38100
-4.60200
-4.73100
-5.16100
-5.67400
-3.31500
-3.67100
-2.26700
-3.88400
-3.27900
-3.67100
-3.33700
-2.60900
-2.47800
-3.52700
-2.24000
-3.44100
-2.33400
-0.06500
-1.95400
-1.96800
-1.79500
-1.92800
-1.75200
-2.86600
-0.74300
-0.83600
-1.01600
-2.37000
-0.72100
-0.23400
-0.83000
-0.43200
-2.76900
-3.10000
-2.11700
-1.24800
-1.90300
-2.00200
-0.34200
-1.16400
-1.70700
-0.96900
-1.38900
-1.27200
-2.04400
-1.83500
-0.98500
-1.36800
-2.66700
-0.56300
-1.98500
-1.73000
-3.12500
-1.56500
-2.70600
-5.31000
-4.74000
-4.33500
-5.30100
-6.17700
-4.25900
-2.00300
-5.17300
-1.45400
-1.70900
-2.55000
-2.85000
-3.59600
-3.20000
-3.12700
-0.75900
-0.75300
-0.34600
-1.84800
-1.91500
-0.72700
0.08200
-3.40800
-3.92700
-1.22300
-2.39900
-0.61100
-3.44900
-0.21200
-1.81500
-3.82900
-3.38000
-1.43700
-0.84500
-3.08400
-1.90700
-3.54000
-3.62200
-2.86800
-0.94800
-2.73200
-2.49100
-1.80500
-2.52800
-2.14600
-1.52100
-3.16200
-2.38300
-3.93200
-2.74800
-2.46400
-2.74200
-2.88400
-2.83300
-2.44100
-3.28400
-3.45400
-2.14900
-1.39500
-1.43500
-3.77500
-2.39500
-1.20200
-1.17400
-3.27700
-2.86300
-3.52500
1.26600
-0.49400
-3.77600
-4.90500
-4.26600
-5.10700
-4.94500
-4.17200
-4.74300
-5.15100
-2.13500
-3.71400
-3.56500
-1.00200
-1.34200
-2.32100
0.98720
-1.83200
-2.14900
-3.31400
-1.98300
-0.80600
-0.60200
-2.97400
-2.77900
-2.56800
-3.14300
0.69760
-3.39100
-2.99700
-3.54800
-1.89400
-2.37300
-3.33300
-2.05000
-2.61600
-3.95700
-3.16800
-0.24900
-4.38800
-5.08700
-2.37900
-3.11800
-2.16700
-2.95100
-3.13800
-3.25200
-0.33300
-3.13300
-2.79800
-3.20500
-2.41600
-1.72900
-0.42500
-1.37500
-1.65000
-1.98000
-1.75600
-1.70600
-1.24400
0.11700
-1.30400
-0.02900
0.33300
-0.03700
-1.14800
-1.82800
-1.91500
-2.65300
-2.14700
-0.90900
-0.71200
-2.58200
-2.21000
-0.88000
-2.18700
-0.38700
-1.74700
-3.55200
-2.19200
-3.12500
-4.06100
-2.84800
-2.99000
-1.41200
-2.08300
-2.18000
-2.15300
0.64700
0.22700
-3.16900
-2.84100
-3.19500
-3.71600
-4.73000
0.79710
-1.02700
-3.26500
-0.54500
-3.69100
-2.96000
-1.49000
0.77900
-3.46800
-2.85000
-3.21100
-0.86100
-3.39600
-3.87000
-3.71000
-2.63300
-3.45800
-2.98800
-0.72500
-4.01000
-3.36200
-3.56400
0.70480
-1.49800
-0.36600
-3.41000
0.05100
