2.055 
2.549 
-1.523 
3.214 
2.706 
0.624 
-0.079 
1.470 
3.053 
0.944 
2.098 
0.747 
1.473 
1.870 
2.272 
1.988 
1.235 
2.474 
0.833 
4.537 
0.344 
-3.269 
1.643 
1.585 
1.865 
4.133 
0.611 
1.254 
1.124 
2.187 
2.270 
4.308 
1.450 
1.262 
3.021 
1.916 
1.910 
1.351 
1.219 
2.427 
0.059 
0.866 
2.657 
-1.499 
0.686 
1.445 
2.784 
2.920 
0.333 
1.726 
2.613 
2.213 
3.093 
1.826 
0.330 
1.573 
1.479 
3.533 
1.289 
3.242 
3.893 
1.782 
3.118 
1.157 
0.437 
1.131 
3.036 
3.021 
2.834 
-0.342 
0.497 
2.119 
-0.081 
1.424 
-0.121 
1.562 
0.520 
0.399 
0.825 
0.469 
1.884 
0.010 
0.231 
0.613 
1.346 
-0.428 
-0.220 
1.371 
-0.127 
0.717 
-1.738 
0.915 
2.429 
0.262 
0.065 
1.716 
2.952 
1.278 
2.704 
1.566 
0.520 
1.087 
3.428 
3.319 
4.794 
2.276 
2.046 
-1.364 
1.626 
-1.002 
0.616 
3.631 
2.312 
-0.485 
2.923 
0.736 
3.374 
0.862 
0.932 
1.759 
2.165 
-2.487 
2.233 
1.953 
3.475 
2.751 
3.209 
2.479 
4.619 
1.877 
1.279 
1.587 
1.858 
1.428 
0.280 
1.182 
1.936 
0.651 
1.033 
1.758 
1.635 
0.399 
0.136 
-1.003 
1.089 
-1.228 
0.510 
2.033 
0.600 
2.106 
-0.523 
1.507 
1.373 
3.705 
2.122 
1.837 
2.488 
1.253 
1.473 
-2.160 
2.823 
2.138 
1.694 
1.666 
2.030 
2.869 
3.176 
1.344 
0.869 
-1.674 
0.268 
-0.095 
-0.170 
0.392 
1.698 
-0.098 
1.305 
-1.603 
-1.238 
1.432 
0.393 
0.430 
-0.428 
-0.438 
-0.557 
1.580 
0.302 
1.761 
3.714 
1.321 
2.762 
2.670 
3.309 
0.521 
2.815 
2.387 
4.352 
2.209 
0.492 
0.605 
1.395 
1.231 
-0.272 
0.652 
1.348 
0.502 
0.102 
-0.961 
0.162 
0.640 
1.860 
-0.679 
4.149 
2.019 
0.955 
1.480 
-0.647 
0.946 
3.373 
1.335 
2.459 
2.359 
5.427 
3.423 
3.075 
2.157 
4.098 
1.624 
2.418 
0.974 
2.480 
1.687 
1.959 
1.535 
0.927 
2.668 
0.222 
2.245 
2.112 
3.029 
1.821 
1.617 
2.100 
3.953 
1.382 
2.628 
0.821 
2.483 
0.182 
-0.445 
0.175 
-0.350 
-0.139 
2.842 
2.947 
-2.128 
0.825 
2.878 
-1.187 
0.214 
1.059 
-0.195 
2.108 
0.443 
1.111 
-0.314 
-0.429 
1.437 
-1.810 
-0.076 
1.729 
-0.927 
2.777 
2.393 
1.998 
-1.333 
-0.282 
0.610 
0.185 
0.299 
0.851 
0.755 
3.395 
2.081 
2.955 
0.895 
0.940 
1.738 
2.314 
-0.692 
1.787 
3.135 
-0.101 
0.028 
2.383 
0.623 
-0.856 
-0.368 
1.063 
2.258 
0.868 
0.837 
1.725 
3.278 
0.147 
-2.190 
0.677 
0.826 
1.156 
0.957 
4.235 
1.644 
1.923 
1.132 
2.354 
1.991 
0.277 
1.490 
-0.681 
3.091 
1.029 
2.014 
2.460 
-1.012 
2.026 
2.905 
1.719 
1.864 
1.294 
-0.191 
1.295 
1.918 
1.615 
2.682 
-0.715 
2.233 
1.561 
0.514 
1.868 
-1.489 
2.294 
2.294 
1.499 
1.522 
-1.572 
0.639 
-0.028 
-0.859 
0.105 
2.541 
3.537 
2.008 
2.380 
3.506 
2.931 
2.226 
2.794 
2.841 
1.348 
1.569 
-2.985 
0.388 
3.289 
1.553 
2.091 
3.761 
3.483 
3.891 
2.544 
3.158 
4.012 
2.767 
1.454 
0.161 
3.970 
2.475 
3.872 
1.046 
1.715 
-0.633 
-0.078 
1.315 
1.873 
0.931 
0.096 
1.983 
0.651 
0.633 
1.583 
1.648 
2.192 
3.074 
1.844 
2.867 
2.510 
2.922 
1.096 
3.746 
2.828 
1.374 
-0.924 
0.141 
-0.586 
1.290 
-0.110 
1.756 
0.493 
1.407 
3.724 
2.200 
3.675 
1.124 
2.333 
3.557 
1.813 
3.334 
0.519 
-0.020 
1.359 
0.032 
3.131 
2.578 
1.010 
2.441 
-0.410 
3.501 
3.264 
0.747 
1.189 
2.014 
2.631 
1.518 
2.896 
2.656 
1.887 
0.031 
2.666 
1.213 
1.885 
0.111 
2.034 
1.494 
1.171 
-1.007 
-0.240 
1.309 
0.178 
2.199 
2.272 
2.578 
3.033 
2.250 
1.624 
2.396 
2.291 
1.725 
0.746 
2.482 
2.346 
0.741 
0.843 
1.549 
0.688 
0.498 
0.289 
0.696 
0.278 
0.713 
0.833 
2.159 
1.369 
0.364 
1.035 
0.764 
-0.717 
1.084 
2.515 
3.626 
0.697 
1.409 
3.348 
1.300 
3.117 
1.586 
1.160 
1.169 
3.819 
1.906 
0.150 
1.199 
2.967 
1.888 
2.216 
-0.222 
1.460 
1.801 
2.461 
1.586 
2.254 
1.410 
0.856 
1.309 
1.589 
1.778 
1.884 
2.051 
2.839 
-1.544 
-0.382 
0.934 
2.983 
0.539 
1.551 
2.881 
2.288 
0.406 
2.141 
2.476 
1.540 
2.711 
-2.672 
0.421 
1.984 
1.768 
1.581 
1.583 
-0.289 
3.933 
2.798 
2.543 
1.054 
3.726 
2.993 
2.686 
2.813 
2.305 
-0.294 
-0.323 
-0.954 
1.969 
3.835 
-0.197 
1.938 
2.796 
0.799 
0.704 
0.720 
2.177 
0.974 
0.681 
1.599 
2.112 
0.043 
0.813 
0.400 
1.827 
3.110 
2.583 
2.810 
2.210 
0.805 
2.106 
-0.582 
2.243 
0.360 
1.773 
2.709 
-0.957 
1.925 
0.731 
4.491 
1.818 
1.119 
1.154 
1.118 
0.626 
1.494 
1.299 
-0.613 
2.068 
1.116 
1.876 
1.587 
-1.069 
0.661 
1.480 
2.278 
2.114 
3.584 
1.256 
0.554 
-0.174 
1.192 
0.217 
2.472 
1.338 
2.128 
2.135 
-0.608 
0.160 
1.510 
0.778 
0.566 
0.960 
2.786 
0.264 
1.205 
1.304 
1.639 
0.897 
0.920 
2.265 
0.668 
2.858 
0.881 
2.786 
2.049 
-1.312 
0.827 
1.297 
0.723 
-0.391 
1.240 
-0.139 
2.101 
1.076 
0.652 
2.883 
1.713 
1.233 
1.626 
0.937 
0.123 
0.364 
1.088 
0.997 
2.003 
2.954 
1.928 
1.466 
2.401 
-2.125 
3.119 
2.286 
0.176 
0.953 
-2.190 
3.270 
-0.202 
1.578 
0.703 
0.008 
2.360 
-0.569 
0.221 
0.235 
2.608 
2.762 
3.459 
3.172 
1.226 
0.416 
2.239 
-1.074 
2.576 
1.561 
1.803 
1.735 
3.168 
3.392 
3.472 
2.049 
3.983 
1.641 
1.661 
2.173 
2.693 
0.398 
3.150 
5.982 
2.996 
3.195 
3.152 
2.608 
2.276 
2.410 
1.383 
1.950 
2.282 
0.608 
1.956 
-0.589 
1.291 
-1.272 
2.090 
1.369 
0.217 
-0.040 
1.160 
0.055 
1.421 
-1.767 
0.368 
1.005 
-0.269 
1.201 
2.100 
2.936 
1.956 
-2.262 
1.225 
1.882 
-3.026 
3.352 
0.602 
0.325 
0.952 
-0.827 
-1.947 
0.189 
0.779 
1.368 
0.099 
2.684 
0.040 
0.202 
0.803 
1.460 
0.030 
-0.560 
-0.155 
1.798 
1.776 
2.311 
2.608 
0.915 
2.148 
2.631 
1.011 
-0.044 
0.969 
-1.258 
1.094 
-0.241 
0.631 
2.077 
3.392 
2.794 
1.022 
1.789 
0.521 
1.378 
0.306 
0.907 
2.249 
3.520 
-2.126 
-0.016 
-1.425 
-0.156 
-0.515 
0.617 
2.116 
1.159 
-0.893 
1.851 
0.424 
-0.506 
0.881 
-1.326 
2.308 
0.388 
1.652 
0.507 
0.243 
-0.204 
0.894 
2.459 
1.537 
1.776 
0.597 
2.118 
2.260 
3.239 
0.903 
1.974 
-0.430 
1.539 
-1.331 
2.258 
0.283 
2.396 
1.313 
2.798 
2.554 
2.412 
1.270 
2.432 
1.269 
1.226 
0.932 
1.672 
0.543 
1.210 
1.481 
-0.629 
0.349 
1.537 
-1.937 
1.766 
0.975 
0.427 
0.745 
0.534 
1.404 
0.801 
-0.792 
3.223 
1.389 
0.229 
2.440 
1.420 
1.109 
1.118 
2.815 
0.262 
1.265 
0.661 
2.741 
1.291 
1.497 
2.617 
-1.156 
1.283 
1.206 
0.547 
4.879 
5.189 
3.427 
1.223 
2.760 
-1.772 
1.847 
1.209 
1.317 
2.053 
-0.540 
1.779 
0.860 
2.979 
-0.307 
1.105 
1.617 
2.855 
3.152 
0.724 
2.786 
3.738 
1.495 
2.365 
1.055 
1.282 
0.965 
-1.414 
2.603 
2.730 
-1.299 
1.207 
0.459 
-0.176 
-0.931 
0.341 
-0.344 
0.848 
-0.292 
1.639 
1.407 
1.701 
-0.588 
1.720 
-2.444 
0.944 
1.263 
0.226 
1.735 
1.344 
2.498 
1.934 
-1.225 
-1.968 
0.778 
0.085 
0.906 
0.366 
-1.117 
-0.524 
3.758 
-0.326 
3.597 
2.009 
1.749 
3.826 
0.993 
1.494 
1.342 
3.196 
2.758 
0.417 
0.608 
-0.018 
0.279 
-1.526 
0.126 
2.113 
1.302 
1.920 
0.587 
-1.172 
0.581 
1.327 
0.208 
0.610 
2.495 
0.344 
1.872 
-0.180 
1.279 
1.965 
1.241 
2.270 
0.609 
-1.074 
2.251 
1.518 
-0.636 
2.053 
0.576 
3.333 
1.779 
0.811 
1.657 
1.126 
2.387 
4.664 
3.446 
2.181 
0.625 
2.593 
1.644 
-1.618 
0.054 
-0.181 
1.771 
0.589 
0.527 
1.525 
-0.281 
2.442 
1.576 
2.255 
2.504 
2.218 
2.525 
0.967 
2.564 
1.403 
-0.946 
2.756 
1.378 
-1.032 
1.201 
2.730 
0.894 
2.869 
1.854 
2.600 
0.100 
1.586 
0.554 
0.515 
1.382 
1.479 
3.387 
-1.150 
0.698 
1.854 
-0.254 
1.511 
3.424 
1.892 
1.009 
-1.499 
2.196 
-0.945 
1.881 
0.980 
1.934 
2.404 
1.612 
3.047 
2.200 
2.770 
2.439 
-0.048 
-0.930 
-0.594 
1.027 
-1.834 
-0.460 
-2.095 
-0.122 
-0.752 
-0.588 
-1.293 
1.605 
1.677 
-1.432 
1.522 
1.527 
1.626 
1.075 
1.035 
0.320 
-1.653 
2.927 
3.197 
1.866 
1.857 
-1.255 
2.633 
2.559 
2.425 
3.483 
-0.247 
0.972 
2.537 
2.655 
0.238 
4.218 
1.060 
0.287 
0.625 
4.027 
2.231 
2.151 
2.324 
0.802 
0.359 
0.003 
0.865 
-0.102 
1.333 
0.892 
0.846 
1.766 
-0.277 
0.022 
-0.297 
0.947 
2.787 
-0.563 
-1.312 
0.889 
-2.377 
0.031 
2.668 
2.965 
-0.741 
1.014 
1.811 
1.023 
0.185 
0.303 
-1.733 
1.392 
0.378 
2.133 
0.526 
-1.468 
0.482 
-0.258 
0.314 
0.834 
1.646 
0.275 
0.285 
-0.940 
1.437 
1.883 
-0.486 
3.427 
3.374 
-0.102 
3.284 
2.184 
2.251 
3.785 
0.109 
0.579 
0.615 
1.215 
-1.977 
1.249 
-0.917 
0.538 
0.913 
0.772 
0.781 
2.022 
1.466 
-0.316 
0.714 
0.972 
3.123 
2.762 
1.700 
2.045 
1.647 
2.045 
1.660 
0.913 
1.073 
1.152 
-0.112 
-0.601 
1.257 
0.667 
0.849 
-1.202 
0.236 
-0.625 
-1.086 
0.812 
0.668 
-0.009 
0.865 
1.598 
0.444 
0.099 
2.207 
-0.136 
0.035 
3.272 
-1.773 
1.565 
2.339 
0.508 
1.482 
2.562 
-0.184 
3.162 
1.360 
1.194 
0.970 
-0.766 
1.132 
0.953 
1.308 
0.654 
-0.132 
2.374 
-0.229 
2.588 
-1.191 
3.253 
2.482 
1.668 
0.365 
0.197 
0.077 
-0.238 
2.031 
1.322 
1.460 
-0.463 
1.448 
-2.088 
0.112 
0.925 
2.479 
0.244 
1.458 
0.883 
2.474 
2.717 
2.613 
2.673 
0.939 
1.339 
1.675 
1.241 
0.245 
-1.338 
0.449 
-0.040 
0.263 
0.686 
2.287 
-1.636 
-0.674 
1.656 
1.097 
0.668 
2.276 
4.728 
1.507 
1.965 
3.057 
1.708 
0.622 
1.884 
1.614 
2.379 
2.355 
3.022 
0.335 
1.498 
3.300 
0.440 
0.228 
1.954 
0.712 
2.696 
1.454 
2.449 
0.830 
2.922 
1.979 
0.125 
-0.343 
0.143 
3.065 
-0.180 
1.219 
1.787 
0.411 
0.873 
2.097 
-0.431 
-1.144 
-1.911 
0.588 
-0.573 
0.943 
0.874 
0.694 
0.343 
1.230 
1.735 
-0.134 
1.517 
-0.709 
0.047 
2.582 
-0.205 
-1.829 
-0.438 
0.884 
-0.398 
-0.136 
-0.114 
-1.149 
-0.109 
0.588 
2.377 
0.808 
0.691 
0.872 
1.961 
0.695 
1.594 
1.766 
-0.063 
-0.230 
-3.013 
0.672 
2.327 
0.739 
0.921 
2.007 
-2.239 
-1.137 
1.585 
1.674 
1.005 
1.479 
-0.428 
0.943 
0.994 
-1.538 
3.583 
2.136 
1.226 
3.697 
1.986 
0.744 
1.182 
0.149 
0.751 
0.075 
2.439 
-0.673 
1.360 
2.491 
3.671 
-0.479 
-3.009 
-0.874 
1.772 
0.278 
-1.307 
0.556 
2.102 
-0.406 
0.438 
-0.360 
0.048 
-0.604 
2.226 
1.058 
0.827 
1.486 
0.301 
-1.226 
-1.576 
0.110 
-2.499 
-0.694 
0.624 
2.757 
0.951 
0.260 
1.724 
0.799 
0.460 
-2.618 
5.461 
0.161 
0.460 
2.869 
-0.092 
1.268 
1.131 
0.999 
1.291 
2.380 
-3.055 
0.637 
-0.289 
2.422 
1.428 
-1.375 
2.340 
0.776 
1.343 
1.021 
0.596 
-0.630 
-1.482 
0.318 
-1.333 
-1.189 
-1.290 
0.303 
1.173 
-0.047 
0.251 
1.079 
2.940 
4.425 
4.516 
3.435 
2.457 
0.085 
1.702 
2.500 
-1.182 
0.704 
0.644 
0.246 
-1.071 
-0.696 
1.100 
0.693 
1.043 
-1.321 
2.925 
3.160 
2.678 
0.961 
1.728 
1.361 
2.113 
1.097 
2.282 
-2.460 
0.599 
4.804 
3.482 
2.735 
2.645 
-3.840 
3.194 
2.238 
1.065 
2.459 
3.324 
3.097 
2.425 
1.134 
2.414 
2.637 
2.340 
1.787 
1.141 
2.984 
3.590 
2.747 
3.304 
1.720 
1.498 
2.649 
2.290 
0.708 
1.559 
3.243 
4.046 
0.254 
-0.140 
0.996 
-0.541 
-0.226 
-2.228 
-1.482 
1.532 
0.600 
-0.314 
0.069 
0.966 
0.734 
0.998 
0.318 
-0.242 
0.413 
0.738 
1.077 
0.696 
2.637 
0.801 
-1.116 
1.690 
0.026 
2.857 
1.920 
1.510 
1.642 
2.671 
0.903 
1.304 
-2.096 
-0.731 
2.478 
0.395 
-0.955 
2.339 
0.695 
0.617 
-0.180 
0.571 
2.178 
0.353 
0.565 
2.070 
0.167 
2.631 
1.409 
3.105 
2.467 
-2.093 
3.884 
-0.005 
-3.354 
1.686 
3.299 
0.783 
1.006 
0.739 
-1.834 
1.598 
1.283 
1.058 
0.382 
2.080 
0.630 
0.984 
1.066 
-0.180 
4.163 
2.645 
0.284 
1.020 
3.497 
1.094 
-0.058 
1.241 
3.277 
3.954 
-2.691 
-1.427 
-6.376 
-3.957 
-5.078 
-4.219 
-4.013 
-3.904 
-3.844 
-4.641 
-2.111 
-2.679 
-3.661 
-3.607 
-2.276 
-0.678 
-0.995 
-2.411 
-4.566 
-2.459 
-5.005 
-6.285 
-4.205 
-1.455 
-3.155 
0.681 
-4.030 
-5.374 
-3.136 
-5.933 
-2.204 
-2.957 
-5.250 
-4.842 
-3.361 
-4.200 
-3.445 
-3.287 
-5.509 
-5.714 
-6.537 
-2.946 
-0.731 
-6.067 
-5.069 
-4.680 
-2.501 
-2.289 
-5.285 
-4.983 
-7.115 
-3.333 
-3.566 
-3.350 
-3.528 
-5.466 
-3.805 
-3.134 
-3.908 
-2.300 
-3.250 
-2.376 
0.194 
-2.385 
-3.745 
-5.121 
-3.608 
-2.588 
-3.232 
-0.503 
-4.157 
-5.289 
-1.938 
-2.686 
-3.253 
-3.347 
-2.834 
-1.521 
-4.733 
-2.072 
-2.467 
-4.148 
-3.297 
-4.060 
-1.068 
-2.972 
-4.091 
-1.525 
-2.053 
-5.103 
-6.092 
-2.666 
-1.488 
-4.549 
-2.274 
0.862 
-0.565 
-5.607 
-1.228 
-5.400 
-3.347 
-4.538 
-5.675 
-3.333 
-3.944 
-4.179 
-4.373 
-2.761 
-4.730 
-4.825 
-2.768 
-2.956 
-2.794 
-3.486 
-4.471 
-6.627 
-3.058 
-3.228 
-5.434 
-2.400 
-3.538 
-6.155 
-0.342 
-4.593 
-3.514 
-4.161 
-3.107 
-3.872 
-2.223 
-2.953 
-2.214 
-3.694 
-4.302 
-4.584 
-3.239 
-4.198 
-4.361 
-5.046 
-1.264 
-3.737 
-3.103 
-3.070 
-4.443 
-4.845 
-2.754 
-4.355 
-3.649 
-3.618 
-5.091 
0.703 
-3.260 
-3.229 
-2.887 
-2.511 
-4.759 
-4.502 
-2.147 
-3.520 
-5.374 
-7.694 
-2.958 
-4.334 
-3.698 
-3.541 
-5.114 
-2.952 
-2.076 
-4.137 
-2.424 
-2.502 
-3.256 
-3.550 
-3.002 
-2.419 
-2.147 
-3.346 
-2.902 
-5.199 
-3.054 
-6.896 
-5.146 
-6.348 
-5.187 
-5.384 
-6.467 
-4.395 
-4.865 
-4.171 
1.599 
-4.265 
-2.763 
-3.833 
-2.108 
-2.924 
-5.409 
-1.989 
-3.166 
-0.662 
-2.974 
-4.055 
-4.837 
-4.000 
-3.086 
-4.639 
-3.646 
-6.273 
-4.129 
-3.980 
-5.856 
-5.630 
-4.502 
-6.040 
-2.391 
-3.109 
-5.415 
-5.435 
-3.893 
-6.687 
-2.629 
-3.205 
-4.335 
-2.717 
-3.452 
-4.317 
-5.072 
-3.651 
-3.575 
-2.212 
-0.762 
-4.293 
-1.918 
-4.492 
-2.790 
-1.529 
-4.249 
-3.597 
-4.578 
-0.751 
-2.955 
-2.238 
-3.133 
-3.921 
-2.769 
-1.045 
-3.341 
-0.695 
-3.843 
-0.143 
-2.142 
-4.411 
-2.483 
-2.942 
-2.824 
-1.555 
0.606 
-2.396 
-2.439 
-1.410 
-0.824 
-3.601 
-6.822 
-4.635 
-3.352 
-3.495 
-0.588 
-4.052 
-4.549 
-2.753 
-3.583 
-4.248 
-5.248 
-4.514 
-1.582 
-4.208 
-1.104 
-4.415 
-3.413 
-2.193 
-4.919 
-5.423 
-5.230 
-4.789 
-4.579 
-3.970 
-2.502 
-5.233 
-2.562 
-4.498 
-3.836 
-3.134 
-1.955 
-2.124 
-2.018 
-4.714 
-0.514 
-4.637 
-6.489 
-5.040 
-3.616 
-3.717 
-3.568 
-3.750 
-3.636 
-3.108 
-5.633 
-5.423 
-4.423 
-5.903 
-2.148 
-3.484 
-1.001 
-3.601 
-3.441 
-2.485 
-4.288 
-2.842 
-6.724 
-3.870 
-3.420 
-3.961 
-3.248 
-4.346 
-3.476 
-2.822 
-4.284 
-4.089 
-4.081 
-2.455 
-3.763 
-4.753 
-5.226 
-1.705 
-5.288 
-4.539 
-2.309 
-4.673 
-6.121 
-5.468 
-2.992 
-3.677 
-1.996 
-2.316 
-1.330 
-1.721 
-5.731 
-3.517 
-4.439 
-3.876 
-4.776 
-4.396 
-3.157 
-4.585 
-4.377 
-0.150 
-1.804 
-0.205 
-3.418 
-5.173 
-3.625 
-4.616 
-4.003 
-6.613 
-3.417 
-2.236 
-2.422 
-3.450 
-2.891 
-3.796 
-2.561 
0.144 
-2.331 
-4.309 
-1.784 
-5.114 
-4.183 
-4.869 
-2.339 
-5.696 
-0.722 
-3.267 
-2.671 
-3.509 
-3.071 
-3.481 
-1.857 
-2.413 
-3.448 
-2.038 
-4.869 
-3.924 
-6.062 
-5.542 
-3.982 
-5.106 
-5.632 
-4.253 
-1.445 
-0.872 
-3.533 
-3.430 
-5.880 
-4.368 
-6.041 
-2.142 
-3.835 
-4.279 
-2.196 
-3.002 
-1.659 
-0.803 
-1.444 
-2.163 
-2.447 
-0.837 
-4.460 
-3.768 
-3.631 
-0.158 
-4.949 
-2.975 
-2.247 
-4.469 
-0.111 
-3.944 
-5.042 
-3.183 
-3.831 
-6.344 
-3.575 
-1.602 
-3.747 
-4.366 
-4.814 
-5.068 
-1.922 
-1.967 
-6.439 
-2.511 
-1.785 
-4.595 
-1.642 
-1.661 
0.565 
-3.304 
-0.242 
-5.911 
-5.574 
-1.176 
-3.652 
-3.676 
-3.424 
-4.863 
-7.368 
-6.122 
-3.753 
-6.082 
-6.282 
-3.739 
-2.318 
-3.971 
-5.265 
-3.100 
-4.155 
-5.465 
-2.999 
-4.845 
-4.732 
-3.852 
-4.188 
-2.763 
-3.525 
-4.639 
-4.131 
-4.135 
-4.114 
-4.042 
-3.877 
-3.973 
-3.121 
-2.504 
-3.413 
-1.454 
-2.070 
-5.755 
-2.340 
-4.143 
-2.349 
-3.772 
-4.429 
-0.427 
-2.710 
-5.140 
-2.971 
-2.046 
-4.033 
-3.295 
-3.213 
-2.433 
-4.613 
-5.289 
-4.588 
-4.636 
-4.799 
-3.174 
-4.238 
-5.007 
-4.750 
-5.318 
-4.269 
-5.916 
-2.066 
-4.608 
-1.806 
-4.371 
-2.333 
-4.405 
-0.390 
-1.398 
-2.188 
-3.638 
-2.917 
-4.074 
-2.300 
-2.362 
-1.330 
-5.995 
-3.272 
-3.746 
-3.982 
-0.794 
-0.954 
-3.723 
-3.735 
-5.046 
-2.608 
-3.899 
-4.484 
-4.538 
-5.169 
-3.758 
-1.932 
-3.731 
-3.089 
-1.780 
-1.015 
-1.080 
-6.573 
-1.590 
-3.720 
-4.126 
-3.053 
-3.317 
-3.597 
-4.845 
-2.116 
-4.355 
-4.603 
-2.917 
-3.014 
-2.727 
-4.116 
-4.219 
-3.469 
-3.890 
-6.371 
-3.345 
-3.348 
-3.634 
-5.927 
-1.450 
-3.423 
-2.134 
-4.433 
-6.956 
-1.393 
-3.969 
-4.120 
-5.153 
-1.740 
-1.127 
-5.792 
-2.519 
-0.027 
-1.730 
-5.820 
-4.454 
0.268 
-1.576 
-3.785 
-0.334 
-3.648 
-1.879 
-4.541 
-3.912 
-2.599 
-3.387 
-0.524 
-1.830 
-3.315 
-3.031 
0.296 
0.403 
-1.349 
-2.443 
-0.099 
-2.381 
-3.238 
-2.784 
-1.739 
-3.822 
-3.193 
-2.529 
-2.921 
-1.488 
-1.588 
-1.676 
-2.756 
-1.908 
-2.127 
-2.225 
-3.398 
-3.809 
-2.630 
-2.111 
-1.282 
-1.932 
-3.636 
-2.316 
-3.363 
-3.276 
-5.706 
1.799 
-3.198 
-4.418 
-3.155 
-3.377 
-3.117 
-3.225 
-4.264 
-5.039 
-4.170 
-1.804 
-5.166 
-5.012 
-6.225 
-4.937 
-3.126 
-1.706 
-2.892 
-3.106 
-3.855 
-5.181 
-1.336 
-3.214 
-4.454 
-4.869 
-4.891 
-2.472 
-2.844 
-2.190 
-0.719 
-4.623 
-2.334 
-4.657 
-3.655 
-4.416 
-3.087 
-3.966 
-3.090 
-4.076 
-3.347 
-3.178 
-3.128 
-2.718 
-3.378 
-2.743 
-3.451 
-3.017 
-2.483 
-3.645 
-3.060 
0.435 
-4.656 
-2.563 
-0.367 
-2.587 
-3.427 
-4.179 
-2.242 
-4.349 
-3.694 
-4.258 
-2.260 
-4.950 
-3.167 
-4.604 
-4.226 
-3.787 
-2.684 
-2.414 
-3.485 
-3.307 
-3.723 
-2.775 
-3.525 
-2.854 
-3.056 
-3.316 
-4.087 
-3.211 
-4.120 
-3.459 
-4.529 
-3.565 
-1.905 
-1.738 
0.375 
-4.492 
-5.147 
-4.991 
-1.979 
0.151 
-4.189 
-1.810 
-3.556 
-2.150 
-3.566 
-2.421 
-2.979 
-3.058 
-2.033 
-4.085 
-1.817 
-3.792 
-2.241 
-2.638 
-3.152 
0.135 
0.085 
0.275 
-1.905 
-1.148 
-0.611 
-1.144 
-3.011 
-0.638 
-1.169 
-4.354 
-5.140 
-0.331 
-4.804 
-3.767 
-2.008 
-3.779 
-5.713 
-2.890 
-4.002 
-2.256 
-4.120 
-2.814 
-3.102 
-3.569 
-4.214 
-0.560 
-6.542 
-2.045 
-4.362 
-4.979 
-0.346 
-3.941 
0.038 
-4.853 
-3.482 
-2.990 
-4.435 
-4.241 
-0.214 
-4.963 
-2.289 
-4.021 
-0.850 
-4.393 
0.819 
-1.357 
-3.790 
-2.889 
-3.737 
-4.172 
-4.093 
-3.928 
-4.403 
-1.028 
0.249 
-3.341 
-4.563 
-5.487 
-2.198 
-1.631 
-1.882 
-2.538 
-0.466 
-2.888 
-2.431 
-1.994 
-2.571 
-2.583 
-4.104 
-4.808 
-5.497 
-2.113 
-2.083 
-4.134 
-4.728 
-6.092 
-4.704 
-5.067 
-4.585 
-0.669 
-5.572 
-4.512 
-2.953 
-5.952 
-0.128 
-3.698 
-0.134 
-4.479 
-2.975 
-2.320 
-1.071 
-2.441 
-2.696 
-2.294 
-1.786 
-3.276 
-4.352 
-2.717 
-1.822 
-1.615 
-2.960 
-2.583 
-4.719 
-1.005 
-4.967 
-5.300 
-2.409 
-5.058 
-5.269 
-2.529 
-4.778 
-3.231 
-2.744 
-4.137 
-1.595 
-2.452 
-2.019 
-4.360 
-5.168 
-4.763 
-3.995 
-4.522 
-4.212 
-3.326 
-4.505 
-4.018 
-5.354 
-5.074 
-1.755 
-1.848 
-4.187 
-3.221 
-4.891 
-0.300 
-2.443 
-5.642 
-3.535 
-3.246 
-4.553 
-3.277 
-4.825 
-2.857 
-5.361 
-2.556 
-2.342 
-4.472 
-2.652 
-3.346 
-3.137 
-5.162 
-5.226 
-4.657 
-3.993 
-5.525 
-3.934 
-5.987 
-5.746 
-7.214 
-2.778 
-5.373 
-2.452 
-2.652 
-2.793 
-3.983 
-4.228 
-2.382 
-1.706 
-3.082 
-1.955 
-3.489 
-3.580 
-4.643 
-5.614 
-2.528 
-4.607 
-4.028 
-4.261 
-4.621 
-3.996 
-3.905 
-3.327 
-2.857 
-3.430 
-5.125 
-2.897 
-4.838 
-3.222 
-4.928 
-4.557 
-2.564 
-3.556 
-4.422 
-0.944 
-3.269 
-0.594 
-0.886 
-4.906 
-3.954 
-5.953 
-0.894 
-4.704 
-4.747 
-4.119 
-4.112 
-3.092 
-6.225 
-3.564 
-0.996 
-4.359 
-2.766 
-1.539 
-4.535 
-3.711 
-3.562 
-4.815 
-3.598 
-3.306 
-3.798 
-5.487 
-2.387 
-2.600 
-3.136 
-3.733 
-2.390 
-2.598 
-2.707 
-0.118 
-0.706 
-3.887 
-3.497 
-5.522 
-3.791 
-5.520 
-2.534 
-3.384 
-4.693 
-1.729 
-0.008 
-6.289 
-3.140 
-3.274 
-3.970 
0.022 
-1.381 
-1.072 
-4.456 
-3.966 
-4.288 
-3.636 
-4.441 
-2.948 
-2.356 
-3.583 
-2.207 
-3.348 
-2.299 
-2.249 
-4.231 
-2.963 
-2.781 
-4.597 
-3.799 
-4.743 
-3.964 
-3.644 
-1.291 
-5.254 
-2.475 
-2.327 
-2.683 
-4.028 
-2.492 
-2.689 
-4.118 
-2.191 
-3.518 
-2.705 
-4.963 
-6.796 
-3.854 
-3.464 
-3.749 
-4.467 
-3.997 
-3.533 
-5.630 
-6.268 
-1.957 
-1.793 
-2.864 
-4.828 
-3.651 
-3.425 
-2.349 
-2.748 
-1.762 
-1.943 
-5.093 
-5.364 
-2.596 
-2.404 
-6.741 
-6.374 
-4.592 
-2.555 
-5.017 
-3.768 
-2.554 
-3.665 
-2.070 
-3.858 
-3.543 
-5.815 
-4.184 
-4.120 
-5.743 
-3.629 
-2.097 
-3.964 
-3.423 
-3.897 
-0.930 
-6.104 
-4.405 
-3.816 
-3.901 
-1.778 
-2.142 
-1.205 
-4.573 
-3.518 
-2.799 
-3.161 
-4.102 
-1.617 
0.036 
-1.675 
-1.883 
-3.140 
-6.461 
-5.066 
-4.604 
-4.789 
-4.486 
-2.578 
-0.364 
-4.171 
-4.014 
-5.034 
-2.540 
-1.255 
-3.974 
-1.943 
-2.765 
-4.705 
-0.812 
-2.514 
-2.632 
-3.421 
-4.006 
-4.068 
-3.870 
-3.793 
-4.544 
-3.610 
-3.902 
-3.125 
-2.316 
-4.582 
-4.513 
-4.936 
-5.537 
-2.982 
-6.020 
-4.983 
-3.767 
-4.382 
-3.781 
-4.120 
-2.850 
-5.768 
-6.728 
-5.290 
-6.029 
-5.410 
-4.257 
-4.279 
-3.163 
-4.663 
-2.333 
-3.154 
-3.106 
-1.912 
-1.529 
-1.766 
-2.730 
-1.917 
-2.462 
-2.210 
-2.798 
-3.191 
-1.921 
-3.149 
-5.275 
-1.778 
-3.404 
-2.940 
-2.356 
-2.483 
-5.341 
-5.020 
-5.631 
-0.786 
-5.638 
-5.724 
-6.076 
-3.719 
-4.837 
-4.276 
-4.062 
-3.043 
-5.415 
-2.154 
-3.747 
-2.475 
-1.045 
-3.623 
-3.422 
-4.925 
-4.120 
-3.179 
-4.964 
-4.758 
-1.387 
-3.334 
-2.896 
-2.260 
-5.149 
-1.912 
-2.978 
-1.892 
-2.138 
1.400 
-2.170 
-3.138 
-1.969 
-1.873 
-1.782 
-2.775 
-3.565 
-3.586 
-5.664 
-5.238 
-5.963 
-4.807 
-2.914 
-7.629 
-8.093 
-6.212 
-3.389 
-4.005 
-5.324 
-4.584 
-5.895 
-5.144 
-2.332 
-2.662 
-4.458 
-4.725 
-0.542 
-3.831 
-3.685 
-4.067 
-5.440 
-1.834 
-4.269 
-2.907 
-6.007 
-1.628 
-4.243 
-4.276 
-2.561 
-5.451 
-4.595 
-3.456 
-4.747 
-5.102 
-3.315 
-5.450 
-3.046 
-5.245 
-5.396 
-2.393 
0.424 
-4.776 
-1.270 
-2.626 
-3.463 
-2.410 
-1.004 
-1.267 
-3.593 
-0.296 
-2.689 
-3.378 
-2.321 
-3.980 
-1.858 
-1.372 
-6.543 
-4.874 
-4.518 
-5.486 
-5.737 
-4.270 
-4.944 
-5.371 
-4.380 
-3.425 
-3.790 
-5.191 
-4.538 
-5.298 
-5.439 
-6.009 
-6.760 
-5.931 
-4.059 
-5.735 
-6.476 
-4.240 
-5.663 
-5.271 
-6.746 
-4.282 
-3.937 
-5.201 
-5.097 
-3.612 
-3.587 
-3.197 
-3.459 
-2.816 
-2.607 
-1.527 
-1.883 
-2.645 
-2.048 
-3.976 
-2.972 
-2.806 
-0.533 
-2.298 
-2.018 
-2.026 
-0.337 
-1.027 
-6.000 
-4.532 
-7.309 
-5.050 
-3.936 
-4.820 
-4.296 
-5.612 
-5.408 
-2.761 
-1.254 
-0.937 
-5.765 
0.131 
-1.704 
-1.018 
-2.391 
0.110 
-4.271 
-4.570 
-5.991 
-7.111 
-4.445 
-1.408 
-2.994 
-3.481 
-4.131 
-3.230 
-5.694 
-5.155 
-3.407 
-3.153 
-4.339 
-4.625 
-2.360 
-3.845 
-3.202 
-3.327 
-2.844 
-1.959 
-2.567 
-2.108 
-2.257 
-1.091 
-0.615 
-4.705 
-4.100 
-1.581 
-4.166 
-0.924 
-4.432 
-4.537 
-3.433 
-4.510 
-4.772 
-1.784 
-7.017 
-1.963 
-3.500 
-3.389 
-5.089 
-2.436 
0.842 
-2.630 
-2.855 
-2.153 
-2.996 
-0.067 
-2.540 
-1.753 
-1.458 
-3.528 
-5.174 
-1.918 
-1.379 
-1.943 
-3.858 
-2.171 
-3.565 
-4.788 
-2.856 
-1.812 
-2.551 
-4.713 
-3.343 
-4.567 
-3.896 
-3.417 
-3.733 
-2.792 
-3.631 
-0.723 
-2.499 
-3.393 
-3.993 
-4.192 
-4.953 
-2.819 
-3.896 
-5.052 
-4.139 
-5.286 
-4.602 
-1.091 
-2.224 
-3.455 
-4.424 
-2.792 
-4.554 
-5.325 
-2.988 
-4.320 
-1.007 
-4.303 
-3.687 
-3.241 
-5.744 
-0.511 
-5.929 
-4.681 
-3.513 
-3.328 
-3.735 
-3.692 
-3.153 
-2.831 
-6.199 
-4.594 
-3.837 
-4.885 
-5.335 
-3.836 
-2.128 
-1.879 
-2.050 
-3.026 
-2.212 
-2.247 
-2.543 
-2.709 
-4.120 
-2.397 
-2.596 
-3.149 
-2.889 
-4.310 
-5.068 
-3.944 
-2.874 
-5.438 
-1.062 
-3.251 
-0.490 
-3.526 
-0.341 
-1.300 
-3.643 
-4.744 
-3.313 
-2.123 
-1.810 
0.177 
-3.462 
-3.202 
-5.108 
-5.258 
-0.566 
-3.590 
-4.989 
-2.715 
-4.706 
-5.008 
-6.237 
-5.281 
-2.514 
-5.512 
-3.604 
-3.550 
-3.059 
-0.650 
-5.595 
-3.119 
-3.919 
-6.609 
-3.670 
-0.259 
-4.472 
-5.859 
-0.440 
-5.253 
-5.679 
-2.315 
-2.659 
-3.634 
-3.639 
-4.645 
-3.468 
-5.005 
-5.456 
-5.059 
-4.221 
-6.450 
-1.671 
0.264 
-5.923 
-6.071 
-2.197 
1.350 
-4.971 
-2.510 
-3.836 
0.568 
