0.78972
0.79426
0.82002
0.76109
0.81738
0.80953
0.72696
0.81440
0.81077
0.80039
0.81647
0.78468
0.81398
0.82768
0.82705
0.78695
0.78917
0.81017
0.83055
0.81248
0.82147
0.77669
0.81138
0.80906
0.82149
0.83581
0.83287
0.83461
0.82903
0.82655
0.79800
0.80994
0.77494
0.82025
0.81548
0.79990
0.81094
0.79241
0.78932
0.81265
0.81297
0.80012
0.82072
0.78466
0.81103
0.81277
0.83366
0.82034
0.81944
0.82686
0.79463
0.82581
0.79995
0.81200
0.84628
0.83705
0.82830
0.82351
0.83593
0.83310
0.79717
0.84023
0.83325
0.80269
0.80932
0.80500
0.80757
0.81847
0.79913
0.79990
0.80653
0.79833
0.80967
0.78445
0.80482
0.79949
0.78749
0.73979
0.82097
0.77726
0.80436
0.81091
0.80973
0.80806
0.82347
0.82809
0.82055
0.82601
0.80317
0.81363
0.81297
0.79701
0.81915
0.82480
0.80880
0.78906
0.76085
0.81820
0.82730
0.80907
0.82849
0.81636
0.81727
0.80418
0.82751
0.82390
0.80393
0.81674
0.80723
0.79115
0.83322
0.81499
0.81641
0.79374
0.79939
0.81243
0.83151
0.81258
0.80851
0.75744
0.77242
0.81539
0.78670
0.77000
0.82584
0.82074
0.83492
0.82996
0.85297
0.82369
0.80436
0.80333
0.81688
0.80947
0.80420
0.81522
0.80356
0.80383
0.80625
0.81187
0.80292
0.80770
0.80877
0.82128
0.79936
0.75400
0.80594
0.81479
0.79922
0.78186
0.84345
0.81530
0.77370
0.81710
0.83478
0.79874
0.80178
0.80630
0.80592
0.79449
0.78617
0.79418
0.80756
0.79443
0.80307
0.80579
0.82729
0.80674
0.76931
0.78786
0.74036
0.77837
0.75088
0.80934
0.79764
0.78951
0.79350
0.72396
0.81829
0.81996
0.81999
0.80272
0.80846
0.79951
0.80064
0.80077
0.80772
0.81388
0.81834
0.80020
0.80126
0.73755
0.81735
0.82621
0.82291
0.79856
0.77605
0.80059
0.80283
0.76310
0.79313
0.81131
0.75502
0.78268
0.80498
0.81606
0.80324
0.83101
0.84548
0.78920
0.80168
0.81391
0.80352
0.81875
0.80320
0.81246
0.84297
0.80760
0.79776
0.81472
0.82604
0.83240
0.82443
0.80534
0.79940
0.82388
0.83677
0.83167
0.81952
0.77807
0.80288
0.79632
0.80119
0.80814
0.80130
0.79972
0.80753
0.82688
0.82537
0.83465
0.82265
0.80284
0.80518
0.83616
0.77193
0.80169
0.80684
0.80207
0.78428
0.81430
0.73576
0.75667
0.81834
0.77248
0.75233
0.71195
0.79079
0.83372
0.80041
0.78089
0.80867
0.80129
0.79022
0.79630
0.79539
0.80832
0.77950
0.80648
0.78756
0.80419
0.80984
0.80388
0.77478
0.81507
0.77561
0.82325
0.79768
0.79457
0.82711
0.81514
0.82643
0.84115
0.79314
0.82073
0.84244
0.81856
0.79671
0.81149
0.80092
0.78492
0.81036
0.82121
0.79062
0.82084
0.81108
0.79593
0.80757
0.80518
0.82185
0.81789
0.81674
0.80794
0.81232
0.84196
0.80519
0.82246
0.79123
0.82064
0.81699
0.83231
0.81681
0.81783
0.81950
0.77890
0.82304
0.76980
0.80604
0.80731
0.76649
0.76330
0.82820
0.81081
0.83712
0.72714
0.80455
0.81793
0.81740
0.81063
0.80005
0.80726
0.81945
0.78012
0.80154
0.78970
0.76668
0.79870
0.79791
0.78900
0.84541
0.79479
0.84431
0.83073
0.78605
0.82709
0.82509
0.83054
0.83473
0.80843
0.81898
0.82595
0.83088
0.81889
0.81996
0.82595
0.81709
0.86014
0.83614
0.82167
0.79946
0.80837
0.78513
0.76242
0.80396
0.80197
0.84237
0.78957
0.84205
0.83604
0.82518
0.82993
0.83968
0.83088
0.82584
0.82618
0.80411
0.83131
0.83033
0.82223
0.81645
0.78235
0.81779
0.82437
0.80899
0.79281
0.78574
0.82712
0.78096
0.83161
0.82434
0.82973
0.82752
0.82887
0.82794
0.79861
0.80753
0.79771
0.81269
0.82274
0.79295
0.75224
0.77885
0.79050
0.74532
0.74693
0.78661
0.82651
0.78627
0.79556
0.80802
0.84301
0.83221
0.81402
0.81193
0.81210
0.79920
0.81523
0.70947
0.78594
0.83796
0.81612
0.82457
0.81771
0.81149
0.81665
0.80277
0.80405
0.81991
0.79189
0.81408
0.82507
0.82705
0.82693
0.81476
0.81426
0.82935
0.81271
0.83397
0.83286
0.79240
0.80098
0.77833
0.79453
0.79282
0.79472
0.78143
0.81054
0.80804
0.78857
0.80009
0.79505
0.81678
0.81791
0.80158
0.81552
0.81863
0.79943
0.76721
0.83996
0.77937
0.81889
0.83407
0.82542
0.81146
0.80846
0.82339
0.81176
0.83447
0.81609
0.81104
0.80963
0.82004
0.83922
0.83318
0.79299
0.80318
0.80569
0.81980
0.81802
0.75708
0.81785
0.82230
0.76498
0.79671
0.79617
0.81010
0.79456
0.81953
0.78324
0.75535
0.80225
0.81218
0.78925
0.83372
0.74379
0.81261
0.81246
0.77762
0.82081
0.81229
0.81686
0.81703
0.83781
0.82652
0.81337
0.80933
0.78007
0.81013
0.82887
0.81890
0.81898
0.82019
0.82227
0.79732
0.79216
0.77887
0.78840
0.80894
0.80894
0.82114
0.78302
0.78822
0.80593
0.81091
0.79504
0.80061
0.72489
0.70600
0.82357
0.80397
0.83508
0.78478
0.84559
0.80460
0.79552
0.77389
0.80265
0.82457
0.79273
0.75265
0.78458
0.78087
0.80815
0.80427
0.84180
0.82289
0.72291
0.79910
0.81356
0.79918
0.82687
0.83727
0.80881
0.81473
0.83689
0.82142
0.82773
0.85227
0.83047
0.81607
0.81195
0.83213
0.82690
0.82126
0.80506
0.80167
0.81148
0.83860
0.79967
0.81505
0.83228
0.82110
0.81696
0.81687
0.83176
0.83131
0.78247
0.80234
0.84408
0.81966
0.72533
0.80979
0.79683
0.82296
0.78519
0.78846
0.77903
0.81917
0.85968
0.81433
0.81103
0.80979
0.81995
0.77943
0.76191
0.80625
0.75555
0.82035
0.78368
0.81041
0.74591
0.81028
0.76834
0.80241
0.82671
0.82928
0.79370
0.78817
0.74509
0.78966
0.79740
0.74235
0.80496
0.79801
0.76211
0.77500
0.72621
0.78963
0.77947
0.76734
0.75430
0.79626
0.83364
0.80557
0.80679
0.83002
0.78309
0.79276
0.76000
0.77936
0.79947
0.76504
0.74995
0.80659
0.82523
0.80341
0.79187
0.82395
0.82301
0.83203
0.82454
0.81968
0.81386
0.82846
0.82368
0.82332
0.81370
0.76527
0.81071
0.81440
0.81787
0.81529
0.80896
0.81160
0.78091
0.81511
0.80010
0.80809
0.80690
0.83117
0.81947
0.80476
0.78941
0.81024
0.81312
0.81993
0.81936
0.83301
0.82517
0.79842
0.82344
0.81305
0.84298
0.81750
0.81577
0.83061
0.82324
0.82171
0.80570
0.83553
0.84525
0.81997
0.81563
0.83720
0.81111
0.78896
0.82500
0.81290
0.81756
0.80718
0.79951
0.81492
0.81692
0.81418
0.82341
0.79873
0.80878
0.83526
0.80262
0.82745
0.76915
0.81927
0.76402
0.80114
0.80598
0.79324
0.75097
0.81445
0.80521
0.81184
0.80471
0.82304
0.81825
0.74181
0.80785
0.82370
0.81443
0.81603
0.81983
0.80917
0.80411
0.80971
0.81398
0.82167
0.78728
0.82340
0.80461
0.81212
0.80786
0.79538
0.81494
0.80392
0.81988
0.82835
0.83839
0.81105
0.81458
0.82371
0.78847
0.80429
0.80128
0.78084
0.76254
0.81571
0.78229
0.82816
0.80295
0.83687
0.82541
0.83453
0.83831
0.82661
0.81956
0.83008
0.83254
0.82957
0.82633
0.79288
0.83031
0.80054
0.81081
0.80993
0.80650
0.80790
0.81359
0.80596
0.84120
0.80621
0.79494
0.77971
0.78440
0.78518
0.79163
0.78069
0.74768
0.75972
0.79222
0.83202
0.84870
0.87869
0.83574
0.81513
0.84600
0.85135
0.79584
0.80889
0.79128
0.69670
0.78411
0.81307
0.75711
0.79904
0.81293
0.77333
0.82940
0.80469
0.85768
0.80774
0.73827
0.80333
0.79994
0.75073
0.76384
0.75844
0.82194
0.81511
0.77883
0.81837
0.80611
0.79267
0.80782
0.80121
0.80781
0.80419
0.79787
0.81055
0.81137
0.77770
0.81908
0.79957
0.80380
0.80936
0.81203
0.81621
0.79062
0.80832
0.80602
0.79848
0.81626
0.79861
0.81191
0.81386
0.79410
0.78741
0.80315
0.78638
0.77101
0.84224
0.84945
0.85798
0.84316
0.82208
0.82645
0.83700
0.81314
0.80774
0.82801
0.83757
0.82351
0.81524
0.83638
0.79664
0.82731
0.84856
0.83060
0.84671
0.80795
0.82097
0.79151
0.80744
0.80592
0.82267
0.82141
0.82834
0.81580
0.79696
0.81240
0.80196
0.78542
0.79374
0.79670
0.80252
0.79743
0.81336
0.80434
0.79174
0.81810
0.81795
0.80185
0.80164
0.80120
0.79195
0.79825
0.81931
0.79250
0.79575
0.81095
0.78332
0.79736
0.77336
0.75564
0.78256
0.78437
0.73156
0.77693
0.78988
0.75531
0.81593
0.82875
0.82749
0.83628
0.83307
0.81255
0.80503
0.83294
0.83356
0.80722
0.80368
0.81178
0.82580
0.83082
0.81173
0.78356
0.81698
0.83245
0.82997
0.81138
0.82281
0.80168
0.75373
0.83105
0.76946
0.75602
0.76260
0.73978
0.75913
0.76973
0.81549
0.81362
0.82230
0.80826
0.81768
0.81271
0.83235
0.82054
0.80625
0.80186
0.79078
0.81930
0.81017
0.81557
0.79667
0.79400
0.78060
0.81244
0.81979
0.82755
0.80418
0.79681
0.81448
0.80518
0.79726
0.79142
0.78786
0.80482
0.82668
0.80918
0.84885
0.78275
0.80909
0.80478
0.82253
0.82203
0.80612
0.78954
0.80650
0.79086
0.80625
0.81140
0.81896
0.74030
0.82530
0.79922
0.81292
0.81055
0.79852
0.79868
0.79102
0.77936
0.74537
0.81391
0.79162
0.77740
0.81801
0.76987
0.82298
0.83502
0.76719
0.82679
0.81799
0.77179
0.75151
0.74890
0.80763
0.76176
0.80511
0.79820
0.80456
0.80727
0.81276
0.80447
0.80667
0.81725
0.80521
0.78157
0.82874
0.79994
0.76275
0.73083
0.79286
0.81947
0.78600
0.82562
0.77456
0.80999
0.81117
0.76905
0.80717
0.80067
0.82055
0.81543
0.80709
0.78444
0.81963
0.80007
0.80591
0.81202
0.80252
0.79825
0.81925
0.79660
0.81200
0.80114
0.80872
0.80798
0.81095
0.80808
0.81759
0.78756
0.80528
0.82462
0.82124
0.81744
0.79578
0.82095
0.81977
0.75008
0.79688
0.79399
0.79489
0.75013
0.74511
0.81299
0.79708
0.80063
0.79049
0.81662
0.78729
0.80902
0.80048
0.82288
0.80360
0.76399
0.78220
0.78534
0.79029
0.79840
0.78094
0.80618
0.82537
0.80342
0.83364
0.82940
0.83311
0.84286
0.79912
0.79239
0.82063
0.82023
0.81485
0.83239
0.82844
0.81776
0.80504
0.79599
0.80770
0.82865
0.81109
0.78593
0.75498
0.78589
0.74746
0.75142
0.77085
0.74612
0.82040
0.82958
0.79285
0.79955
0.79932
0.80174
0.81087
0.81638
0.82008
0.79995
0.80600
0.80501
0.80113
0.81436
0.80590
0.79798
0.79566
0.80309
0.80845
0.81226
0.79076
0.83143
0.79080
0.78238
0.81702
0.76813
0.76255
0.78026
0.79792
0.76992
0.77046
0.75232
0.78809
0.81604
0.80974
0.81840
0.82190
0.77526
0.79155
0.80034
0.81607
0.81162
0.83192
0.79714
0.76932
0.72797
0.75223
0.74875
0.79794
0.77727
0.80087
0.80191
0.79424
0.80992
0.81435
0.80387
0.80426
0.81374
0.82690
0.82189
0.84887
0.79921
0.81788
0.81451
0.81559
0.80924
0.84085
0.81577
0.82457
0.85887
0.83901
0.84008
0.81380
0.80444
0.79820
0.78197
0.81186
0.80073
0.80077
0.81214
0.77591
0.81435
0.83851
0.81709
0.77977
0.77900
0.80241
0.80660
0.81293
0.79985
0.81348
0.80163
0.81226
0.80340
0.81578
0.81429
0.81781
0.82538
0.81339
0.81767
0.80954
0.80360
0.82507
0.81266
0.79723
0.74942
0.78804
0.80050
0.78594
0.80944
0.80946
0.76021
0.80338
0.81930
0.81605
0.80926
0.77287
0.77129
0.80608
0.78857
0.78975
0.80808
0.81263
0.78764
0.79303
0.79517
0.78573
0.85916
0.80235
0.76823
0.81271
0.73940
0.79549
0.75848
0.81833
0.79337
0.77896
0.81180
0.77178
0.80462
0.80747
0.75462
0.81312
0.74783
0.79865
0.79484
0.79571
0.80727
0.81803
0.75281
0.79482
0.78643
0.79754
0.78696
0.80383
0.83804
0.80804
0.80509
0.79999
0.81919
0.83110
0.80727
0.80348
0.80337
0.80508
0.82594
0.79546
0.78719
0.82434
0.82021
0.79499
0.79941
0.81907
0.80849
0.81365
0.83037
0.82229
0.79973
0.78206
0.81963
0.78290
0.82524
0.81841
0.82045
0.79232
0.83486
0.69513
0.82374
0.81307
0.79224
0.79652
0.79573
0.79001
0.83236
0.81686
0.75169
0.82393
0.79547
0.81693
0.79252
0.80931
0.82951
0.82073
0.76920
0.78341
0.81169
0.77873
0.82949
0.80773
0.79081
0.77796
0.76795
0.59325
0.73667
0.73687
0.73137
0.78927
0.70161
0.77213
0.74787
0.78726
0.81007
0.78292
0.79066
0.80556
0.82923
0.77647
0.81145
0.81172
0.80295
0.81432
0.79981
0.84154
0.83287
0.81754
0.81964
0.79509
0.80125
0.79044
0.80889
0.82005
0.84192
0.79544
0.75321
0.79323
0.76457
0.80090
0.82075
0.80470
0.78081
0.78618
0.80395
0.75255
0.81690
0.80037
0.81341
0.77076
0.85206
0.76252
0.80973
0.76355
0.79778
0.76710
0.80960
0.80572
0.81723
0.75597
0.79430
0.81486
0.78109
0.80781
0.79425
0.82869
0.80576
0.80655
0.80703
0.80680
0.81783
0.81640
0.78757
0.81587
0.77434
0.79345
0.80139
0.79393
0.79571
0.80803
0.80648
0.78858
0.82578
0.83204
0.81300
0.83167
0.83310
0.79885
0.80918
0.82255
0.80755
0.81998
0.82360
0.80509
0.82498
0.81839
0.84610
0.83433
0.82597
0.83484
0.82059
0.82589
0.82230
0.80477
0.83978
0.81179
0.81562
0.82047
0.81701
0.76976
0.83011
0.81856
0.85238
0.79635
0.79999
0.76797
0.83194
0.81711
0.82176
0.81603
0.82197
0.81839
0.80513
0.81193
0.80436
0.80056
0.78766
0.81157
0.82357
0.82189
0.81827
0.76163
0.82355
0.81404
0.83024
0.81648
0.83516
0.77659
0.79196
0.84021
0.75380
0.80481
0.81255
0.83138
0.84439
0.72215
0.82275
0.82871
0.77057
0.77920
0.79667
0.83262
0.79104
0.76935
0.79887
0.80767
0.80601
0.79949
0.80646
0.80387
0.77808
0.81165
0.71616
0.78051
0.75208
0.80409
0.83918
0.80086
0.84650
0.79678
0.81457
0.81625
0.83885
0.77424
0.83727
0.78881
0.81834
0.79277
0.80433
0.82744
0.79193
0.83756
0.80129
0.82084
0.80894
0.79694
0.79169
0.80134
0.83470
0.81326
0.79080
0.78887
0.82638
0.74843
0.81811
0.79731
0.82247
0.78831
0.82758
0.79465
0.80796
0.79477
0.68666
0.80727
0.76161
0.77325
0.26600
0.62631
0.59586
0.51994
0.46642
0.64636
0.67679
0.27881
0.70192
0.38573
0.50818
0.25588
0.41898
0.55689
0.72859
0.21986
0.25039
0.37488
0.56618
0.25766
0.27377
0.25431
0.24647
0.24023
0.25250
0.25114
0.22897
0.26713
0.25338
0.28534
0.24745
0.25862
0.25320
0.24597
0.24299
0.23734
0.26399
0.29057
0.26822
0.22385
0.31310
0.27465
0.26071
0.27695
0.23863
0.22953
0.26882
0.23726
0.30647
0.22288
0.23976
0.25138
0.29982
0.71293
0.69322
0.23328
0.49925
0.24939
0.63009
0.20984
0.32896
0.38319
0.27206
0.25820
0.36522
0.27504
0.24782
0.25865
0.22871
0.60574
0.23614
0.23677
0.26171
0.45131
0.51661
0.43520
0.50956
0.23347
0.59495
0.24001
0.58700
0.56911
0.57902
0.51171
0.30030
0.26422
0.49407
0.26142
0.70666
0.58859
0.54212
0.79568
0.23498
0.27190
0.48648
0.68729
0.70332
0.72362
0.24165
0.23127
0.29584
0.22594
0.24625
0.23531
0.26208
0.26026
0.24188
0.47479
0.51599
0.53714
0.72846
0.62823
0.41922
0.66759
0.43657
0.58423
0.40926
0.26389
0.29022
0.64776
0.44471
0.54318
0.24391
0.27899
0.46198
0.64966
0.71966
0.31782
0.57374
0.23177
0.23765
0.27395
0.26938
0.20892
0.24529
0.23251
0.26070
0.21935
0.26442
0.48506
0.36950
0.21706
0.27435
0.30823
0.28723
0.62347
0.29851
0.56309
0.74901
0.27869
0.53886
0.32132
0.62063
0.46010
0.50202
0.57526
0.27975
0.24346
0.21708
0.28282
0.33218
0.21017
0.24218
0.41447
0.29646
0.24153
0.26509
0.27885
0.43584
0.65719
0.27866
0.31380
0.72318
0.42058
0.40670
0.46465
0.22080
0.29503
0.45283
0.30555
0.42160
0.29253
0.27665
0.25347
0.26942
0.27432
0.25902
0.33953
0.24530
0.58437
0.26074
0.32461
0.44752
0.51278
0.37251
0.30528
0.48240
0.25283
0.23353
0.21211
0.20301
0.30538
0.25246
0.21367
0.23445
0.24521
0.25905
0.27545
0.28689
0.31485
0.35429
0.22638
0.22562
0.26134
0.26928
0.25150
0.25471
0.24440
0.62151
0.22253
0.71428
0.21164
0.25113
0.40646
0.22627
0.25753
0.48351
0.63670
0.39533
0.37226
0.39306
0.58198
0.58387
0.26403
0.31358
0.55172
0.31168
0.34661
0.54415
0.45701
0.52594
0.56965
0.62944
0.23945
0.33475
0.24407
0.63272
0.29142
0.57791
0.32254
0.26798
0.64262
0.56588
0.26441
0.69836
0.66486
0.63839
0.64185
0.62671
0.61480
0.61781
0.57263
0.49923
0.24675
0.26481
0.34664
0.66567
0.28739
0.36866
0.65098
0.70129
0.27639
0.34668
0.38440
0.24333
0.55132
0.62746
0.52292
0.25250
0.27559
0.38937
0.25541
0.22086
0.29688
0.24525
0.27553
0.27395
0.27048
0.23797
0.25103
0.21644
0.19811
0.23210
0.22269
0.28348
0.25539
0.22661
0.22940
0.21014
0.24765
0.24096
0.24657
0.25401
0.26918
0.29655
0.28805
0.26661
0.25521
0.28508
0.56445
0.27270
0.58649
0.58758
0.25228
0.50052
0.62382
0.55751
0.67706
0.24476
0.33639
0.56768
0.47350
0.48346
0.28001
0.52166
0.46197
0.64475
0.28158
0.41520
0.60145
0.29453
0.25836
0.33003
0.33409
0.23217
0.31946
0.33365
0.27648
0.49102
0.26105
0.30254
0.26056
0.27298
0.27209
0.23065
0.24151
0.22908
0.21605
0.23019
0.24647
0.30163
0.27081
0.25023
0.22029
0.24210
0.21458
0.22001
0.24966
0.63906
0.48079
0.74102
0.37727
0.53533
0.26460
0.55810
0.61957
0.63227
0.29385
0.22443
0.25613
0.56798
0.71933
0.30649
0.68703
0.24557
0.31255
0.22423
0.24505
0.69092
0.68355
0.51646
0.62764
0.57084
0.27484
0.64355
0.41349
0.55927
0.56848
0.54603
0.21030
0.27092
0.23627
0.26870
0.25303
0.24228
0.25896
0.26559
0.24685
0.27425
0.35075
0.33116
0.40139
0.68368
0.24299
0.47192
0.74328
0.30686
0.56834
0.52573
0.24945
0.52773
0.51732
0.42188
0.26926
0.57869
0.60730
0.50801
0.37495
0.43946
0.26429
0.60021
0.22526
0.27587
0.23878
0.24288
0.40462
0.35426
0.30953
0.26451
0.26102
0.33223
0.28239
0.23793
0.23495
0.26532
0.29581
0.25490
0.25393
0.27276
0.39312
0.65619
0.24863
0.66318
0.67276
0.53455
0.39916
0.28569
0.24273
0.64786
0.37337
0.57224
0.59302
0.33892
0.61983
0.59236
0.50444
0.57263
0.56980
0.44451
0.30429
0.26421
0.34413
0.24274
0.39739
0.26088
0.21037
0.22300
0.24855
0.25487
0.22412
0.21401
0.21475
0.29431
0.24785
0.27010
0.22808
0.33533
0.31828
0.22669
0.24451
0.26749
0.24324
0.24221
0.24457
0.29864
0.24035
0.36158
0.25444
0.26889
0.25690
0.23291
0.19176
0.24597
0.22083
0.22596
0.32195
0.22050
0.24666
0.27805
0.23699
0.24554
0.28315
0.24684
0.22589
0.37391
0.25966
0.23705
0.54435
0.34816
0.47374
0.59256
0.54281
0.26215
0.46704
0.55296
0.57848
0.23988
0.25751
0.28098
0.63558
0.61112
0.36819
0.59496
0.50308
0.27626
0.58258
0.22641
0.28510
0.24461
0.25640
0.27641
0.26870
0.38588
0.24634
0.43135
0.21987
0.56755
0.56545
0.27532
0.36843
0.56154
0.40952
0.77152
0.51871
0.74897
0.77552
0.27948
0.23252
0.24371
0.20497
0.21720
0.33300
0.22281
0.26587
0.27119
0.24724
0.23190
0.27388
0.27387
0.24666
0.24894
0.27263
0.22230
0.30839
0.24923
0.27302
0.27602
0.29807
0.27138
0.25323
0.25210
0.28345
0.28317
0.23161
0.26958
0.23915
0.24427
0.61781
0.29780
0.24088
0.57930
0.25421
0.30830
0.62066
0.46040
0.24205
0.23751
0.26631
0.55822
0.25302
0.28065
0.27805
0.52180
0.48714
0.51212
0.38871
0.23492
0.22769
0.21917
0.70925
0.61771
0.66109
0.24223
0.51132
0.24213
0.66548
0.68699
0.65347
0.53286
0.59260
0.33297
0.42063
0.62263
0.23943
0.30270
0.49930
0.31255
0.76950
0.59889
0.69885
0.45613
0.32318
0.29191
0.42690
0.50285
0.63457
0.23033
0.63359
0.56154
0.43425
0.25936
0.59456
0.24212
0.53993
0.35132
0.59794
0.24980
0.32163
0.24896
0.26609
0.23250
0.26104
0.25362
0.25491
0.27500
0.23584
0.68015
0.63326
0.24539
0.65417
0.48551
0.56868
0.37679
0.29419
0.33020
0.25464
0.23323
0.23883
0.23023
0.29959
0.27367
0.26698
0.34149
0.23150
0.24627
0.25199
0.37263
0.59409
0.53246
0.22651
0.57478
0.61246
0.28054
0.47292
0.50445
0.53919
0.53195
0.23121
0.46990
0.62942
0.44789
0.25617
0.46846
0.41179
0.28174
0.43907
0.28407
0.48659
0.38010
0.40184
0.50808
0.31355
0.25712
0.66514
0.38910
0.50636
0.21688
0.25962
0.36771
0.29721
0.57223
0.22277
0.31654
0.27915
0.60985
0.36424
0.27482
0.25055
0.21566
0.21370
0.36275
0.22674
0.28949
0.23826
0.26919
0.25049
0.58132
0.54479
0.35916
0.56306
0.26302
0.25392
0.60337
0.55476
0.67659
0.64257
0.38604
0.27535
0.37238
0.70220
0.26754
0.66613
0.58539
0.59706
0.65560
0.58337
0.50316
0.49931
0.48206
0.43252
0.54522
0.52593
0.50686
0.30930
0.23164
0.63123
0.25566
0.30971
0.76044
0.23410
0.31222
0.46232
0.63804
0.46750
0.32791
0.32458
0.60261
0.47656
0.60130
0.24514
0.68232
0.24345
0.59880
0.29568
0.26751
0.55141
0.43447
0.53530
0.24093
0.23584
0.26404
0.67579
0.44658
0.52771
0.50579
0.41354
0.25903
0.55654
0.70780
0.46966
0.35411
0.57043
0.25157
0.54173
0.39502
0.34853
0.52368
0.41753
0.50995
0.70724
0.43342
0.24035
0.25583
0.45338
0.75108
0.62004
0.19663
0.60806
0.24719
0.66305
0.37973
0.66705
0.25616
0.69154
0.35707
0.47799
0.51074
0.41784
0.67948
0.24696
0.66252
0.65951
0.49748
0.48122
0.48879
0.23762
0.24889
0.25211
0.41227
0.48777
0.57261
0.53152
0.25938
0.66557
0.51075
0.22156
0.34580
0.33699
0.39398
0.27546
0.38712
0.65938
0.70279
0.52294
0.36206
0.48669
0.27590
0.23455
0.25951
0.27781
0.23756
0.26912
0.22356
0.23418
0.29487
0.26882
0.31550
0.60475
0.27239
0.52807
0.26656
0.47794
0.29195
0.43624
0.35313
0.38042
0.23204
0.35904
0.25495
0.35226
0.26172
0.26212
0.21304
0.27362
0.27067
0.23723
0.75761
0.67576
0.51234
0.27408
0.56866
0.71989
0.25232
0.72391
0.28410
0.76619
0.22708
0.40796
0.57324
0.62438
0.67318
0.33191
0.26888
0.63140
0.55947
0.55677
0.28477
0.31351
0.25019
0.26674
0.25065
0.29037
0.24374
0.29088
0.28099
0.26073
0.22490
0.29721
0.25119
0.27170
0.30147
0.45060
0.39990
0.54573
0.65734
0.49066
0.46764
0.22305
0.22290
0.26957
0.24834
0.34294
0.28140
0.23223
0.23307
0.26736
0.35287
0.26740
0.27337
0.23552
0.23752
0.28875
0.25776
0.26361
0.26096
0.26186
0.21273
0.26422
0.27767
0.24764
0.23198
0.26104
0.25518
0.23124
0.23809
0.21186
0.44672
0.28873
0.26598
0.27244
0.24895
0.28963
0.23183
0.25078
0.25675
0.26167
0.35864
0.36036
0.33688
0.35122
0.25486
0.24900
0.37610
0.55979
0.26751
0.35992
0.45439
0.39426
0.41620
0.54525
0.33815
0.40407
0.61254
0.66814
0.40537
0.21174
0.29341
0.69059
0.52538
0.61238
0.57830
0.49662
0.65624
0.66178
0.28920
0.30061
0.45724
0.32096
0.45116
0.46322
0.79579
0.66159
0.47657
0.47771
0.58363
0.32937
0.24498
0.21601
0.30309
0.35762
0.30171
0.43469
0.27285
0.50563
0.23774
0.22898
0.21957
0.21400
0.25649
0.24722
0.23943
0.21926
0.23709
0.27618
0.22379
0.55889
0.66014
0.71099
0.75052
0.47867
0.65427
0.43702
0.54692
0.51772
0.27155
0.25452
0.25232
0.27222
0.21512
0.23619
0.22832
0.22026
0.20587
0.21372
0.26546
0.24931
0.59347
0.54702
0.72198
0.65182
0.34427
0.40897
0.27365
0.53325
0.65843
0.25431
0.25252
0.27152
0.23435
0.27637
0.27250
0.24522
0.25622
0.28004
0.25499
0.26246
0.41729
0.25929
0.42278
0.59804
0.27905
0.39309
0.57487
0.41376
0.51855
0.63974
0.57426
0.47397
0.31088
0.59613
0.52003
0.60659
0.29811
0.33213
0.63895
0.38208
0.27240
0.29811
0.22316
0.51257
0.55951
0.31047
0.59766
0.66267
0.54628
0.35843
0.45834
0.70313
0.64557
0.53490
0.67457
0.35323
0.21881
0.25496
0.46938
0.63708
0.33799
0.26679
0.68085
0.30215
0.75675
0.59160
0.52315
0.52761
0.52316
0.65368
0.65938
0.45535
0.52848
0.27575
0.52793
0.25168
0.50818
0.50203
0.45303
0.29227
0.26507
0.39356
0.28117
0.29092
0.31331
0.28456
0.21757
0.23593
0.26309
0.25825
0.26252
0.25901
0.32376
0.27669
0.22428
0.27345
0.25641
0.32251
0.32113
0.23410
0.36015
0.27730
0.50988
0.23323
0.47706
0.49035
0.48650
0.24555
0.42250
0.63407
0.69805
0.56722
0.45692
0.38252
0.23311
0.47659
0.55561
0.29630
0.49114
0.44026
0.27043
0.28181
0.31517
0.32489
0.24814
0.27970
0.27313
0.30583
0.42724
0.31299
0.41443
0.25208
0.29138
0.28779
0.24579
0.26633
0.26032
0.26906
0.30631
0.26475
0.27481
0.30450
0.45745
0.30756
0.24572
0.26096
0.31991
0.36721
0.41752
0.37259
0.63479
0.28606
0.25921
0.40108
0.59906
0.25818
0.27750
0.48452
0.36488
0.26972
0.40303
0.24399
0.25739
0.25425
0.24521
0.32804
0.25057
0.37910
0.28171
0.31826
0.27471
0.48921
0.59927
0.26230
0.56583
0.56900
0.32877
0.24437
0.58832
0.59414
0.64971
0.25722
0.64757
0.57076
0.64990
0.64101
0.27253
0.43635
0.52941
0.33944
0.27347
0.44644
0.61611
0.61006
0.52730
0.49525
0.58277
0.70755
0.74023
0.27765
0.38918
0.60616
0.61550
0.39532
0.24717
0.66427
0.59892
0.30294
0.58684
0.46292
0.59577
0.25051
0.52477
0.63108
0.69341
0.41204
0.25773
0.23350
0.26318
0.24127
0.61573
0.27295
0.26750
0.27579
0.24578
0.25403
0.29333
0.23100
0.26883
0.27059
0.41323
0.25882
0.24229
0.25482
0.64548
0.22922
0.24270
0.27148
0.24180
0.28160
0.31242
0.27029
0.25230
0.31939
0.25983
0.24039
0.24800
0.26584
0.27722
0.28876
0.26776
0.27284
0.22725
0.46536
0.51274
0.43302
0.26632
0.45754
0.35486
0.51082
0.27952
0.34430
0.33575
0.63178
0.29999
0.32544
0.23474
0.57636
0.25132
0.33440
0.28698
0.41816
0.42135
0.45073
0.28624
0.26315
0.21057
0.28651
0.27470
0.54110
0.68270
0.64726
0.64923
0.59246
0.70754
0.67562
0.56118
0.70514
0.46431
0.39745
0.60400
0.40048
0.28287
0.22798
0.26709
0.28154
0.26412
0.26508
0.26173
0.24111
0.23429
0.64559
0.35382
0.29752
0.58088
0.47550
0.39938
0.32312
0.25890
0.70343
0.57580
0.23712
0.39446
0.29276
0.40935
0.49380
0.26216
0.29305
0.25323
0.55201
0.26604
0.40876
0.60202
0.48150
0.25213
0.50322
0.46219
0.31139
0.64117
0.40086
0.55662
0.70357
0.24951
0.24412
0.66285
0.25651
0.44407
0.38349
0.47101
0.42860
0.62986
0.70763
0.24145
0.24238
0.52073
0.29286
0.40380
0.65370
0.55551
0.50619
0.27930
0.26170
0.25619
0.25733
0.25270
0.24124
0.28437
0.24047
0.22865
0.36213
0.24602
0.24967
0.26403
0.26177
0.25398
0.36627
0.25026
0.25642
0.22338
0.24524
0.25632
0.56425
0.23389
0.25395
0.65965
0.26678
0.28426
0.59267
0.42029
0.62587
0.49129
0.23950
0.48091
0.39056
0.31046
0.29477
0.34729
0.41749
0.31776
0.46772
0.62905
0.28120
0.23614
0.28639
0.20660
0.23197
0.29810
0.24961
0.23766
0.25953
0.22558
0.39259
0.27710
0.48963
0.23917
0.26907
0.56128
0.35123
0.40301
0.23719
0.44676
0.51255
0.66932
0.64065
0.61019
0.52457
0.60395
0.56973
0.53002
0.26866
0.48744
0.70217
0.61587
0.51867
0.36404
0.26382
0.33439
0.69345
0.35772
0.27378
0.52063
0.43428
0.50527
0.54749
0.31466
0.25725
0.27404
0.54015
0.45204
0.43879
0.46453
0.55107
0.68629
0.66843
0.64303
0.27762
0.55203
0.57689
0.26406
0.65649
0.32553
0.28332
0.26252
0.27182
0.48860
0.30547
0.26563
0.24564
0.27798
0.27613
0.23382
0.52649
0.35931
0.38886
0.67062
0.26015
0.37657
0.49643
0.39697
0.30713
0.51701
0.59626
0.24661
0.40233
0.40304
0.29027
0.71289
0.58456
0.27654
0.41430
0.26170
