1.55590
1.08590
2.02085
0.73905
1.44609
1.17430
0.84724
1.60588
1.48472
0.59708
2.36125
2.57908
1.81663
1.45385
1.64694
2.26939
1.69817
1.51661
1.55964
2.62103
5.84316
7.28043
6.68292
2.69411
7.63340
8.06202
6.13457
4.17006
7.23182
3.62732
8.28427
8.37752
7.26764
8.08086
7.70201
6.23234
5.63593
3.29105
2.43928
6.30972
3.10147
3.88988
7.95439
9.30087
6.87378
8.49939
7.79679
8.02671
4.09809
8.47987
5.44846
8.58883
3.16602
3.49279
3.09592
4.97913
3.21854
4.89491
2.96247
6.16188
3.19134
4.88401
6.04685
7.40111
5.05083
8.00987
9.34105
6.01752
7.16883
7.61383
8.50389
6.16220
1.83025
3.14638
1.85929
1.69147
1.84389
2.55218
2.80053
1.95188
1.69208
1.61193
2.36414
2.79257
3.69404
2.64077
2.54588
2.85869
3.96226
2.37376
1.82684
2.40180
3.85774
3.61477
3.43524
1.16784
2.62195
7.72489
9.03119
7.73631
10.80612
8.46781
7.60412
6.80766
7.37214
7.68815
7.36349
1.47113
3.57356
1.54200
1.30620
2.57424
2.27128
3.14216
2.61142
1.88447
2.96635
2.65925
4.26308
2.36499
1.88921
1.99888
2.27637
3.35224
3.25953
3.77212
2.57623
3.22777
3.51332
8.37944
7.58606
3.48609
7.83587
7.40046
8.93223
6.80013
7.74931
6.63657
7.61913
1.96875
1.39477
2.11517
2.04958
1.46428
1.96700
1.87498
1.77600
2.69433
1.17919
1.58728
2.05193
2.30336
2.39811
2.74281
2.61211
2.75489
6.16395
6.19825
7.19758
9.98655
2.56441
7.92085
7.76248
1.59922
4.84713
8.20108
5.82599
5.92445
1.32771
1.60753
0.04284
1.63400
1.58910
1.17089
1.36782
0.99306
0.91312
0.36154
3.36180
3.78042
2.98744
2.17120
2.18612
3.24989
3.53726
3.04881
3.25479
2.93525
2.09623
1.48028
3.97863
3.00793
2.62473
1.60190
2.48882
2.63749
2.37161
2.24720
4.74048
6.25406
6.22856
6.46435
4.64611
6.94505
4.79288
6.57349
7.24595
5.86087
6.38530
4.11709
6.92196
5.78986
7.71776
7.61670
4.43647
6.38984
5.38098
5.19900
2.98689
5.18786
3.70496
5.69622
5.72341
3.76568
3.77438
5.99312
2.83201
2.06003
2.03222
1.95821
2.56850
2.23653
2.12298
2.62121
2.02701
4.52740
1.56157
2.42503
2.75638
2.05578
3.19215
2.64072
1.94769
2.01534
2.55722
2.11169
0.92709
1.65918
0.95609
2.01275
1.15146
1.02481
0.35196
1.84966
0.57998
0.91376
1.21093
1.59457
0.44923
0.72634
1.76721
1.13322
1.74978
2.26124
1.82490
2.71346
1.79587
2.12308
1.29893
1.40413
3.52239
1.42292
2.26250
2.67118
1.11363
2.23754
1.71701
1.54970
7.43794
6.94212
6.86113
6.71479
6.54223
6.65703
7.24204
6.73622
7.27212
6.00783
7.67405
6.84498
7.01458
6.86682
7.26131
6.11150
7.70939
6.58558
5.62526
5.96654
3.83995
7.15934
5.83938
5.85735
3.87054
8.75478
2.34751
2.70847
7.53733
4.98929
2.40501
2.69690
3.13883
1.80882
1.49150
1.50755
1.46721
2.30483
2.67784
1.71962
3.14401
3.04573
2.62418
2.40008
2.40232
2.73596
2.44484
2.67413
2.15814
3.74970
2.71871
1.71060
3.21715
3.80710
2.80344
2.50190
1.83711
2.74303
3.23599
3.21860
6.91382
7.98595
6.99814
6.80230
7.23571
6.69852
5.51569
6.31951
6.08337
5.21955
5.36206
6.55318
7.33122
4.78614
6.33572
8.60217
5.95571
2.75595
5.48565
5.99870
0.94970
2.35412
2.16423
2.47200
2.49850
2.41463
2.22569
3.25151
2.71639
3.22972
4.91275
2.15409
3.32634
3.40589
6.42182
3.78093
5.54829
2.70448
5.84382
4.51305
1.06453
2.19632
1.63864
2.94158
2.27900
1.87174
2.12932
2.12473
1.42110
1.73426
2.68599
8.78817
4.83717
10.03067
6.14739
7.92444
7.57305
7.48208
6.33864
9.04292
2.40272
3.25730
1.52474
1.14155
1.21301
1.68505
1.12588
4.04459
2.21725
2.94550
1.96550
2.14177
2.54954
1.67704
2.34648
2.32725
2.21332
3.45958
1.73492
1.83041
2.67495
5.74798
2.98383
4.35639
3.84243
6.20453
2.13891
3.31619
3.03403
3.16934
8.02349
6.18912
2.99874
5.17858
7.22594
6.16711
6.73247
7.69711
3.72439
5.53232
2.63433
2.96544
2.13261
3.18000
2.41701
2.56072
2.20601
2.92042
3.04644
2.77012
2.27567
3.56687
2.11165
2.88207
2.85575
3.34309
2.84297
3.14640
2.91590
3.02088
0.38827
8.10418
7.61331
10.57943
8.29281
5.94865
7.69486
7.26320
6.45874
6.20170
7.84683
7.97562
6.84405
6.15387
6.76473
7.69028
7.47190
8.14290
7.26603
4.70847
4.64833
2.59600
3.21293
6.64238
5.55089
3.13383
6.24732
4.03714
7.00749
5.53434
3.67632
3.00127
5.60726
3.84305
6.18803
1.54049
2.39310
4.49151
3.63145
8.43572
7.59461
8.63892
7.27663
8.67448
5.16922
6.36070
5.41146
5.87194
6.44209
2.60660
1.23818
3.28458
2.85828
2.15227
2.62492
4.75609
3.27077
2.71801
1.81692
2.62223
2.47301
3.66857
2.25094
3.01631
2.12053
2.53051
3.16467
4.25158
5.01056
2.79356
4.48338
7.43245
7.26430
7.60070
2.50697
5.69555
2.24818
4.67492
0.74525
0.38160
0.78067
1.44357
1.58618
0.83597
2.00164
1.39909
0.28338
1.08264
7.46557
6.93031
6.68900
6.45418
6.95649
7.41780
6.99116
7.66125
8.40551
7.69493
7.36786
7.01979
7.65859
7.84246
8.41894
8.55321
8.55705
7.88475
8.01223
8.37851
9.66342
4.71790
6.68324
2.10207
9.50488
7.29863
8.23681
6.89676
3.23995
6.85939
3.34505
2.91458
2.27162
2.64569
1.29180
3.15677
3.02841
2.75275
3.43153
1.76534
2.75290
1.63125
3.12074
1.95235
1.27683
1.83141
1.93390
2.39173
2.16697
1.47030
1.09597
1.13151
0.27420
1.54507
0.21824
1.01971
1.11970
1.95584
1.32702
1.10044
1.09277
1.90081
1.34236
2.05322
0.97254
0.97266
1.49017
1.41882
0.99050
1.01586
1.39629
1.90764
0.23292
1.05188
1.15124
1.81102
1.51419
0.63250
1.94712
1.37613
0.97889
1.09098
1.62930
2.01250
2.24017
1.22825
0.83022
2.11386
1.50246
1.87472
6.58896
7.37968
8.11520
7.85401
7.38200
10.03740
8.91807
7.99730
8.37993
7.86116
1.86931
2.00507
1.36912
0.74517
1.72631
0.88498
1.48699
1.52093
2.25013
1.94619
7.75388
7.64015
8.09214
9.14484
9.80040
6.59860
7.19643
6.92724
9.25580
5.90725
4.52607
3.37166
2.77453
8.18370
3.57165
3.39660
5.56359
2.50088
2.65089
2.71824
4.02530
2.52046
3.31061
2.84452
3.32902
2.29537
2.14510
2.73450
2.95384
3.10485
2.59949
3.29165
2.69314
3.86945
3.14569
2.45558
2.44566
3.50780
3.72910
2.76475
1.02930
1.42881
2.04050
1.24119
1.69767
0.94985
2.30813
1.97806
1.40421
1.50959
7.95149
8.79302
6.97730
8.19516
3.19701
5.48122
4.39643
7.66753
8.46275
6.30391
2.22439
2.64335
1.31844
1.92053
2.40505
3.10077
2.86579
3.17783
2.90858
2.01564
1.82843
3.11007
2.22345
2.33002
2.46939
2.04882
1.93330
2.22383
3.01544
1.66981
2.53885
2.71210
2.54335
2.34425
2.13929
1.81689
2.13178
2.09748
2.23007
3.39061
4.48294
3.81253
2.76411
2.99033
4.51650
3.13339
2.75806
2.57225
3.45299
4.46327
0.85170
2.90273
0.79274
1.63483
1.89897
3.02461
2.56089
1.34739
1.63700
1.66742
2.10896
1.16626
0.93715
0.98060
2.67873
2.12868
2.50198
1.82984
1.20406
1.16370
1.95164
2.47915
2.14496
2.83487
3.29354
2.92974
2.43860
1.79980
2.98738
1.32552
0.39616
2.01269
2.13815
2.35149
1.99384
2.14353
1.61451
2.30845
2.84196
2.30690
1.95461
2.15562
1.44612
2.21835
1.05360
0.91429
1.46588
1.34504
1.54253
1.42240
3.73110
3.54922
5.02682
3.59149
3.25807
2.99096
3.99275
4.35316
4.28925
2.11551
1.53253
1.84666
3.14028
2.24911
2.58221
3.17566
2.29541
2.70208
2.75701
0.07478
0.96626
3.07302
2.39050
1.15191
2.07096
1.63564
1.25928
1.85298
2.41587
1.96684
7.74324
4.38120
5.90383
4.50014
5.70020
0.86306
5.08281
8.61883
7.21930
8.47917
1.27836
2.28628
2.12060
3.79775
1.79202
1.19754
2.74077
2.48676
2.80956
1.33124
5.09062
6.17935
5.61378
8.11917
6.74300
6.25059
6.78998
6.49177
7.70869
7.10921
1.56072
2.49342
1.86880
1.73297
1.45914
2.19662
1.53513
2.83849
1.93158
3.72405
2.15179
2.19665
2.46970
3.21476
3.14303
2.21255
2.08387
2.85848
2.23101
3.42156
5.74630
5.80068
6.55603
6.97983
5.98399
5.94813
5.60954
5.82321
4.97901
5.01936
5.21683
3.69724
3.42986
5.20447
3.92218
4.21907
3.11934
2.95778
3.06421
3.69021
2.60082
7.25163
5.80613
1.62663
6.49582
4.99324
0.94763
8.21422
7.42927
6.38893
2.53075
2.03912
1.99819
1.66932
0.85061
1.85266
1.23093
1.79341
1.50468
0.81568
7.02456
8.05061
4.71815
5.17194
6.70860
9.09955
5.47303
4.39186
6.48599
7.57500
3.29455
3.09997
2.59297
2.00396
3.14768
1.79312
3.59613
3.86645
3.70137
2.90283
2.65238
3.09015
3.59304
2.95056
2.04893
2.13018
2.96982
2.87499
3.12841
1.85174
2.28343
2.10475
1.95163
3.50615
2.41452
1.49886
2.21676
1.96901
2.26912
2.15922
1.54919
1.60967
2.41261
1.68934
3.14648
3.10877
3.72530
2.96732
2.72350
3.04638
1.64929
2.11753
0.73299
2.01832
1.41586
2.67435
2.03205
0.73571
1.81450
2.27686
1.69189
1.48587
2.19283
1.93779
1.54523
0.82154
2.10505
1.40178
7.30464
6.36859
7.31080
8.17219
5.30503
6.58809
6.47424
7.72992
8.71251
9.19612
0.53239
0.90383
0.96959
1.30585
0.91031
0.47904
-0.25548
1.57619
0.00864
0.43279
6.96746
5.97526
8.01892
5.62597
5.76169
5.91208
7.04714
6.48620
6.95337
5.56216
1.65695
3.53738
3.13612
3.77728
4.78181
4.40311
3.32905
3.00202
3.30812
2.55069
1.96289
8.41424
8.29656
8.82062
7.49744
7.03684
7.50888
6.99547
7.91632
9.15290
7.90314
2.27242
1.45888
1.77042
2.10194
1.24998
2.21476
2.55216
1.67530
2.53731
1.77674
1.29213
3.07089
1.00672
1.21170
2.71283
0.84251
1.68304
1.11101
0.10388
1.58865
0.92222
0.28537
2.67674
1.29497
1.29111
1.32141
1.41196
1.74986
0.99644
1.32436
1.13408
1.54783
1.70785
2.96353
1.23944
2.16340
2.60765
2.66769
2.73575
1.82662
1.76373
1.73419
2.00121
1.50356
1.79243
1.64525
1.77120
1.32896
1.43985
1.71338
1.85151
2.11643
2.74557
3.48539
2.35430
3.17852
3.19819
3.45326
2.53742
2.74878
1.96274
3.77571
3.35642
5.34959
8.03536
4.19430
6.33508
8.48700
7.35704
6.37839
7.80994
5.72288
5.25695
5.04178
6.08445
5.13652
4.86291
5.53354
6.94454
5.06617
5.60566
6.47296
1.49024
1.26176
0.10656
1.33643
1.47633
1.22708
0.85471
1.24025
1.84234
1.14522
1.39060
1.19330
0.92745
1.94597
1.54154
1.88251
2.60525
2.15206
2.22771
2.16360
2.19999
3.83417
2.21181
3.51797
4.27055
3.98843
4.05032
3.27628
3.89951
3.26578
7.30553
6.25454
6.22655
6.90424
6.99944
7.86038
9.45499
7.81777
7.84188
8.02955
2.71228
1.28980
2.80828
3.35195
2.73821
3.06573
2.87532
1.27819
3.41977
3.24171
2.38927
2.27437
3.49642
4.41884
3.68796
2.77308
3.59811
3.37807
3.50942
4.55363
3.48971
3.57290
3.12702
2.51357
3.02333
3.11527
2.14824
1.98674
2.83399
3.21926
2.56591
2.14837
3.07741
3.35115
2.23741
2.23777
3.37919
2.00165
3.33386
2.69222
3.92302
3.14726
2.04381
2.31733
2.07929
3.24127
2.01818
3.51682
3.70619
2.91146
2.62622
3.17239
0.37001
3.52274
3.24284
2.03897
1.82468
1.81131
2.52964
2.60939
2.35255
2.29172
0.94932
0.50050
1.66033
0.89071
1.05657
1.47141
0.75787
2.11322
1.47802
0.54707
0.61388
1.65730
0.52550
1.37304
0.74865
1.53906
0.95770
0.76643
7.18356
7.77012
7.17341
7.78524
6.43298
6.78360
6.29291
7.37995
9.26227
6.77058
7.40684
7.99741
7.08578
7.50076
9.14320
7.91141
7.34476
6.19125
7.22334
7.14322
5.58788
7.48784
2.56960
5.81232
3.77915
4.42361
5.86769
5.37062
3.64121
7.17086
1.68549
1.32098
1.60361
0.93867
0.77300
1.05228
1.70766
1.07915
1.34466
0.39728
1.96374
2.38771
1.34824
2.55191
2.28700
2.15693
2.05054
2.08060
2.27059
2.96858
3.19896
2.36039
2.41019
2.69802
2.67025
2.92234
3.10293
2.90787
1.00812
0.37683
1.14329
0.94888
1.25429
1.14206
1.21719
1.33501
1.28103
1.23098
2.26135
2.77136
5.56006
6.65493
6.26281
5.67384
6.04259
6.27205
6.13261
6.21414
7.14978
9.39028
2.28152
1.97337
1.92805
2.04593
2.06816
2.25599
1.87633
1.73353
2.20026
2.36297
1.41638
1.74487
2.83478
2.07622
2.02976
1.10380
2.18771
2.54779
3.50050
2.12750
1.67482
2.18491
2.44570
1.33872
2.14271
2.20263
1.99476
1.12376
2.01028
2.16235
1.06121
1.32735
0.45077
0.63757
0.24647
0.71245
0.97530
0.98547
0.04348
0.69525
2.14181
2.96752
3.76667
4.20286
3.21234
2.29034
2.54224
3.20767
3.22685
3.84882
6.80295
4.58503
5.76313
2.25742
6.10176
7.65632
8.22576
6.63369
9.58465
9.33507
7.52950
6.17975
7.78950
8.89704
8.22214
8.52438
8.18228
8.03924
9.28787
6.37850
2.81011
1.96630
2.04820
2.01342
2.75673
2.84451
1.79382
3.07704
2.22942
2.99895
2.74802
3.12570
1.80539
1.52331
2.84783
2.73852
2.62254
3.44947
2.83889
3.74963
4.53781
8.86924
9.66220
7.80804
6.73436
7.78052
9.34732
8.99475
9.77608
7.23776
1.09302
1.21237
1.21181
1.13106
0.66104
1.07210
1.04449
2.10180
0.90469
1.47252
0.63690
1.45588
0.65986
1.17741
0.98135
1.23872
1.27011
1.66833
1.68504
1.31496
2.17697
2.78607
2.11084
1.38512
1.12588
2.83786
2.43823
1.24444
1.62386
2.46428
1.66299
2.76412
2.89554
1.60139
3.01747
2.11256
0.85985
1.42683
1.84422
2.71581
1.87310
2.47626
2.16730
3.38380
3.76884
4.15984
2.08785
3.50121
5.22513
3.10400
8.76878
6.47780
8.08750
7.67199
8.27514
4.61708
8.38376
3.81067
7.19931
6.17021
3.16880
3.19981
2.42229
2.08414
2.39721
3.00599
1.77347
2.33994
2.29248
3.40308
2.60529
2.65220
2.90875
2.53157
3.48901
4.03629
1.39962
3.07581
2.62207
3.36378
-0.86800
-2.72200
-2.89500
-3.58800
-3.17600
-4.20800
-0.26000
-0.89100
-2.80500
-3.16900
-2.79700
-0.55500
-2.01000
-3.48300
-1.32700
-0.63300
-0.97000
-2.12900
-3.00300
-2.66800
-3.35800
-1.45500
-4.35800
-0.94500
-1.56700
-1.76100
-3.42100
-3.57600
-3.49900
-3.26900
-1.74600
-2.80200
-1.79900
-4.85500
-1.45800
-4.94500
-3.56900
-2.26700
-3.52000
-5.61500
-3.56100
-0.88600
-0.47300
-2.43100
-4.35700
-3.48800
-0.50600
-3.59600
-2.89700
-3.40800
-4.55800
-2.99000
-3.04200
-1.38700
-1.34900
-4.36000
-1.32400
-2.38300
-1.76100
-2.35200
-1.62000
-1.50000
-0.31300
-0.65700
-3.18800
-3.90900
-4.28800
-4.17200
-2.72200
-1.39200
-3.57000
-5.00700
-0.91300
-2.31400
-2.57800
-2.84700
-2.30300
-1.06100
-0.77000
-0.47700
-2.29000
-2.98400
-1.38700
-1.99800
0.44000
-0.49900
-1.72000
-0.44400
-0.41300
-2.08700
-2.76800
-1.31800
-0.50300
-1.61000
-0.84900
-0.91000
-1.42900
-3.17700
-0.82600
-4.56200
-1.02800
-2.83700
-3.88000
-3.66800
-4.11500
-2.16000
-3.99700
-2.79700
-3.18900
-2.02100
-3.24200
-1.66100
-2.71400
0.25100
-3.23800
-3.07300
-2.64000
-1.36100
-2.92500
-1.18100
-2.79600
-0.20900
0.18700
-1.58500
-2.12900
-2.13800
-1.47800
-3.38800
-1.86300
-3.23600
-2.04300
-3.35900
-3.11300
-4.52800
-1.08100
-3.08700
-3.93000
-3.54400
-0.68000
-2.20000
-2.96700
-2.47400
-2.87800
-3.74400
-1.43200
-0.78600
-1.12300
-3.49800
-1.94600
-0.60800
-0.21700
-1.45100
-2.91500
-2.56500
-3.56600
-3.85700
-1.11400
-3.00400
-2.87800
-1.07100
-1.82300
-4.37400
-4.72400
-3.31000
-4.44400
-2.21400
-3.01000
-3.60300
-2.00200
-0.05700
-3.18100
-2.58000
-2.16500
-2.73100
-1.87200
-2.65400
-2.35200
-2.95000
-0.08500
-2.43900
-2.02900
-3.09100
-2.55400
-1.80000
-3.93400
-3.06900
-1.71300
-3.00400
0.37900
-3.90700
-0.25900
-2.21100
-2.58300
0.23400
-3.00900
-2.79500
-2.42700
-0.04100
-5.87600
-5.47400
-7.35100
-3.04800
-4.66000
-5.38900
-4.75100
-2.96400
-1.43400
-0.67300
-1.59200
-3.48900
-3.18400
-4.42900
-2.26100
-3.11100
-1.59200
-4.46400
-1.38000
-3.89700
-0.11200
-3.08600
-2.22000
-4.14700
-3.08500
-1.71900
-3.17600
-2.89000
-1.67900
-1.57800
-1.47300
-2.34400
-2.60200
-2.89700
-3.01100
-0.26400
-2.98000
-3.07000
0.35400
-0.65000
-2.35500
-2.93600
-1.99900
-2.36200
-1.87600
-0.71300
-2.49900
-0.71900
-1.30700
-0.57700
-1.86500
-1.32000
-0.92200
-1.51700
-1.91900
-1.32700
-1.65500
-0.50900
-1.48000
-1.08700
-1.22800
-1.50900
-2.10400
-2.39800
-1.55500
-0.30300
0.15100
-1.94800
-2.26100
-0.54000
-2.51000
-2.30000
-1.62100
-1.12800
-0.52700
-2.11400
-1.42300
-2.10500
-2.41400
-1.87600
-5.68900
-3.68100
-5.13100
-4.20700
-5.22000
-5.75900
-4.15200
-6.10600
-1.54900
-5.23600
-2.14400
0.01800
-0.83900
-3.00200
-2.15800
-4.09900
-2.11600
-2.14400
-3.64700
-4.05900
-2.12600
-4.06300
-3.79500
-2.78500
-1.34300
-2.60800
-3.77700
-1.47400
-2.25200
-4.41600
-0.20800
-1.35700
0.02100
-3.55400
-3.42700
-1.30800
-2.87300
-3.00800
-3.03100
-3.14600
-0.12100
-2.70600
-1.51300
-3.69100
-3.34800
0.63854
-3.32000
-3.91700
-2.10700
-0.20700
-1.93000
-1.78200
-2.22500
-0.38500
-2.32000
-1.31900
0.41000
-2.24200
-2.29000
-2.16500
-2.99500
-2.57100
-5.01700
-2.34600
-4.15500
-3.38500
-4.41000
-6.05900
-4.22100
-4.46000
-2.82600
-3.22000
0.26900
-3.09900
-2.88300
-0.27300
-0.70100
-0.02900
-3.51900
-3.60600
-3.05700
-4.46800
0.49000
-4.48700
-4.15800
-0.90600
-3.58500
-2.26800
-2.86100
-1.34900
-2.61800
-0.68400
-2.98000
-1.91000
-0.11700
-2.48700
-3.28400
-2.60500
-3.24000
-3.23500
-1.12200
-1.53700
-1.15300
-0.19500
-1.49000
-1.48500
-0.08800
-0.80800
-1.58600
-1.70000
-2.70300
-3.21600
-3.74200
-4.39100
-2.51000
-3.77800
-4.03100
-3.84000
-1.79000
-0.90700
-1.92100
-1.28400
-3.39600
-2.88400
-3.51400
-0.98500
-2.57200
-2.93500
0.43542
-2.81200
-1.58900
-1.34000
-2.19500
-2.32800
-2.34300
-0.65200
-2.02800
-3.34200
-2.32600
0.40100
-1.91400
-1.76500
-0.64100
-2.81000
-0.30400
-3.84700
-3.06800
-2.96900
-2.19800
-1.91000
-3.05700
-0.68800
-2.95600
-2.16000
-3.38600
-3.11100
-1.51300
-0.38800
-3.79500
-2.37500
0.88069
-2.51100
-1.22000
0.04500
-0.96300
-0.35600
0.34506
-2.89500
-2.50200
-0.58300
-3.54300
-2.50300
-1.93200
-2.87200
-3.82600
-3.21200
-4.03600
-4.46200
-3.72100
0.06000
-2.86400
-5.14000
-5.44400
-2.68700
-4.95200
-5.37900
-2.18900
-7.51300
-6.42200
-3.75700
-3.79700
-1.57300
-4.33200
-4.55800
-3.44800
-1.93900
-4.13800
-2.92000
-5.84000
-3.43600
-1.68100
-0.80100
-3.44500
-1.72900
-0.12400
-3.78600
-0.10700
-3.45900
-2.96800
-2.31000
-1.45700
-0.18400
-2.81400
-3.76500
-3.21500
-0.86300
-3.71400
-2.27100
-3.02600
-1.20300
-5.32800
-2.90900
-3.91600
-3.90600
-3.59200
-4.34800
-4.13600
-4.16600
-5.47600
-0.09600
-2.60600
-4.23800
-1.53900
-3.22900
-1.84300
-2.65100
-3.68200
-2.94500
-0.62700
-1.28500
-1.21600
-2.82400
-0.89800
-2.22300
-2.17400
-3.15800
-0.86400
-3.03300
-0.86600
-2.77800
-3.67000
-0.95000
0.23800
-3.04300
-3.29800
-3.78300
-2.51200
-3.64200
-2.64600
-2.27300
-2.65200
-1.25800
-2.12500
-2.89600
-1.43800
-1.36000
-2.42200
-1.51900
-3.26600
-5.05400
-4.19400
-5.42200
-6.12800
-5.62100
-4.56300
-1.40200
-0.78100
-3.50400
-4.69000
-3.52300
-5.45400
-1.63700
-4.80400
-5.63000
-2.26300
-7.23100
-4.07800
-5.29100
-2.23700
-0.16100
-4.53000
0.18200
-3.52700
-1.02100
-1.67100
-2.95200
-0.02900
-1.11300
-2.32500
-1.48400
0.30300
-0.28400
-2.02900
-0.45200
0.42000
-0.34500
-2.29500
-2.28700
0.97294
-2.25700
-1.28300
0.41200
-3.15300
-0.10500
-1.51500
-2.78300
-2.66700
-2.90000
-0.82100
-1.08600
-2.38600
-1.11200
-2.60700
-2.42000
-0.87600
-1.95700
-0.52900
-2.85000
-1.09600
-2.85500
-2.27400
-3.41700
-2.49100
-2.64500
-2.97500
-1.18200
-0.79000
-1.99200
-2.35000
-0.18800
-3.15000
-1.98400
-1.72700
-1.96500
-2.96800
-1.46200
-1.29500
-2.58400
-2.38200
-1.66400
-2.19000
-1.61500
-1.84500
-0.08600
-2.80100
-0.85400
-2.40600
-1.51200
-5.31000
-5.27300
-5.32500
-7.29300
-2.90400
-1.44800
-4.36200
-5.92700
-5.56800
-6.16000
-1.05800
-3.53000
-1.67900
-3.29300
-3.51700
-2.93800
-2.17500
-0.94600
-3.71500
-1.71700
-3.33900
-4.62700
-3.24600
-3.12800
-0.28700
-1.98200
-2.14000
-3.93800
-4.35500
-3.25600
-2.58100
-0.73100
-2.66000
-2.58000
-2.47200
-2.11900
-2.89400
-2.64500
-2.78800
-3.51400
-1.73500
-1.01600
-1.29700
-0.21400
-2.76200
-0.55700
-2.09200
-1.08100
-0.58100
-2.17100
-2.30700
-2.58900
-2.00400
-3.71900
-2.40400
-3.04400
-1.65000
-1.33400
-3.44500
-3.81300
-2.41400
-1.21000
-2.95400
-1.30900
-1.69100
-0.08900
-2.03600
-1.82000
-2.81300
-2.76800
-2.78700
-3.36100
-3.82700
-1.19600
-3.98400
-2.89800
-0.50400
-3.58000
-1.86600
-1.02700
-1.47700
-1.83200
-2.92100
-2.67700
-0.59500
0.31800
-0.30700
-0.42100
-2.44900
-1.95400
-0.76300
-0.19600
-2.69400
-1.65700
0.36500
-1.16900
-1.90100
-1.57500
-1.61900
-3.10700
-0.79000
-0.62200
-1.22400
-1.47100
-1.31100
-1.49700
-1.01500
-1.17300
-0.81700
-0.89100
-0.89600
-1.60000
-2.27800
-0.11700
-2.81900
-2.47300
-0.36800
-1.72200
-1.96500
-2.73800
-2.47700
-0.31000
-2.23700
-1.09000
-1.62300
-0.22400
-1.88900
-0.19900
-3.09100
-1.96000
-3.21800
-2.08800
-1.03500
-1.89700
-0.31400
-2.28300
-1.27200
-2.06800
-2.40800
-2.66000
0.30700
-3.71000
0.32600
-1.66500
1.11387
-2.64200
-0.09700
-1.64400
-3.09000
-2.64400
-2.10400
-1.56400
-2.66300
0.07800
-1.52400
0.29500
0.67873
-2.23500
-3.11000
-3.11800
0.38155
-0.95800
-0.73900
-0.38500
-1.23600
-2.13700
-0.58100
-0.46700
-1.15300
-1.24300
-2.81600
-2.71200
-0.98500
-1.11900
-1.60400
-1.72000
-3.55100
-3.41700
-2.32200
-1.45900
-1.25300
-0.86700
-1.96400
-2.56600
-2.13200
-1.87300
-0.56600
-0.93900
-0.14300
-1.56300
-2.48400
-0.08100
-1.70700
-1.61100
-1.10600
-1.98500
-0.30300
-1.57700
-2.38000
-2.24800
-2.44500
-2.15000
-2.10700
-1.65100
-3.06700
-0.90200
-3.84800
-3.84200
-3.29100
-3.61500
-3.81300
-1.50900
-3.51100
-2.40500
-0.06200
-2.88400
0.36847
-2.45900
-1.67700
-2.49900
-4.40800
-6.61300
-5.37300
-4.57900
-5.34700
-4.54200
-2.98100
-0.83800
-2.67700
-5.37700
-0.73400
-1.12800
-2.95500
-1.63400
-2.05500
-1.97200
-0.78300
-2.79700
-1.00000
-1.44400
-3.22300
-3.02600
-2.75400
-3.28000
-0.70500
-1.87000
-1.53500
-2.98000
-1.44900
-2.00600
-3.58700
-5.91900
-2.23500
-1.91000
-2.30300
-4.34900
-4.16600
-5.08900
-4.88200
-3.33300
-2.95200
-1.96000
-1.92200
-2.68400
0.20300
-2.66500
-1.92400
-2.20500
-0.50900
-2.04500
-1.78600
-2.16200
-2.60600
-4.38600
-4.48000
-1.84400
-4.77400
-3.97200
-4.14800
-4.43200
-2.59100
-0.88100
-1.58500
-2.18800
-2.68700
-2.53000
-2.47900
-3.15200
-3.66900
-3.53300
-3.86200
-1.16900
-3.12100
-4.20500
-0.70400
-1.09800
-0.22400
-0.28300
-1.83200
-3.04600
-0.18800
-1.37500
-2.29300
-2.41200
-2.32700
-2.02000
-0.20600
-2.66100
-2.44100
-0.11300
-3.24900
-1.78700
-1.37900
-1.06100
-1.83900
-2.11300
-1.28100
-1.68500
-0.68600
-1.64000
0.61100
-2.35300
-2.57400
-3.47100
-1.10600
-3.95100
-3.52100
-3.37700
-0.92300
-0.74000
-1.90300
-3.53700
-4.11600
0.42800
-3.83800
-3.14500
-2.44600
-4.07500
-0.77600
-0.14500
-1.43600
-1.92700
-2.40000
-3.17800
-0.75100
-2.05500
-1.82800
-3.23700
-2.48100
-3.15400
-1.44700
-2.39900
-2.07200
-1.39100
-2.34700
-2.18100
-2.54800
-0.35200
0.14900
-4.25300
-0.86500
-2.69200
-4.56300
-3.66400
-3.91600
-4.21100
-4.21700
-1.78200
-1.96900
-2.66500
-2.40500
-0.36800
-1.24000
-3.01500
-3.40000
-2.78600
-2.31900
-2.83200
-3.64500
-5.48100
-1.60600
-3.74700
-4.56200
-4.46600
-5.00100
-5.42900
-3.64700
-5.69400
-3.23500
-1.28300
-2.52400
-3.31300
-1.27700
-3.59400
-3.39100
-2.23100
-2.10500
-2.45600
-1.60800
-5.06300
-4.83600
-1.61400
-4.25000
-3.61400
-5.93100
-3.92600
-3.10100
-3.67200
-4.03100
-2.51700
-1.35800
-1.86300
-2.20400
-0.40400
-2.65700
-2.28000
-2.11000
-2.60500
-1.66000
-1.90500
-2.36300
-2.87100
-2.86500
-2.14400
-3.11500
-0.63200
-3.33400
-2.83000
-1.54800
-2.30800
-1.19300
-2.54300
-2.09500
-3.00500
-2.39800
-1.40300
-1.77600
-1.07900
-2.66900
-2.57000
-3.26900
-2.88500
-0.99600
-1.73400
-2.89800
-2.29100
-0.37500
-0.16300
-1.31700
-2.49900
-2.51600
-1.64900
-0.80800
0.29900
-2.52000
-2.41400
-3.25700
-1.37100
-2.61000
-2.25700
-3.21200
-3.36300
-2.61900
-2.50800
-2.96800
-1.27400
-2.32200
-1.99400
-3.64500
-2.42200
-2.68400
-2.77100
-4.08900
-4.19600
-1.52600
-2.66200
-4.15600
-3.45000
-4.53600
-2.06600
-3.13000
-3.01500
-2.91600
-4.03600
-4.18700
-5.32900
-4.32000
-1.34100
-3.24500
-4.15600
-3.31600
-3.42100
-2.05500
-3.32000
-2.18500
-0.19800
-2.63200
-3.45400
-2.13500
-1.85300
-2.83000
-2.52100
-3.45900
-2.51000
-0.89800
-3.27200
-3.25200
-0.26600
-2.90100
-3.19400
-0.59700
-2.95600
-3.64700
-1.79400
-1.05600
-1.67400
-2.08200
-2.42100
-0.03400
-2.10200
-1.74500
-3.89300
-4.04700
-4.44800
-2.24400
-1.45600
-3.94800
-1.20800
-4.96800
-1.61200
-5.56300
-1.49600
-1.88000
-2.37300
-1.47800
-1.26200
-2.51400
-1.98600
-1.27600
-2.52100
0.02200
-1.10300
-1.27200
-3.25800
-0.55600
-1.86000
-2.05200
-2.01100
-1.55800
-0.64600
-1.94300
-2.31200
-1.75700
-2.16500
-3.16400
-0.62300
-1.42600
-2.35600
-3.69700
-3.07700
-2.83300
-3.56400
0.52700
-2.14800
-3.97600
-3.72100
-1.76600
-0.86900
-3.46400
-4.20700
-3.92200
-0.33700
-0.42300
-3.73400
-4.04400
-3.25500
-0.71300
-4.04100
-3.14600
-2.63800
-1.17500
-2.99900
-3.95300
-3.89800
-4.01100
0.14100
-3.48500
-2.91100
-4.94800
-0.87800
-4.07100
-2.70100
-3.16800
-2.87400
-1.58300
-1.27100
-2.37000
-2.31300
-2.45800
-3.32700
-0.89000
-1.14200
-1.96000
-2.25900
0.17900
-2.10300
-2.66300
-2.09300
-1.57600
-1.38300
-2.27300
-3.72500
-5.01300
-2.92900
-3.00300
-3.52300
-5.04900
-3.33900
-3.66900
-1.11600
-4.26400
-4.96000
-4.61900
-5.14000
-5.74800
-0.87300
-3.72600
-4.62800
-4.82500
-5.66200
-5.40800
-3.59200
-4.08600
-2.43800
-4.09400
-3.60300
-4.07800
-3.78100
-2.56300
-2.62700
-3.66700
-2.28100
-2.96400
-2.31200
-0.13300
-1.45900
-2.02800
-1.71400
-2.02600
-1.74500
-2.83400
-1.01500
-1.87800
-0.53000
-2.77300
-1.25400
-0.62400
-1.43900
-1.04900
-3.24400
-3.37800
-2.28100
-1.41600
-1.95700
-2.13100
-0.04900
-1.84600
-1.98100
-1.48100
-1.62000
-0.87400
-1.98700
-2.30300
-1.73600
-1.46200
-2.90100
-0.61800
-2.52300
-1.31300
-2.73900
-2.29000
-3.37600
-5.12200
-4.81400
-4.53000
-5.64400
-6.21900
-4.30600
-2.63700
-5.00100
-2.15100
-2.00000
-3.17700
-3.06500
-4.02400
-3.83900
-3.15500
-0.97300
-0.78100
0.36800
-2.15900
-2.08700
-1.00400
0.18000
-3.79300
-3.65500
-1.58400
-2.47100
-0.57900
-3.50600
0.34800
-2.21500
-3.52100
-2.76100
-1.34400
-0.53000
-3.52700
-2.48400
-4.08500
-3.89200
-2.93300
-1.22200
-2.24400
-2.23300
-0.73400
-2.43700
-2.23000
-1.48500
-2.65500
-2.44700
-2.99700
-3.08200
-1.74500
-2.29900
-3.18300
-2.56200
-2.28500
-3.01000
-3.22600
-2.27200
-0.44600
-1.53400
-4.02200
-2.67700
-1.10900
-1.19300
-3.52600
-2.92400
-3.43500
-0.08100
-0.47400
-3.87900
-4.89200
-4.60400
-5.71900
-5.39500
-3.93900
-5.08800
-5.56800
-2.28500
-3.78700
-3.53100
-1.24800
-1.39400
-2.47500
0.98717
-1.91300
-2.54200
-2.31400
-1.53000
-1.18000
-0.05900
-2.85000
-2.98000
-2.07300
-3.20100
0.69759
-2.63700
-3.01900
-3.59100
-1.65300
-2.83200
-3.83400
-2.54300
-3.22700
-4.42000
-3.65500
-0.14000
-4.72500
-5.46300
-2.99100
-2.97400
-1.97200
-2.73100
-3.32300
-3.15900
-0.37200
-2.94300
-2.59100
-3.00200
-2.52400
-2.48300
-1.42400
-2.38000
-1.86200
-2.23100
-2.44400
-2.40900
-1.86600
-0.59100
-2.16900
-0.56000
-0.81800
-0.75000
-2.03500
-2.47300
-2.38300
-2.49300
-1.90400
-1.10600
-1.32500
-3.12200
-2.45200
0.33800
-2.11500
-0.39100
-1.59400
-3.28600
-2.05000
-3.46300
-4.28800
-2.91300
-3.01200
-1.21600
-2.43300
-1.99500
-2.15700
0.69700
0.34700
-2.32900
-2.64500
-2.57300
-4.11200
-4.93000
0.79706
-2.04400
-3.39700
-0.62400
-3.40700
-3.98300
-1.56600
0.63500
-4.11000
-2.24500
-3.32800
-0.82900
-3.93400
-4.51600
-3.56500
-2.89400
-3.68000
-2.53500
-0.25300
-3.60800
-3.69200
-3.74500
0.70481
-1.22100
0.01300
-3.08300
0.01200
